-1173.320539580828
-1233.6509632546731
-1499.1183031534745
-1215.5706582753483
-1040.3402327883628
-507.41825246328176
-273.2237268888628
-644.926795322173
-514.3599037921434
-130.9591679976859
-370.13900354042715
-262.4544737212077
-6.503369609392693
-243.60709035676499
-125.44369782707595
-5.434253409135981
-137.99203204622594
-363.39027398148363
-275.4455384351517
-374.9643286793748
-135.5071651977662
-120.5607953246186
-125.84368183763398
-351.8020765353294
-277.6230705853838
-239.7829687273991
-137.3154977442286
-129.4091468042009
-127.41191775755965
-13.020942617005609
-137.5547829038773
-140.32284855699405
-14.302137815430488
-133.2026228193715
-122.48183578501305
-138.03555241457505
-135.41876870053056
-123.85886546069892
-128.27488926179984
-273.3804769805792
-4.872959494789841
-125.19381017211605
-117.71260980664673
-239.7787392630964
-125.02522255389138
-264.58783133169675
-259.75269397528444
-137.63913362001134
-122.01139962961797
-129.5872876538259
-226.78780237720602
-266.6742396363686
-128.4393377902156
-0.7648502390052134
-366.0897793168031
-133.67296791417075
-132.3727314987095
-123.42682401741823
-134.0388023069715
-133.06674152966
-284.5345235070628
-130.6288751268649
-122.58481091884049
-249.9576434193313
-132.40029365367266
-378.0088758646607
-11.663166454215258
-134.0829770640354
-132.23927047889188
-368.6648529224937
-127.51336109579397
-368.61251151014596
-260.62468867995307
-136.0536875941575
-130.87194093116634
-138.82380920311337
-291.5528508393634
-240.1602910151062
-3.140363038011069
-361.2993396681434
-14.352148738897554
-128.47781562609202
-137.39378758162152
-132.20732324356666
-134.55380953509263
-120.73906693324572
-5.570445910324009
-1.1075148318075276
-245.8574340165617
-285.77918944077186
-139.7972442481786
-377.6185817442469
-118.28921991273715
-123.97447823906512
-258.0622365863122
-132.13682901001442
-248.42740654293584
-132.0490680240607
-134.35321722248796
-4.150086999709804
-121.1830784130312
-265.4347222029351
-261.1242851853187
-232.11773690297343
-130.41522442818993
-132.53803590767885
-141.82272635109348
-133.5920535866033
-918.791085372767
-368.380601073228
-15.635249658599642
-258.8047894347761
-265.5061169906691
-248.9279378604909
-138.41572602922068
-138.9490650987614
-270.11156262567
-273.8259907008306
-394.12726207107477
-374.0121337464901
-133.62483376356587
-335.2325672509014
-503.8133737297201
-258.829928860619
-280.47375287523874
-297.35098141276745
-144.27803855672394
-133.48479338310463
-253.34665528108695
-271.72944350828
-151.00914695303243
-384.1582474344219
-1445.6438142436448
-395.70931076033656
-147.46882076537202
-138.84200319985217
-22.605513568558568
-265.8338869523043
-150.85507178507225
-140.50532174002504
-377.59276057408033
-267.03867112583885
-138.16418398496978
-145.84667659783628
-144.9464727778489
-148.9276489980226
-152.8582966191706
-152.28534720525525
-144.6346532786247
-140.5498593347203
-144.1817463829511
-266.55782227109046
-14.417685406684424
-244.94323117092068
-337.4785307016397
-2.3544637950532277
-130.48107166445294
-122.58410522506873
-138.28710057919042
-133.99001045951826
-1.054838115756033
-242.91009641957498
-122.59748788860567
-0.36496057916106944
-268.523607532352
-132.70779872371213
-130.24716350961248
-258.54963082437456
-133.9583014410294
-270.28585464967847
-23.703577411749208
-113.99383280540616
-126.86840239678541
-131.74274784661736
-1321.5857808052517
-3.421258188006487
-240.50792232907946
-128.32168343851822
-244.92501224558407
-240.85525365578172
-0.13103624762371163
-394.515447501984
-134.47410349607583
-0.9978746455738712
-335.10126736329255
-6.245307011884504
-125.21350078306598
-3.439861489942863
-130.8944597823872
-263.48253582613916
-135.01300644527524
-269.4909519951734
-260.4105737087409
-126.93021067710235
-253.1629764525363
-242.72701142115926
-124.60614843418632
-255.52422746686463
-359.89477950845804
-126.80160761578486
-132.77332286075742
-256.4754122891054
-126.8638547987813
-263.2209303270484
-123.51126712631064
-126.28889680286682
-126.19724249081936
-360.0348531975602
-121.09285981748302
-244.92186408623547
-1.9007148291766252
-126.46447729491366
-133.38729621854574
-128.86874947669736
-127.75261937656268
-125.24462095144843
-137.51741754988197
-259.18320105971833
-138.0205765497663
-263.8745765088571
-138.1097724788452
-246.5243086637136
-9.681047079232215
-129.42977679471642
-370.95952026285516
-123.62627411147069
-127.57908807604667
-129.4102334718034
-132.3382386861678
-129.95343595580832
-130.33869730391095
-243.11521562770574
-126.50236207940316
-10.869198886882796
-14.885653892724683
-126.2535406014257
-126.95822541452742
-225.12428763033918
-244.19107690128752
-247.4853678772623
-384.07076464249786
-585.5238549671376
-344.6307966327076
-122.8112446252214
-122.50443396761473
-238.8362771534891
-241.46307018070254
-128.36729897696577
-1.9379660431278563
-3.0317444749116547
-2.409440341193107
-121.57277473914937
-129.57054220928242
-131.68506599973108
-114.93369188110563
-117.77570510368308
-236.35275840611203
-252.9866009923264
-123.91880055289319
-241.02981326405106
-127.92165272974731
-126.52977021638442
-238.9029938353624
-341.448572661622
-129.62731634277608
-123.88515084947602
-248.3389182646508
-125.9608926551995
-3.960464328006236
-125.70328036719822
-234.3113210896507
-126.72506649745655
-339.92018874571755
-120.850249760058
-127.61288402145487
-120.757729677609
-123.26132557019994
-226.86644552804012
-248.5635554531062
-122.1876928370419
-600.0739675280429
-6.624715797423379
-127.95864093478109
-128.313255384127
-121.7350608963338
-125.99873354974538
-5.546388672414307
-128.58314738494178
-244.9373767405983
-349.4858131518088
-126.91268851012846
-130.2150856507649
-116.39210440156148
-115.92143066871783
-134.4387789195229
-293.7417482813827
-240.62678811629215
-119.24721379165095
-120.8146845710167
-0.48267314539562245
-118.66508567308983
-134.11045326652027
-135.94421434606798
-138.39231491102203
-361.372182173052
-120.92783796919295
-129.64112677479156
-241.56431675033798
-238.418388093471
-131.27790424332457
-235.5207175547391
-232.91528031949247
-241.03749036720401
-2.8889571226865423
-257.52725835553235
-127.8196969380823
-0.8430284049344353
-126.59124388825381
-119.29373472195847
-3.9251533245480066
-127.73419716081816
-124.10164833094073
-249.49406133818914
-251.71893762082192
-337.7108593031284
-128.83328784022765
-129.46416322033366
-263.9855399240565
-249.12916105684093
-277.2351785298677
-394.64911319071786
-468.35683241160115
-8.636290557741026
-312.4468523802921
-8.162576618989696
-126.16454430755508
-131.354326023096
-8.429157429077238
-132.2735696594058
-118.25623517178715
-132.39252512473723
-128.1525803940323
-5.654095004892901
-140.77529688325117
-17.005507384573445
-132.202621592583
-126.51860488647628
-135.90249382927308
-129.50073611875303
-125.77822543784974
-288.7573806646249
-129.3483641968116
-255.39637100957546
-127.52517988088886
-143.52877193130885
-147.98241422145384
-136.53204856038536
-267.25946392635524
-142.00908218373954
-222.41971229790948
-137.51983972177402
-135.8430447572399
-127.2119576583308
-242.23567966733611
-343.0338915493521
-136.71123298847954
-786.7406852205722
-138.56894386502495
-12.533364868086796
-260.54183874750083
-133.06564648761497
-133.4580360514659
-238.15046796940132
-137.4523800189902
-367.650100222116
-143.15290314569424
-133.05388755134038
-129.59837665640345
-128.2162025787028
-127.6941499880468
-129.8713236735185
-135.7959017926164
-130.05500697460724
-135.56482074969887
-134.09289532234484
-121.22431334565202
-367.03821206367235
-129.95281484855516
-293.35606791631005
-364.8422256986134
-114.48561292946223
-118.47162266863886
-122.65531822826057
-126.23727322491439
-126.1805868988588
-259.98644936334586
-133.38250155783103
-137.4149293645603
-144.01857362614942
-144.6454425038415
-145.09858472510027
-141.64354045385375
-388.549852219824
-242.885340203591
-132.03765384445637
-258.0133055280944
-1491.6606357836718
-257.03623929525764
-125.85922554207649
-256.0608685705008
-130.65755028627453
-116.3381636001966
-245.36273593596619
-3.8307576168105344
-114.97580372151607
-1.2311293375656682
-127.1835601298313
-128.26435811999013
-345.78684794256674
-241.77407396830606
-131.45071935809113
-275.57262475089607
-2.3369063627873485
-139.88868415552463
-0.22740638622136602
-121.4990309534983
-133.52758129351565
-133.36351313161754
-385.27159006436585
-127.72937553116961
-131.77184895823885
-132.23765892942865
-135.15386198242203
-138.93707073592984
-256.55067924929483
-141.59548450738566
-130.4681701805274
-241.75901651430604
-114.08354357809431
-345.5913850674114
-124.4878731150858
-127.06974020619356
-130.10438482495732
-116.92058687332575
-243.11342916874915
-146.31992851298006
-127.67974046100215
-129.16341383521265
-130.65491257351957
-391.6337243928289
-3.3504512713688226
-7.657543643999019
-432.79771297560893
-247.27019679523852
-130.74214112087947
-344.2390829946114
-140.86059703604144
-261.4772620146704
-257.1048547708809
-16.326599450245805
-150.87154336984716
-251.1734092420774
-252.9316822908733
-135.89799041020285
-265.5543491314196
-138.03191725954508
-242.15478672961876
-9.924444337206992
-9.031237370919673
-125.70416525958176
-259.8652208969247
-126.12357694942226
-1.453445084021814
-308.0540659178446
-398.186245529397
-125.08054052845104
-126.93439661720389
-123.12498464826601
-1.906944722062917
-243.77748197007358
-125.41109376550915
-132.55257832929888
-120.61555669095142
-346.82002718607805
-7.299193122702239
-242.61458894961282
-130.17907538059424
-123.82698351547509
-6.796898826724458
-253.28864305201517
-5.506852882981676
-124.51563842968058
-130.78910659591227
-128.1999224495892
-133.345551037652
-396.3582352912794
-261.85664498999296
-130.32499726751067
-137.85152315898995
-9.540928731664334
-127.87737390542182
-367.98680444516714
-10.523963009037772
-263.6970261210374
-245.63230124972188
-234.6924844096434
-136.64773907773795
-124.70140096293005
-257.51393395736727
-137.50870796414864
-131.21050789502897
-138.27833031924263
-14.866556383615723
-142.4660402749895
-294.0871233752224
-16.340759343264956
-144.52666461553306
-380.7333087493231
-131.14939500070125
-131.18201082978874
-134.7778074519904
-116.44476697031351
-130.84211696557088
-129.3102526942201
-127.88071064709582
-336.14182084272727
-131.76113878765844
-125.13525963983965
-121.09194685209454
-2.147363297372519
-127.27278428362766
-231.72963738692548
-117.30452130793526
-278.1216710547448
-126.45088123074261
-115.95463196442904
-117.46425280596367
-3.156267525223041
-132.83117712457684
-127.1357741099813
-119.18771496514212
-115.31186618775551
-3.7454273622712053
-5.278719292001005
-299.1021567350116
-120.324214120755
-118.76515707338567
-1.3410813602206777
-131.67137287276472
-119.82523183582818
-262.8937641342243
-113.27620197551698
-244.90755706871997
-130.22831344574934
-233.5118466977046
-126.85324614465354
-124.78008975476274
-267.5168606565863
-253.55456576993674
-343.87327761922205
-126.47086410126164
-241.46792528214564
-256.26171974364104
-362.1596047747705
-117.00662841883712
-125.35740259460071
-121.21915504070222
-128.0485688935257
-254.9987644364994
-248.5997714133986
-114.97883308195453
-127.30053729313134
-245.66065174988077
-240.95062306507992
-238.32495859843274
-120.01964563575935
-228.45725029546497
-123.73430577384042
-127.95085867769977
-115.52501325800736
-128.28413705072873
-133.36652546993523
-289.11432320214897
-131.86850992900892
-124.7637044502738
-114.6789070370742
-135.66173590661592
-133.42950653179292
-241.61503953163967
-133.3282600816672
-370.4373020053169
-761.7608720233792
-572.1379549702747
-125.90293064547781
-265.09662761428194
-520.3069213383291
-402.00975138527895
-371.35150824093523
-249.85594403441846
-15.681011031093105
-393.57262656986336
-391.8675938797667
-368.67628174792
-114.99791614770565
-129.05049484672904
-124.8918555484373
-1.5748225233098156
-130.45891939868804
-127.3114553218617
-119.99751780124868
-250.9288530015623
-256.18848378240887
-126.81578020385646
-130.90531654153574
-239.03645926256
-128.10551833802987
-127.19773089706408
-125.41198555863168
-271.6917639900593
-124.23241627600942
-16.870854186396304
-254.75382470293673
-255.45108711781563
-3.539208160336949
-374.9463416708095
-228.207779204495
-117.32930580407262
-237.94906036821632
-128.41690906823231
-117.07577940132754
-238.69760387090244
-241.84932754780732
-130.94548176220923
-119.46000332361149
-8.04361987839362
-130.6782566114583
-133.69511774657423
-246.49984196554578
-125.54488752091949
-3.9319463256450025
-248.8313237248643
-128.1415251635847
-128.20773640089863
-121.53377932127573
-128.21920944463074
-393.2181842539688
-128.8174134549318
-246.50890050269672
-120.23025201009708
-131.8404638723646
-265.38187885141264
-130.735833067731
-135.93500631375713
-134.27585039838283
-245.84666161521864
-129.60630911122726
-227.76007046329406
-126.94411452370947
-241.60348893982538
-132.86769602753566
-2.6844871404076778
-128.10711416252008
-241.96805898545597
-136.57213396499225
-133.73560413515102
-241.56917777077237
-249.1221200592257
-132.28882682759246
-121.24849173319532
-240.5297109358285
-259.5708755240412
-129.3080295353448
-357.73819537299033
-130.9217287283259
-128.22446601928036
-127.70124107834383
-237.373615876828
-262.78640573544124
-131.5640898267793
-130.44641077613943
-131.09051477532833
-250.35435166589755
-283.3347884048487
-284.3159374693862
-126.5113658809359
-137.35545789950652
-126.03684581298273
-132.03240713978252
-258.6874002429533
-134.07965702682654
-131.50026748191598
-4.736280670517648
-123.90642140018247
-249.1680000896944
-248.23942441663112
-6.93285961040371
-133.42981086934407
-248.9337205757766
-359.1044319293869
-125.36607894785436
-132.76924309185608
-245.23770104468744
-249.7366314196461
-120.97281247553188
-347.93639387957404
-132.78955105454403
-256.55151359610784
-2.649188155805926
-3.1607772673886125
-125.46485137427443
-131.30027903690407
-131.9084126593547
-1391.6841226870756
-310.5094333180454
-128.3809712428173
-128.69862418752174
-129.2997155236724
-124.53088980368739
-135.59182768883264
-129.30132586919288
-133.59344394157156
-349.6571162784185
-358.1577928572894
-130.36494052127617
-141.20324794208915
-135.44602135044173
-378.5792522257872
-252.05412167845282
-247.21778646079414
-255.3792228327019
-136.86089265024796
-139.44069422050373
-135.9249942216555
-370.31009876311396
-138.71161492565008
-649.0768174970617
-130.56149176017018
-249.79836069666044
-134.4925012399237
-11.320737363366094
-143.02577360046197
-130.1283008142606
-10.02051278842771
-238.4863336865784
-128.6471816252231
-130.08518863653987
-123.2132332581987
-261.7605981172618
-234.27005859182216
-133.22299114600747
-129.95094677468975
-130.2856306841679
-130.45938227019352
-125.47618460082533
-131.26593684860856
-2.8687447428609674
-4.312737355538307
-136.58441094134656
-142.63714296320083
-131.5106375295475
-137.0906104765712
-16.655699838289824
-141.1216608278256
-141.50076143969855
-138.16988764649162
-18.49102645618317
-143.59956100878853
-142.78581540395294
-15.774187613683754
-143.30381228219122
-141.68293720913323
-14.23649368569337
-10.612950957301132
-136.79204114163983
-258.8807367621788
-130.00961103053467
-10.10068304996249
-129.71534505044056
-391.6596881558539
-8.018811398815544
-253.7316360061333
-1493.9199144014394
-137.21101199154467
-251.0338621174944
-9.660106598624472
-5.624432451372429
-132.4132930927233
-249.03348002463972
-123.867618215699
-126.82387349297574
-136.9445512260222
-124.44326974381542
-118.65541931554004
-135.0551056989062
-523.2598244562586
-124.96750935818206
-121.69173562650406
-133.23417013182868
-258.7020741131615
-520.0607053305273
-3.7236315148541723
-134.07397679691206
-8.306993878877554
-135.10219353334884
-131.45966810241202
-242.55778465778155
-244.92590012703027
-252.63490899606697
-247.15888633984585
-305.2305089016367
-129.41994245846237
-379.8728952269288
-259.3959235165487
-129.53126456473439
-7.567105637668977
-394.2305404979256
-132.5776216718291
-136.97808648120485
-10.762485766947966
-125.21822503597105
-117.03912566308276
-8.935311473213762
-133.48731395608908
-240.35231885900254
-136.84462111366088
-372.9013165425084
-130.56985844806053
-133.27972184411215
-130.64634598200396
-7.4559052443133265
-118.0416813526856
-249.55678599893798
-245.13244193600215
-3.4851992657985003
-128.8813859933471
-117.03648116129277
-355.1393032853888
-4.391364893955068
-371.3943282999317
-117.64934212369495
-242.94726984306013
-132.8074801229732
-126.86549391995673
-129.40736092705336
-116.14023315638599
-264.57586068000967
-395.2331446421687
-262.3994642268786
-132.22856892159706
-239.38033524816188
-140.64079132001413
-120.63399646142724
-126.83594137350198
-127.2158992247267
-125.3757654140594
-7.620627810632787
-1.0464401547873263
-348.8022313589686
-2.384934548928982
-127.96319975913867
-267.28025744946115
-134.95073480878563
-247.19111933538997
-129.41458893923422
-252.64198996849188
-17.652695056968437
-129.71210328316428
-130.8933475174894
-135.44964939043615
-136.0257642599208
-8.77295640662147
-129.30174364866022
-242.9540622272902
-128.58592470118901
-265.2898880240638
-257.6549810990756
-132.3985317089054
-1.8447963826472713
-6.319185578684795
-4.220333472202574
-263.17717331415804
-241.11182660841422
-136.69417507476624
-239.17023629149637
-1.0146765038396701
-124.7254923654502
-119.79604537808511
-134.63945944468438
-136.25220001309177
-135.91386787390107
-124.9955436011849
-316.4211422557915
-133.21353786205887
-130.55545411359057
-4.732333232025942
-138.66749384860105
-12.160919665976534
-343.4010911646066
-127.14316430311672
-236.4115134511666
-130.69712457548468
-335.5527798388068
-385.4633802174103
-129.55558899850357
-133.49993646656455
-257.080892656622
-6.203064217036674
-133.35312953904216
-122.37262978331965
-125.81280591700995
-138.80104308121864
-131.98348432811258
-131.44811247153152
-6.795153719990948
-2.104731676460837
-133.79296018946494
-251.5742259960945
-1.2022752625373407
-129.92032419645028
-129.06175120005383
-301.75302777772805
-348.75401826693604
-119.56589861898551
-128.687282609399
-6.8693013714709945
-371.2852998040434
-131.4423943049131
-134.74274020439788
-129.3119085788378
-263.78910901101824
-134.6728329171454
-253.87593176484438
-131.20337843587012
-119.38641236854386
-131.05181369529316
-123.21569600464419
-274.61958692587916
-3.415427575956105
-122.69325138485246
-244.26754396572153
-347.52316658661846
-246.13996097625642
-126.031299027579
-129.524419895983
-117.21158851448808
-260.1452501592213
-131.5714802368068
-356.8293335547953
-2.338649365151691
-6.7479343282810955
-143.4284031495254
-122.7585929061794
-6.981720033481014
-122.12371659978363
-139.45579840096164
-129.3530332033665
-124.20509707267351
-11.393904001032219
-243.4374744822464
-4.1189703959370885
-123.68013528730435
-126.32973882196207
-125.152014609951
-123.68880488451671
-130.84394003083375
-130.4431119931119
-118.07231528429031
-251.6406123390783
-242.5574921240284
-132.072183597082
-127.1822775340158
-124.3162593797912
-127.32223689517416
-409.9357028447196
-122.46708950662108
-792.2087077473591
-119.20872670174917
-133.61921145639897
-7.609744500918883
-127.62739011435288
-131.88327530633606
-4.663380639712939
-134.17318002233677
-339.7658882357258
-263.2730054122321
-122.37768508765622
-119.81129161718388
-131.42059974075661
-129.267633776818
-4.425074277393333
-131.77537146647282
-244.0499121517275
-127.86518554400696
-235.97042976640412
-284.8963067114179
-127.96776098041862
-135.5198250750263
-5.3270162388847435
-132.36370895477137
-131.65338666356664
-131.59862062857613
-133.39036184288412
-335.4058554014954
-132.66155764858132
-355.5667849913051
-126.25578038726381
-8.598803733020567
-125.01304451340722
-137.20103570846072
-135.76460192690215
-135.20626814766058
-134.57028934461187
-5.7161014988763785
-260.39717987842334
-128.19055768723226
-264.5204569425974
-131.99927550306262
-131.19923426912482
-127.91203952297828
-132.64876893711886
-9.665486285813223
-7.215936376227739
-6.281379926611864
-120.64582533431386
-6.718825192888535
-135.59489890692146
-4.243628660291614
-251.06308256264467
-122.90161970601912
-130.8557898853187
-121.95871621756037
-120.23954803643205
-131.18003721273436
-247.72337304511157
-127.71389611225673
-234.0135639246114
-259.42678699777485
-131.23375007480112
-117.1162565331571
-134.56722125455173
-245.97586676067496
-131.49505014367543
-123.15928679468686
-132.57743509968813
-120.10311252563659
-233.17867940851806
-123.0200850648629
-241.62630090088754
-250.2080746809454
-249.30313150146014
-242.4806498376459
-1.213336321352666
-245.91023034117904
-245.60619873956506
-122.87770954611882
-124.93627558495191
-126.2314757858837
-313.83921599848554
-2.074649860618373
-241.57235640162187
-131.1815275652841
-253.17505698904628
-121.6384386971067
-131.4050974984811
-257.7889715522171
-126.27942144673854
-1.9941895543195862
-132.26529262412512
-122.60740877863051
-128.9226042394871
-120.07736619017909
-131.86146000981634
-131.85840225872278
-133.5227827733003
-3.349207137263245
-250.737401522007
-132.6040528072416
-134.14288809843242
-359.42607064041965
-124.40200210443503
-130.25879732115519
-238.38680726538217
-840.4129457349982
-251.91966055820026
-4.858499824715237
-132.20191914405004
-131.58169173614021
-261.7605069816918
-6.866437969480989
-5.357201934562731
-122.975831455238
-131.57178601018458
-2.090191582972176
-9.39753269205255
-2.154339198692346
-5.896414719494533
-137.2681261925356
-116.6403538182782
-126.85805760472716
-370.3084881374942
-126.42948166490771
-123.51409917311678
-246.88356104171555
-133.92700886754503
-246.83596454154957
-253.34527973219065
-9.97481397121963
-136.62039190146066
-128.36028453868786
-116.51186617424364
-131.153270485745
-263.5461572448066
-135.9459614905197
-130.79239999948064
-134.40170010107389
-237.9399158479359
-122.90105107000771
-117.56497435060837
-131.84686540094893
-131.42042398329488
-253.65662967646594
-136.39727849155216
-135.1867179251343
-129.44269365999006
-10.365651639462953
-136.17964360841555
-11.756831913066895
-262.5410087102318
-357.6661025321937
-136.71121684755
-471.7471245532639
-244.34582477304505
-374.91482118319857
-120.23751894405761
-5.005766928175402
-132.23379860852634
-131.34394065670656
-123.74723828281053
-8.493840126206317
-132.8799066273307
-248.34349541734744
-4.13418689231195
-6.306934386149389
-247.9146393491285
-127.40682593996146
-132.14748297836817
-367.6307166350684
-132.27124072684884
-126.83893709290255
-225.9716711501458
-243.1531958853712
-5.68627048377732
-132.67620355615827
-122.26778355346289
-264.11811707094205
-131.55750056061441
-130.61736121402805
-117.21579106402052
-237.46507341519552
-382.910883661049
-125.28846624428279
-128.89258145101783
-382.26876895906224
-127.52486130828224
-238.1183414465878
-135.80899132430145
-129.64242281152966
-118.06869567716207
-253.72023156169905
-507.4335579616575
-140.08547622777786
-133.16592158474688
-253.95156463205743
-379.16740255911265
-10.870233546223421
-135.19387941895437
-259.0989852798574
-139.98996869692616
-130.3436613861769
-135.79571996062987
-135.80577067603684
-128.82072196751682
-8.97455329053622
-137.73790008215195
-231.67966953205737
-8.77231562728763
-264.9764838970556
-14.95272808219408
-516.4516771937327
-241.2399909130259
-120.57750451644294
-1.4305404539169975
-3.0149165751786127
-122.33208780653885
-15.390270280044284
-253.52752864406654
-136.45054710587246
-121.39068541551387
-133.77213596269283
-249.58331752433844
-887.6857791380668
-135.64342621799037
-265.53647429592263
-375.3509408967036
-136.09094836046717
-140.70731207944505
-264.84283889353475
-252.93288986816998
-138.32856078478605
-135.39922374883218
-252.10708815488755
-390.8522357714177
-15.695961542786504
-133.55144821344442
-142.51474931910377
-138.85729956428156
-18.459253870794665
-143.3195334624821
-257.3867124059569
-272.7403334614887
-139.8484623207573
-19.01964307167817
-417.6466618020912
-141.41401821241894
-16.857699674861465
-121.92935188219596
-129.75923461022643
-116.87428534920176
-265.884291066158
-242.10792683374186
-128.85567588980885
-236.17211971137894
-140.24131843317878
-262.75065194393267
-8.72472311491301
-131.78725582940208
-139.7708174219227
-138.99810940811128
-131.16548079827518
-358.56370998374035
-248.07561395355654
-132.85862327372644
-20.844574685663492
-405.1129904707423
-245.68097803436902
-3.2672299359200396
-114.94730508722843
-127.03349541807916
-249.63440614685766
-233.28421759866015
-133.81346932888718
-114.46192951523273
-129.6095360502584
-128.63430995182108
-128.25898524254623
-2.1081678563137105
-127.29070348593376
-122.38448593347356
-237.75592931081871
-397.4014564230775
-129.91595740347927
-126.25685594649924
-4.195133981946152
-259.29414070009835
-248.73832799521398
-124.8964854880782
-120.69836679159185
-7.757457135610887
-9.632470933852384
-250.96242012256522
-122.29838080451378
-134.9150423453647
-268.94916989904647
-251.59184720874458
-134.57845568524746
-136.9815057228833
-10.174812599634663
-245.2704578790073
-247.910795818533
-134.7693810683913
-132.86850520864525
-134.75622723865885
-132.47000563832358
-138.70661787008257
-252.56890350990227
-137.30904062019818
-256.8218206988125
-125.3975328135305
-348.894657474062
-126.13049929707437
-130.1903167463567
-136.9655974823807
-9.95100572815353
-131.06174025425275
-133.6835029984159
-135.55384876196698
-128.1519415533049
-132.43765190382373
-241.73226152549887
-127.56101540667615
-132.73980415129876
-9.787019216955983
-132.50338115917216
-249.73567767491295
-5.756401519328443
-127.61436201994597
-234.63971332186267
-132.87572760508195
-126.04579264616713
-248.10193852306298
-4.567463861992857
-6.495611716944504
-239.52778880276097
-249.38085622116566
-122.69352889006774
-134.67917979010073
-139.82400282972014
-120.31823554880006
-5.262228264378878
-132.10213586927742
-129.70061683081468
-274.969585593331
-5.013186218752777
-270.6684540682403
-139.8728588612472
-121.3247460943041
-243.87090469014262
-368.7596312144805
-117.8434631862301
-127.28254504438776
-245.94263590122688
-4.715392534543332
-230.3639297781609
-138.5011597149465
-133.6634544448068
-139.6628341697498
-136.33239724624374
-140.0793188863667
-10.783432189416464
-244.7470859579232
-132.8456675328474
-248.58681440049378
-132.6189824097795
-130.8057281919438
-132.95758789560782
-116.37265787402256
-116.18675516799304
-3.370793227887681
-132.12305061991665
-237.85823313816888
-125.89760256707376
-249.28300661482402
-2.9171287459021884
-373.064579833467
-2.6510315448143498
-4.194359365540785
-256.75799455791514
-135.1792145242001
-145.24320140549116
-20.55784634135172
-267.0819705655614
-269.2015163652297
-258.36437624482693
-145.3041130209213
-16.901000840982462
-145.66910869707976
-260.78808226930875
-145.63765305818882
-246.27605809622221
-122.2410875678401
-253.60303954352582
-14.810491059795707
-245.95543858628847
-354.0709980637467
-241.5619580961344
-130.42010008572078
-118.42689748341544
-131.22283117977986
-226.21928865351413
-239.2720978682542
-125.53637115216182
-133.11573202227578
-239.39621043175885
-122.96433151121325
-385.7491340170169
-136.5022579013231
-5.08911987892976
-132.15983731011457
-128.8237178991454
-132.86721347011638
-140.2213700347158
-130.7026601811379
-12.296925873232446
-253.4279391176491
-138.50337584486243
-14.291972066916914
-253.6835494594082
-137.86514538041388
-129.41438041288316
-131.58957431079415
-132.8384190022937
-9.85158930636425
-124.37284895648925
-336.78387713296326
-133.5067520516099
-1413.2996074406763
-132.5883850379531
-135.19729199266413
-269.6247155738407
-137.9909497963174
-13.475519532371568
-138.71132673932345
-13.834142412007033
-142.8384744239734
-140.97006113700922
-263.09816145797083
-134.58555844949495
-136.00554890489653
-141.6597869977756
-138.34214315117532
-131.80398995588268
-253.79268238427514
-264.7686855406027
-395.4623131986265
-266.15056077480415
-124.91133603864948
-140.6907483814434
-136.68665195134784
-131.4271653152159
-11.623530615496035
-355.62643566309873
-137.4810275486327
-413.43502586474193
-135.6431799466635
-8.636730743274196
-138.13601976109146
-273.50670301016663
-141.39641325384582
-247.5600077093713
-135.46152904037646
-126.6759896801304
-258.55879328854945
-128.6171824422971
-135.0925596410248
-10.751817870205278
-126.63437144727996
-135.04300839921675
-266.458391220916
-121.81971623633535
-137.7373528018465
-132.4786199228841
-2.222071514525017
-139.87827801661774
-535.4664826886602
-137.51412581288307
-127.22965962519665
-320.456008870241
-267.8169602035767
-141.98431899872696
-307.49994722555346
-9.81221049799602
-135.9851380002417
-247.78417382360402
-253.66565740439097
-124.31884656385319
-126.53677602339792
-121.40764209669165
-120.70943416398786
-133.87783563185906
-239.98739058195423
-129.9719544538304
-130.15417772185958
-122.64026238960285
-287.4608510450711
-145.92408816936825
-19.5379011229364
-399.8048754051375
-147.82134680523467
-134.99182037453062
-133.2575875249321
-391.44991728832343
-16.12401709576891
-136.2274015022898
-130.30848900226266
-251.12274477707118
-261.9378240060521
-147.5485545053107
-143.5037427668652
-142.9014371804405
-144.88895481809263
-253.49075682084865
-263.34388594189187
-268.93039276150085
-146.08715067252527
-134.62841964052757
-322.6610995673839
-23.95417803617893
-137.7420624694951
-150.8590428572662
-139.57506455761492
-139.49960851296055
-150.78131042931676
-147.3050333806937
-24.416400730838532
-154.7848228288616
-148.890660919005
-147.6334417218079
-152.31135087609152
-141.1582956537848
-138.24748592362272
-147.10637843471798
-272.4376540615814
-407.13251953873953
-125.74738483380023
-117.7218929058294
-240.49561918430598
-0.9069920318685603
-126.13329436712095
-129.56983345810733
-128.34810650574582
-144.97446618793097
-136.11395197699238
-123.79142006217214
-251.58121892176612
-252.86806716130238
-237.9161233480671
-280.6001252217224
-142.87969620527684
-129.72268786494635
-12.577230524013245
-135.38822753917233
-125.79042604868947
-246.84926799691962
-232.208098489186
-134.94067994476026
-259.93735950244405
-132.22943613823
-139.6983668220796
-249.31279044127768
-142.31212295115688
-11.574765337198166
-130.1648108170536
-261.60917770312744
-137.28133159834326
-13.339209794123764
-254.66374137190707
-131.42368319677462
-143.68481036385052
-134.2727105057293
-124.71474137252264
-128.1976381874708
-137.3423685095398
-24.427422692490914
-136.66380020161228
-243.6497828022908
-247.9431999547614
-135.85525822759368
-128.0902414507936
-259.5102247390034
-125.21133903845048
-131.39361544774562
-286.9480418157428
-135.06284504464293
-1491.4610166252455
-124.80812292107964
-260.1428844336165
-121.469859655692
-138.87533284831196
-138.67623415862707
-9.530950965017261
-130.3994834740064
-138.12741796892502
-123.84482506048333
-124.38256444799667
-123.38242528244147
-10.63731365432629
-130.66476402234954
-125.13323273389048
-140.7958045527535
-253.00005070123515
-10.29426654815717
-10.706044251315904
-131.08309573293158
-253.0720754184311
-132.57819772913228
-395.8952563655277
-8.698536404227688
-131.34824700549325
-255.2142829521828
-317.1414231888931
-131.17688624324336
-134.3715232617164
-260.5768806529243
-241.51207334630374
-132.5977676325597
-10.759488644489181
-128.51963459950622
-245.7595984848353
-135.6180228920145
-239.17598979492914
-120.17072776667378
-125.34766257616148
-130.232767014993
-260.76689573290827
-132.6447684747122
-232.3357109529525
-251.995639494767
-956.2374981046023
-249.4209208847327
-256.4960735377237
-1202.0578385831298
-254.8778954739431
-244.4692613212357
-235.52709600070162
-240.90993643802682
-122.5291777921373
-125.78153122947934
-1.7322030448575876
-271.5782517722323
-241.20975940154497
-114.90674640076243
-231.74812117091102
-129.5439695358159
-322.05667222331084
-120.35534052787048
-126.6533655377749
-248.0140571978176
-129.24880684203978
-118.89631510642319
-133.25411536373755
-130.7748511810981
-254.1277652923742
-242.21925922248914
-246.985903208917
-127.09348448508597
-236.12442567656635
-252.4422123667634
-253.93000836280774
-225.11588513401185
-127.25747784969029
-249.82025895686746
-136.3646723673019
-135.45498178077568
-3.322763954291362
-3.317259918177052
-131.56765545434118
-135.82952112510006
-130.94274049662022
-266.2849220709033
-3.927596161052061
-133.3621724066751
-129.03584402742123
-117.52032633217203
-261.5297247934752
-908.9720322279426
-130.8185282172674
-220.2288352283154
-131.55498334933966
-1491.0581774959808
-246.67943016746912
-118.44590169215464
-132.59345947114667
-137.9675694097712
-126.85860228639903
-250.94222882223963
-251.35332420182795
-380.28355590601063
-134.2779114715115
-3.049752326137819
-125.78334856617826
-233.79934461022603
-243.4840613295865
-132.35523666083296
-132.29298883998243
-135.6016438492888
-130.19620621623775
-132.92825460514086
-2.6124813401578613
-1.8795871522960819
-133.83711084827783
-243.70889491715727
-127.04485680711613
-268.52488331852777
-248.04069589738978
-248.21747733429098
-364.3883205537668
-130.58806246096972
-128.60331953088084
-3.307934084301747
-129.17729948062993
-897.8366403965942
-375.34672289497576
-6.111652095843219
-4.972039244273269
-935.0655484776902
-118.02019348175615
-135.24737402011928
-133.92166618186417
-250.7640420454451
-245.78705681656152
-379.70295321803195
-118.81850846217789
-261.31876290836766
-1.556662831071029
-136.35720092662515
-332.1809329825984
-349.7709942162026
-919.507623408665
-127.72997108447964
-126.89179573586053
-241.21488079545082
-129.7343661885814
-236.6666337591908
-126.75843394512312
-246.29428197677322
-127.91242660672641
-124.2062917341416
-130.94202622182505
-128.8825032590736
-2.4246939126800524
-129.8255005470167
-250.22448711211888
-1.625852648353534
-128.72043359796515
-132.05895465759707
-116.99062307472929
-123.65979920803723
-129.7517786769897
-125.93671833393748
-131.55339496230891
-1.4864470382367088
-123.13875423058056
-126.0695680032807
-123.36740572794578
-126.65626140025778
-133.09307911548305
-131.81550323027918
-14.894268132631236
-238.42760852211595
-134.74057202699782
-132.70762177730413
-132.60840828968662
-12.019696867966845
-253.2311050187336
-137.24251390807217
-404.1240076869029
-8.554823258859821
-268.71953942553546
-367.6379439170413
-129.71833153880328
-137.77661626120369
-136.1351092327697
-138.10743346709143
-11.055606467313062
-255.26322724492684
-249.5165892732921
-8.913645646788202
-137.86426883643662
-383.95123692463517
-239.85047795246206
-227.9898370163215
-234.29695069741524
-116.20043584923246
-12.488411711355745
-429.64855360333024
-230.1671471122584
-116.45198839076875
-117.44742385513541
-122.4177240500181
-125.09735779003418
-128.82434698049582
-247.21501250785633
-127.29576745786754
-243.47246104215228
-127.29816338995954
-250.0556273636985
-129.25502614651458
-236.76000406219194
-327.06814389151316
-130.47192157209204
-131.08281187518045
-136.4538444046168
-132.70557231155172
-137.71304105456815
-251.84586376393017
-137.89848144575134
-125.17626493164006
-137.08646950483973
-137.41962854368748
-133.24937391989778
-138.4362836134935
-261.86076436681014
-259.49752711360674
-245.9366701071293
-11.978951836753517
-135.28545397931376
-141.60460769659502
-142.41413521933012
-266.3971817422124
-133.76240937909634
-122.12804916586342
-130.94021252906546
-130.82250044460727
-131.07614652425593
-132.97381621678025
-142.9671419783551
-10.081662903902327
-128.30910652257225
-253.3978435291544
-254.10674170554472
-5.12857471812606
-126.39543934578897
-1.9697045110222666
-118.11647781380846
-2.081070857617082
-3.631363500187377
-120.29746034128871
-120.19564805495546
-131.05979336796943
-359.45096047254697
-136.3654433093826
-134.7207101539965
-1.9073477044287561
-125.76711935631758
-238.92575678100127
-248.6141800116276
-131.10181057654097
-126.4640386337244
-234.55101878423847
-355.0037760944114
-116.65690014087635
-122.11021065538081
-132.32178236866423
-2.9837078571552786
-0.3888831094924955
-115.49065110375632
-1.407090260806034
-132.1718913645394
-116.82499455028464
-129.66333132161353
-133.19084122438704
-130.93153757386094
-125.56733167176601
-126.72441421443727
-0.7364078113932969
-139.37024597769175
-127.0737242266131
-127.19234224472747
-1036.8432735957842
-3.6635367335435456
-244.2263050668251
-253.82358795624032
-125.6864948080832
-1.6202805067081139
-258.99157634307267
-1496.223942519355
-389.1309390352693
-274.20910710067955
-284.2026008821359
-125.82796307590105
-1492.7042004305276
-270.85830636038514
-136.27481946282677
-126.10564752030737
-127.6483725245916
-131.01141798855144
-374.9845883743399
-249.9035935960772
-245.94764470848577
-1.9800325320473022
-126.19857519470028
-130.61792025422878
-243.87768614712726
-122.31397222530859
-1491.6757656241416
-123.5770053545299
-130.61165235275544
-392.533888510084
-133.10595062342418
-259.822324973254
-225.89268895464676
-124.33459127849814
-240.6871889962691
-128.97416597046762
-124.4854837526383
-374.8789195368213
-394.686286272475
-249.5280878017158
-130.7156301286446
-115.03350605963178
-1.357878228992511
-116.02650514858458
-228.93230208357627
-121.55848741122288
-125.97929240951481
-251.51394548049464
-251.60695103944076
-125.02814923843493
-120.87670852958888
-125.01610936517602
-127.67021477738616
-122.47812371148633
-235.56423273823583
-245.81706309996844
-126.94310014020104
-122.81465193467643
-130.7133814904611
-122.2351148050563
-126.32165939490417
-246.56271728222265
-362.19450273740426
-120.37569490405647
-128.89824439459838
-228.427826013146
-127.49150154287862
-126.37279618100007
-240.71977055343194
-131.13317498672046
-253.14112258032048
-116.7657169766327
-259.0066127968182
-128.25669393996768
-121.8854440328358
-123.72632669087257
-241.67327772653616
-127.00723352866828
-7.257522760149209
-130.4809220465057
-119.84087597283549
-128.48001863442755
-256.4166607868182
-4.81695735420717
-127.9750701981452
-126.50373298827455
-241.43849373266326
-125.66607138155442
-124.15659600067076
-127.22940330720718
-317.0377611846293
-122.8999290387068
-3.9364844686424596
-130.01719745679054
-258.27566071080304
-130.13125520015984
-241.88839077988646
-233.90336041749126
-269.07937292637666
-123.79669799490348
-134.1269017308667
-241.82576740600175
-2.8000087676543086
-310.3996538271586
-117.750256289267
-244.95168605364785
-248.93998815282617
-6.425773768998169
-255.29702529521057
-129.53799857546272
-235.28132477228587
-116.7578865203238
-134.12244150679706
-244.34229543508528
-250.26791788880516
-138.4432906370859
-2.3022158411765505
-136.3435018443234
-251.0297664532791
-124.53376252017192
-5.808753704058679
-246.03206362803735
-5.216734300605656
-115.9209481088868
-2.143865094051592
-3.3638751584336
-122.14186210795181
-133.81884452492795
-243.26661557246538
-241.2682587507621
-118.20838474435362
-126.97881961944697
-245.3340126728861
-251.98342884928934
-2.375686741876585
-264.75393433308227
-128.10079686220547
-332.6675663539562
-489.4866468484619
-261.22734045381725
-127.56157124883366
-274.74089240462547
-10.799415208723735
-8.948077934192032
-311.44015284813264
-138.54776465069372
-134.40867144809758
-236.84065285712757
-133.80811069130223
-137.28258189149904
-134.5395091138107
-132.98159985428498
-143.12156870477264
-263.5650812835338
-137.68149945017524
-133.75352303986872
-128.7172085882656
-134.59211119449677
-141.7034150385928
-133.99251972094257
-130.66105195151002
-448.8536667743226
-392.31889604178906
-358.3709257825555
-390.61670074543235
-265.15584850577443
-379.4047023449655
-133.04249526409933
-268.64790105160085
-11.752640568177172
-11.052258532978524
-398.60657231480764
-10.297698516541304
-146.96673093245676
-1492.4642319758916
-263.0624787236905
-12.057793521796592
-1045.4888199533414
-916.3463007752023
-13.481293088439198
-911.9880047395848
-126.91070373874206
-917.3650345083228
-922.0120074605768
-128.65950746492086
-1366.0265208362785
-1226.278866736868
-242.94301992840892
-1264.2053761069164
-137.94880074030857
-241.6538162236371
-4.76633595562593
-1252.3120049134502
-114.34656662334984
-130.90546921399365
-1350.229355255606
-132.45594268421766
-1491.4788946161123
-1387.6385959571514
-1441.2421837284626
-241.4604570071191
-134.25234954390413
-125.88218061326353
-125.54754124989464
-6.434644471595042
-1159.4416155913814
-1.3041899468284741
-125.78170191032223
-248.8171592911121
-136.46628869191386
-1117.6960741460373
-6.300773277237953
-132.41166083656623
-117.68832379009973
-366.8221239894238
-119.39120063860324
-130.53436050542422
-138.55066543877547
-259.1072265863037
-133.35995776572685
-134.41530689053502
-253.3304813477226
-132.95760745823827
-390.71441214769874
-649.9404661052927
-154.19569496150154
-664.9445861962026
-156.9717278929711
-20.062001866478493
-262.7371780873666
-143.656200280731
-393.6300942828152
-2.2859602153563756
-379.00600972013126
-257.7879950457299
-124.62655483235831
-129.83240680162217
-1.3227036100163403
-259.89632108006566
-126.46221219915667
-135.60698947390557
-128.93092711228243
-118.05295672766113
-1.5675690968360767
-117.1958613532607
-124.98494373721279
-2.544292113737986
-240.23234974460473
-276.10708533178433
-261.77960848132005
-266.1456895738278
-265.1079828772826
-378.64154106171486
-122.20735348635846
-253.43802506880166
-130.85092565695737
-255.68156060548793
-257.51233165331377
-123.47880229270727
-2.5301173094385363
-116.41084168674008
-130.95999424027846
-258.6656001318651
-132.2874210132223
-136.09914508744126
-261.89802340494583
-6.943660182973007
-130.05590265689727
-5.828205429562616
-7.596231131766272
-265.48881757897146
-126.13902288454078
-262.4139553098704
-121.84402424637726
-140.5222694742422
-261.83258548789104
-134.46031742068854
-132.6299916043458
-263.49073301496543
-249.05472163286143
-123.78168929534122
-129.449538390972
-132.94759139789565
-130.78584479273482
-263.7722710212123
-133.70480459177352
-267.77891694597986
-133.6508076832097
-122.08291891806128
-254.93177796515312
-260.44569594778096
-372.00485508318786
-259.6749585086442
-395.83520579039936
-1.6535396003314866
-1500.8539917558153
-132.0573619011708
-264.8370546087473
-263.616921264285
-14.580278940393063
-133.5908156468986
-17.239220573901854
-137.81048168998447
-357.3226547398745
-136.13825257215862
-137.61271229310174
-145.35003905430435
-141.09976598841834
-142.48983923139795
-14.687424676793189
-144.87232394842707
-137.7675431047883
-132.5404875252857
-1.341751847780922
-242.10437618518228
-247.93967941479207
-122.4260426372048
-243.84026799902293
-2.224454866958207
-2.0799698340263517
-129.70432233572498
-268.4191743818839
-3.0165687388510305
-232.8057439777125
-128.96229087087752
-117.25443247454086
-236.9911095536902
-349.6656557235915
-122.31417502328371
-132.76530024701302
-232.93411906125095
-1.2156420089176716
-291.558153109024
-125.74424298265998
-354.16740941575324
-121.11976029220295
-741.7635401963223
-127.2985400491713
-267.9099933731897
-485.8971261173841
-3.5098126675425796
-127.52053276398644
-267.72422326512265
-266.3644867140934
-233.78028175064438
-128.84655799813515
-127.83010881573374
-363.80394256094587
-127.80849158348504
-138.1162792004485
-132.3899149670321
-129.01022941679932
-115.27216126729763
-245.26830164690284
-1.3066614253030921
-372.3639003215972
-131.79649532458504
-1.2696981759800121
-126.19868398074829
-119.98461613825957
-3.592992870533848
-121.47377189878155
-121.99393390585907
-915.5289569576883
-2.0693222862826866
-237.3618238061634
-130.43894624261443
-125.497071737742
-396.20159191208285
-114.54504955456234
-115.56800200736515
-298.7978750634398
-131.0849299902876
-118.00670949517786
-122.94236113802836
-124.98206651465271
-126.02832408781289
-364.45479353079384
-128.84300946878307
-260.13601621545337
-118.176740299448
-239.56976183225737
-120.24937247458486
-132.3902170099979
-128.69013321903216
-129.16186011093134
-249.8872657015906
-125.67528687873455
-128.71934911775782
-238.26899452509338
-258.0547464521527
-124.41294453822752
-6.597843158056058
-132.2382048445177
-261.0492451053584
-2.9407992380748658
-126.46072574133272
-126.74596402327997
-127.68097452567768
-129.9735436379298
-123.06228923618664
-2.7022397632476296
-132.14887872082542
-121.79662372261313
-128.9315330813797
-126.03605714559113
-239.56453810387276
-233.1980487332087
-124.00414566335154
-239.14030388808777
-326.969255297485
-359.1046960280782
-128.00298142596205
-119.64814559106678
-238.1295419561541
-127.15357204688394
-127.2997536323958
-131.1558572253588
-120.38449028707188
-241.91443114046552
-261.8286132082377
-121.48927578715325
-117.43002491131999
-125.44554704986152
-245.09971296572635
-298.5723395301904
-239.99052294205975
-248.69643788092617
-237.75029898746504
-129.71668452266977
-129.27682498848444
-116.43709169024861
-130.0937680255364
-124.67275209508139
-124.22501526692744
-253.91463430883343
-126.33825123471541
-0.6581620488564035
-238.85293848886255
-250.37526255352248
-1197.0650940774597
-388.73566227079175
-491.06852252647127
-14.29991943772623
-267.9331915946984
-131.7401363620697
-130.05262432360374
-260.3312326300043
-254.63867966210816
-388.9354395218465
-0.36759027195276384
-118.94468265719452
-318.50846950857823
-234.99198730755856
-114.96993294322937
-244.85256367049652
-120.11394134629455
-120.75201407478137
-130.137427771334
-237.71344965472593
-255.98569383125943
-261.3366365716968
-306.8766416412604
-1.5819221595263582
-125.85334895984458
-123.9798799553305
-131.06585807256278
-243.0013989001978
-347.99177891788736
-327.31208331476375
-126.26031006744309
-0.3509276954228267
-373.9699953141411
-126.8347501457927
-128.3013240219592
-123.68356470230069
-252.53851053551534
-132.9714666101561
-250.0712702318081
-376.9808310174695
-146.29043574071963
-262.91043402523206
-244.469996471874
-989.0708529770169
-20.80971802156323
-924.0313272924201
-934.1510488708902
-127.59561473154257
-133.06908414342146
-139.97973007171632
-124.56276501551781
-1073.8458028898795
-126.50714200540979
-258.92369218155807
-253.00128957701662
-15.508934038225782
-11.910226556425023
-136.1807934836293
-240.5843668127252
-138.43530282442728
-137.14429599294448
-1410.0254965994318
-1367.3683740957836
-245.47744747716743
-1361.4974946995062
-1323.6605629851572
-135.7158298093218
-1233.0079413152414
-1332.0281678548056
-18.585143769671525
-1430.7726791558664
-1413.153809643444
-1376.286524810877
-1302.0215986786827
-1020.2747540722606
-132.88594463697953
-1081.424565425706
-15.155667450795734
-27.14640965142007
-667.063994107766
-270.27983492204953
-26.22973827019222
-263.97984818979654
-22.815042396117654
-138.28693956320384
-132.49594037521686
-242.40429176896373
-125.1037331173648
-125.53923850270644
-244.4035637789303
-18.831081548615284
-354.88058844985846
-135.67118692120903
-123.41053198064587
-132.67214761488015
-352.1161492574681
-254.4089278177932
-136.78851317208617
-244.78475306150727
-252.32280006622855
-128.65711892449974
-118.16751057810738
-355.7340766062978
-230.3613207006309
-122.39479636987346
-128.74192084990906
-241.96941520546056
-125.97996156435848
-125.94915921790212
-132.45221864965913
-16.966913575294928
-779.8632895074078
-140.76025120803422
-1491.0269450593742
-267.40142005900503
-528.2190988403645
-259.7915559793783
-255.35416189707746
-399.1079770609287
-136.55377129150057
-140.15449884375994
-19.370422267835792
-135.14032192817865
-140.77726570279802
-14.826306873487555
-403.9305496485491
-135.00561374090492
-139.11140064409625
-128.9578131366044
-136.00377110724608
-137.9783123346441
-13.113771370403057
-143.09163379277766
-127.46978133614596
-141.0947132265543
-346.45806937848926
-136.9162999975832
-278.256637818853
-136.22841211004499
-246.71647512509435
-11.47981942921362
-687.65403888475
-247.5454177101857
-10.29691676181468
-11.06167185032307
-247.4211792379063
-262.36246728218305
-136.44195148835882
-257.5856883777276
-248.1624726044274
-128.02756770677047
-354.69349034218266
-240.95738015576123
-1.2244107331656404
-234.65526603375673
-121.887840842085
-418.16420077916985
-2.3840243920837523
-126.72113292942997
-126.50118432415306
-2.7772015032801916
-125.86434822888566
-135.54945751715655
-239.49115281531974
-1493.939133286222
-128.86340471569437
-307.6509630117184
-127.64312418982736
-135.14072174117652
-351.035677818066
-4.872923254570271
-1493.5406558705859
-135.35460770745067
-401.5532290506365
-259.37216628986556
-133.29152465248646
-134.13330625687883
-135.57490869792704
-136.02035914592835
-1493.7997195980042
-369.0525561446944
-129.48044133961628
-0.5087248694059312
-291.1458028331697
-117.05947268777867
-0.1287787665824591
-385.2467704066167
-374.2457199581119
-0.22885961673000874
-128.28532342719322
-254.38211013908017
-254.27695859276466
-272.083583551536
-126.48264633375253
-4.253107585248899
-135.85422379516132
-132.7001564052946
-139.90126967388497
-379.4339651106092
-1.050345647282466
-132.55458700514808
-129.04145095569444
-236.21830936632603
-258.1206465341664
-119.23155325485513
-2.5141335085946483
-116.2879526127178
-249.1716740902513
-115.63985376314508
-1.5007585025235368
-116.83458972686654
-120.73677925248953
-136.9206539759766
-388.59142769318964
-129.46124548702292
-269.9426137592688
-133.66651107173377
-120.3995170182227
-245.5089907392224
-126.85563912808857
-124.78523400408118
-124.04859469241075
-124.89216446969581
-239.02688838045898
-128.30172887651224
-5.023172883085034
-121.17813069648757
-124.68931806120646
-4.898621004756897
-246.0217468490681
-128.26876039889376
-384.15056406369195
-126.17864721523445
-125.59041332132219
-5.511559044088483
-136.5144560155272
-130.10539507629855
-1493.1070156220153
-130.56914120028878
-132.0979001255626
-133.25914572648497
-410.404810250632
-138.63633518012222
-130.9122613470778
-1495.303784344189
-372.6747575488978
-129.23951297299712
-2.726527367950987
-258.48450547999977
-132.37464328074708
-3.314770337646974
-129.32423429706603
-252.29853374565482
-271.127491799954
-399.71865072460633
-8.202296237130069
-129.44595490470866
-4.9652490138863685
-132.231322500758
-1034.941139816289
-1.2926851803032104
-256.81267355626693
-244.50910584412588
-917.2415451184345
-1.5791963841255037
-245.95921036873273
-128.0082886200407
-138.04472837290797
-122.7443653613251
-119.27305929045603
-268.53543703259135
-2.537577695122671
-121.81385371716925
-125.22718787092484
-127.58651558346641
-270.11667751873455
-125.39800013683266
-123.78281404393887
-241.05234214125196
-134.06525584079412
-279.4459940645424
-251.01309412581932
-136.08486938387585
-134.16399376810605
-124.65472635545235
-134.14039194342695
-131.95980284487047
-131.37692855461495
-256.7677690141509
-15.380657338719866
-1495.854794793431
-137.9886371785755
-128.7167537271464
-135.95517272866635
-127.00572492474096
-133.35941611239863
-363.1890975254797
-138.31497189368386
-137.36786444837216
-15.179322942121233
-134.6015901721366
-133.81913494407715
-132.67825259196624
-127.57712481538323
-4.972200555541805
-7.500694572034969
-361.01607037303336
-1495.078942078036
-140.24412499319408
-11.350533962251085
-137.21644673311167
-257.0419305013335
-13.547423849157601
-137.1651222963961
-245.29205460285547
-240.0138790766631
-125.4354507109034
-127.3238823130511
-324.10989143564706
-3.910225359241875
-124.21580036830672
-131.99916964646354
-1.536682177002144
-126.11295671858767
-119.33950438711514
-235.80289794983983
-121.99177583993527
-130.0082898369991
-247.534897403968
-124.43906680374164
-277.5103278735909
-125.78469750479677
-127.18730410185059
-122.29970474248991
-126.56884522015187
-118.90323200713236
-121.51650107931601
-241.9915729655556
-124.01357553854989
-2.8309658942049287
-239.4785284262831
-258.1612658942567
-374.161970133219
-380.1638079765021
-256.1921288718461
-137.09202175091323
-127.1974206248827
-245.86264715236973
-266.38014643383934
-280.35242737554023
-126.79689935626143
-260.9092917035987
-4.156529357134923
-5.147368255151207
-117.92802401293073
-124.54379530277814
-128.26604201921188
-125.70874036877262
-128.96478098105825
-123.63458156878578
-228.64794672745828
-6.7654223747505915
-128.6266191348551
-249.8840505842241
-349.586029877595
-358.9059059859204
-127.06571176978318
-3.1175555830646884
-127.70067614610302
-236.69595402932077
-131.4197141829863
-126.12832338064268
-308.716401042269
-244.77931996955544
-130.49000270053781
-314.5746606724985
-126.71866905400233
-283.38645199931085
-5.233460334540233
-366.28752958532067
-256.99244077437453
-250.18700193176798
-131.23636127236895
-121.25691921642007
-5.019833246400007
-120.8447175877971
-4.849204839416548
-240.11805059679682
-264.1703494002959
-132.74619246462868
-473.2818242318476
-117.39669940161406
-128.7311232761466
-126.63412969954732
-132.35545839017286
-130.60323904911576
-120.86828840939756
-8.061472092367401
-121.48897675921381
-238.88330567842493
-240.07213964346053
-233.11019922222164
-233.48178971782082
-2.0507155548597984
-247.14507937090545
-130.12898339766147
-400.0382301002341
-272.3597539510542
-363.99524916913174
-140.13653109029195
-135.97687952470054
-353.4325457714811
-135.39610551930792
-130.75107217008386
-345.14069962439856
-367.75309497613205
-240.12525387765635
-257.216642025068
-128.41065061442825
-125.40860994090556
-122.9701665898168
-129.28648378419388
-284.8183809593588
-244.91160990249108
-131.90456055260512
-131.12261217612752
-1.9679943510191904
-123.44588154881114
-136.0916524808677
-134.52915136774246
-136.4106413930674
-361.5348409028137
-246.90460230216058
-1.916255670487787
-125.85097220504352
-3.0894326736980333
-2.765756102741203
-141.3095336954587
-18.33125684254778
-272.07990856972907
-152.083760329826
-129.713559061997
-9.865146050425427
-238.79508988978873
-21.18234597565285
-252.87688509718427
-251.52017683744776
-135.87936443840258
-134.16409308780618
-140.34807123903124
-134.4181091861728
-246.54792919697798
-134.5568228348942
-130.59725145459078
-274.0591727149919
-134.83830068037264
-8.495975587628267
-248.59893815987243
-135.02188550499082
-249.36578845553316
-6.734368947817185
-274.69673635324966
-133.19750451169958
-249.55182445246498
-133.38688906125728
-133.7077632363222
-338.0667841612249
-243.33948618102352
-238.2711277207281
-124.63751229934108
-5.055341060769432
-272.9683428559552
-134.01465104593163
-240.18009669148447
-129.3267821253252
-238.82861134186763
-134.35320925541592
-132.1550226714831
-7.2944082161750705
-130.3422497904963
-8.626715485643075
-274.8391181053948
-134.22929096771307
-126.23958585013425
-128.92064996177425
-372.25025307870646
-131.98915535801743
-365.8227100390568
-329.9682325683916
-330.42778070721107
-8.879940572204
-261.0126669578096
-256.6963357594499
-130.5335476518941
-119.31237123577306
-263.30808631715973
-121.5737290810644
-127.51562305371223
-132.7252206330448
-139.76826745755992
-737.0831557322887
-633.5089784480249
-269.10553399131095
-132.6941818346287
-142.5442257197262
-258.75286390710806
-18.44028304526018
-314.1141131151256
-269.37414618355854
-257.0567320115757
-141.38520153286066
-134.89797952647905
-135.54274460075646
-248.76809296744668
-259.22355043145535
-252.19074932409796
-373.6642402815456
-8.606209412224135
-133.97741636819734
-252.13058308628507
-132.53958755660076
-237.21746761777462
-233.31698117965325
-386.279307695557
-832.1663832541867
-939.8701231518559
-1528.3334470215116
-1368.9320383743745
-1221.2966632759292
-640.5667570231915
-10.98302195932205
-141.62139416952004
-1201.6629557301153
-21.370109615555744
-136.56146962717008
-149.16620355124437
-145.56163701101443
-262.06663278196856
-146.84710123947139
-139.26991740657752
-141.18518325098037
-146.9839694301242
-263.03704946725145
-143.95615249360947
-136.69388706693502
-138.49509866882786
-135.99277307723975
-21.132365634111867
-148.49268564766152
-313.95392220907223
-141.06838853142747
-402.58419039298303
-265.43420059644757
-136.86849243383446
-264.94430732203284
-378.6691163249141
-262.6533236681032
-261.8469496345283
-144.40458846713668
-146.81300087558944
-145.81851978824017
-368.6949336681171
-136.14884759731302
-134.9383050783224
-147.76851506216389
-255.21030106345984
-146.88964217553314
-261.1536159524895
-364.03091179975473
-143.41978851700148
-144.45198625460878
-143.39376455642955
-380.0850809212427
-366.8877207105856
-147.10084496107058
-262.20185560727333
-272.0081238659054
-148.56568797867502
-364.22160402922884
-148.05166331231675
-23.637794764026022
-137.34287719339068
-125.20554962414643
-14.711217274792347
-244.74500175710114
-16.192516504368502
-250.12083422756194
-253.29510546207058
-128.43104692459073
-377.02985929997294
-129.81696330542542
-256.40432535630856
-258.4737471332069
-369.5642228940857
-142.4598874461198
-268.08782590841804
-259.57403701048247
-260.84033720856894
-15.241196662207381
-131.53260845272584
-256.3952872646181
-139.96167469608022
-260.0595249826274
-138.0495665465276
-375.16474259679126
-431.8532209190738
-20.50207552097866
-249.65842815942196
-238.96201230392512
-127.31317540873566
-4.533252954853198
-15.538533229413762
-138.17561629039434
-138.72423403816447
-136.22731060338532
-248.76994421235668
-124.1353792782305
-125.23322004880124
-129.21002760491004
-117.3260801470595
-241.79726210293222
-120.17555603375695
-253.55037713020835
-363.8865181968711
-467.5769407238446
-247.35957370512864
-242.12919039365113
-125.69494513178273
-129.9698980947616
-124.39961586611943
-243.9335191119416
-365.12913245056745
-338.9947291842281
-122.96685023365981
-362.3395075716339
-128.406996742066
-124.05755757260977
-246.20858711452763
-119.18689418232468
-117.66627794356712
-120.75526798484384
-127.20685451847208
-303.59324304271337
-128.579068318041
-315.0849033903202
-256.49597638075977
-126.46040821501694
-380.2445899597325
-119.19048364792337
-128.8096239320256
-121.94948608904384
-127.825823627724
-1.5393667573551297
-118.5223307344165
-966.3788519852598
-126.69603550898007
-129.35164005465617
-238.7767528159313
-119.1292578156749
-131.94900481829555
-130.21872829865322
-258.3606096157787
-1202.8434062333745
-1191.6966300152044
-1196.1002300213959
-116.91479768571172
-1151.5643426907627
-240.0404876512933
-1218.218450815283
-130.73831684369745
-130.73923860724568
-130.67525941716175
-9.165478029353803
-123.95613787008146
-1049.1143622117997
-129.8413626135583
-2.090867886780076
-852.3088581798945
-124.00926277672094
-237.28865648332555
-262.8936685618726
-115.33209370344078
-2.5958710090099633
-307.5910189382983
-129.8123938904877
-114.68885300479207
-129.06128848392993
-128.00701376646472
-257.1286398836725
-257.9407922751621
-260.3821123997512
-503.41706875165346
-121.07184291999504
-354.1314500938659
-123.7161223812015
-377.2794925458759
-10.230511381009931
-133.57693713444206
-133.45907775158187
-380.122652239947
-12.518752618389048
-259.48622007824497
-263.5787498454801
-135.87550465944113
-10.91087403446118
-11.563966638791532
-134.31413442042367
-122.98415307414189
-7.346176919353316
-246.25867117023634
-132.59487107797457
-130.69208067108408
-246.29301818119689
-127.72185281624458
-132.68609149144964
-129.4931127031313
-119.6303180734969
-360.76854993169655
-9.04974484549674
-353.9279083638074
-133.22627310564928
-127.65349393947012
-122.63314956580832
-331.4975613436291
-264.3418314674314
-131.63559971401253
-133.20962671135408
-265.3205170711783
-123.06151644105331
-129.00630560576636
-256.9045400207705
-129.81207881283612
-131.001469691871
-374.1687793571033
-241.49393547317368
-132.64379804709927
-10.972255753339008
-266.95631703619154
-246.81666109369792
-249.24179538829688
-249.94861610145546
-246.91272869954255
-244.1318116100683
-248.26297268335563
-127.71270370816677
-5.22494074212025
-244.5526775604497
-134.46410041388393
-120.13209735629724
-130.7458912744735
-125.90992448607832
-132.60693563711322
-9.752872550660378
-238.67644060362915
-252.45501552359082
-134.2452337874587
-136.07332065121847
-126.79326320186867
-10.660734444538646
-250.83832665215687
-135.17355822369393
-135.01531369947122
-248.5479566066633
-135.44119381880617
-243.79335464521515
-138.84069698220674
-238.9824638431775
-137.72607256492273
-135.57788098197784
-16.404605172297526
-137.1761100711157
-11.591941477299569
-266.11135405971123
-256.07496533278254
-140.40040424503496
-18.36430467803338
-19.87747867462276
-140.89661164703807
-140.29850077652435
-138.72583145040153
-20.501350415887874
-143.14640555062184
-251.8060977167482
-267.13144173214056
-131.06834876362117
-372.34462123302035
-252.1908040819744
-386.5505598434882
-392.1364154363496
-135.38719439778234
-301.77781088504645
-141.29751616524305
-136.56824116383495
-244.01677214265376
-134.33166409722054
-18.395301909560015
-130.93568149919352
-20.292784701969016
-145.29047182948457
-384.12463001136337
-343.2463841877647
-336.6775754870102
-23.851311028263794
-380.8602070673147
-446.58215784901495
-148.07079244743645
-143.4103241072533
-257.71627578630864
-134.218485220722
-141.08556403178426
-146.3235958232622
-143.03689166172563
-527.073465748505
-513.033172470162
-505.0281106859941
-557.856218305699
-256.45270757916023
-147.35108252535767
-143.71910061064068
-143.22640962737123
-269.2342835565665
-140.17663186545073
-144.51642075223882
-266.2006008542473
-145.83160644187046
-248.85041908817112
-1491.1016109607044
-20.502318928770002
-241.1517261650668
-16.822497046410362
-251.90058383841765
-138.14225329675398
-139.0909214810776
-129.4823293842394
-493.9715829089163
-133.36925115987358
-243.67037558262078
-14.565757772391578
-134.04514318314884
-259.2048286059366
-11.91334561569034
-144.7278280328281
-14.312969355010306
-645.2484970031576
-246.3528662349819
-250.03844954973852
-239.3217086626671
-123.92672385101108
-12.125883182879383
-136.5379064400051
-12.586891160000075
-133.59779179993845
-130.01882548744715
-14.754529590807566
-248.74152607814855
-15.043258591388994
-130.181414522173
-136.97698973480476
-128.32544410010226
-17.130768769267902
-137.84012187141616
-130.1769335974974
-133.03651104827838
-245.52042899788572
-141.02469523547146
-260.7199801082273
-260.7548454387283
-140.87368962947346
-142.30121126235306
-138.93373203654002
-137.7310168159483
-137.75707145878667
-140.40446878292707
-263.0798904679445
-139.20557874112816
-252.29395658368176
-257.3162654141508
-16.357947890753735
-239.42159005414481
-122.84357842326347
-124.96400179720689
-145.13836884452198
-20.466353244901196
-356.25111730174575
-321.6435675286177
-141.3867186517412
-143.878904020555
-133.95661023527924
-131.46830640581248
-253.27751951450708
-139.2550520382256
-138.40527420029045
-131.14288155327048
-243.7239773061948
-128.49390631969908
-273.20407882851583
-118.8827383778574
-369.67109499688485
-125.07829574549466
-130.85055249398607
-7.964664698164416
-142.01362434201667
-1006.815893472275
-133.56816560235129
-246.98488577426124
-131.8566815171546
-1210.8339566387642
-125.03238719819684
-1216.1623267420562
-351.96347483541547
-133.18072979729703
-1195.848126771808
-241.27914895183127
-136.21862503085435
-1195.2645410442185
-140.1974500535092
-260.39247672491115
-21.189959556454713
-1170.3307647343327
-479.16023899303667
-14.316699938768316
-120.4102121820623
-128.53880161988954
-129.78282424643777
-250.96994405890447
-6.458551706255171
-250.4794048016002
-132.52019022477694
-4.683758299475861
-246.18412965633354
-126.45547813702059
-3.3303780997146277
-128.47658563889314
-261.2864526663978
-130.5507871332056
-125.52960924980673
-639.3398390520142
-250.47272096350974
-282.1202422926505
-230.28572418045138
-127.13643498311271
-124.6979268357862
-3.890859247185732
-130.18113163179362
-3.996841565439183
-301.9836753037435
-127.45711644639289
-3.8689979301861612
-4.864702727204806
-5.2769837589002035
-323.9949205697066
-258.0616762980688
-128.11782722009767
-128.8867241912632
-130.2817701121861
-127.45738545535403
-4.256968649324092
-132.0650283162203
-2.338390555956341
-130.89784856750416
-302.2223091650592
-310.8857739077712
-131.54086899665154
-129.2819491747584
-131.11762527485533
-125.64110068236924
-480.28397216776165
-122.90219519568707
-1.753282660103338
-126.92656402180086
-247.1339176979208
-331.59915789915357
-234.44914078667628
-127.33518172122582
-127.19187890026431
-128.10505426826106
-129.76813462595567
-125.64550286674258
-250.79540760816926
-238.7806716070218
-128.6852430629685
-246.98222425333893
-131.23810112748836
-129.2572323003895
-125.16661658476974
-125.57527841214747
-131.06655577813436
-120.58326693566465
-125.13112138052229
-1.7988771011703513
-131.08371813336686
-2.6831233061889614
-235.20694377545533
-132.82998843338373
-2.0534280421787425
-122.64873397789589
-359.99835623609573
-242.68287868535424
-247.37807780521922
-127.60782611422906
-132.29872145658305
-5.64928617204734
-133.5518798161426
-130.9119976534281
-4.371809583576808
-134.04791309482133
-239.31899988158025
-130.70533243312823
-122.22748917585677
-245.57460795708027
-239.24378212532824
-129.52504056514974
-249.08952959278716
-246.78340121282753
-250.40156633759378
-126.22080162472831
-131.57554738059434
-244.36379128295167
-124.47671195937194
-122.39170820897284
-123.72661204533348
-131.20048728374977
-374.00004290023406
-127.1629120631633
-132.10791623190156
-119.25200813540145
-120.84058236979618
-131.178798170092
-134.22808707406912
-129.3159816053543
-2.8531063039581452
-362.39735274709665
-232.5688246650851
-870.8612559489812
-130.0784207388232
-511.6491556519276
-7.263747669773532
-137.06309399989206
-246.27903252646863
-262.56342066995427
-253.53221620704525
-5.014090946231
-321.16697036352934
-258.8740169797887
-241.89573751880508
-380.95214461553786
-122.08778707875932
-137.206566068192
-3.355753210388912
-142.01440014471606
-133.13024486136527
-256.77160536187006
-129.29006346837
-132.77713907393573
-3.862446068421837
-130.5029668073324
-8.069515070320998
-389.68763406793664
-252.7190845745448
-265.11966166017476
-137.5196123778189
-268.4772736078659
-404.60077638539804
-130.2528104075388
-133.40461746652198
-131.6371654519307
-132.253780666646
-124.66082592577844
-263.7133870279757
-380.2135960021033
-2.036758179095171
-127.17651964219736
-131.08790524782233
-241.80887988998003
-131.23279080719752
-129.94935342127803
-1.656087108230638
-131.84582055107336
-119.93776250150553
-124.09529108795593
-2.234951503240098
-245.92321086461266
-133.67047942824996
-247.86950455889993
-129.68779085505335
-1491.2899796616118
-133.08070964692243
-128.97027988919947
-241.3117001608161
-386.116108274854
-1.8339215741415222
-247.63680113467782
-129.48104717183807
-2.4506975263121964
-129.36012336709965
-130.60047376486943
-128.25851552308902
-246.8827976439988
-122.29051127072489
-130.37402342195054
-131.99843357458852
-2.2492966135848347
-131.0123810627441
-119.05039796470577
-1.373085477202858
-131.94246515672802
-367.92772522492703
-252.05906353365518
-127.20637996721267
-125.75314254157364
-133.8031765503615
-252.96347662187878
-132.92566016922672
-1.8396130571479086
-1.8721502380267887
-419.14847969561504
-251.56592963978687
-251.41236552975488
-273.6289735706571
-131.42788265600853
-133.33684159185867
-139.35933682012916
-137.98480685805993
-135.55055578161424
-145.90389177065742
-261.35776145817584
-132.21467747919658
-264.65311130420946
-13.215624850689709
-10.369812209384698
-7.662641253666538
-137.97211049130172
-256.23283504066444
-138.4396920954241
-132.63513947031203
-264.48103646961005
-1496.6376098197304
-132.7455078350702
-134.4626068700821
-360.12671615421715
-4.147603428867444
-260.18726111838805
-134.50788289714293
-139.8307058185881
-256.69690997821823
-257.84148987723535
-119.90559290085515
-9.175981035784664
-136.96454683094356
-247.4840368185673
-122.59848958199544
-116.05271303641752
-1.9662077787876313
-134.50631492734803
-251.7242709228387
-127.87927344721436
-263.69151608935925
-143.1951665261139
-149.9827343838921
-143.66410120952716
-131.95299172795936
-17.490067283730824
-142.1990863122942
-147.89177780395164
-248.3982400312162
-146.1991718790578
-16.53084110917331
-150.3196152674334
-131.663924249782
-261.6201843836675
-142.83659441949953
-140.95711388930175
-11.061829098188339
-136.81894131789645
-253.03777502522973
-247.87223321773993
-921.1437601617027
-8.12633939905973
-9.59998861220505
-140.33291714731925
-8.0363830694811
-135.19991329050072
-135.74447630496306
-6.938231124094823
-127.9013440393165
-363.9499905604409
-134.34344104049714
-139.8129707616699
-125.2199973888683
-313.10163552619355
-145.95884408704595
-17.35874045955846
-144.70320154474285
-134.21194278701273
-272.50296033668235
-226.14163919586866
-138.58945117267993
-140.16259601802633
-5.0519113273263585
-266.29507111988084
-252.83648225985885
-251.82121483945747
-349.3208484232741
-247.31741516523974
-132.69863569282955
-121.52155231075385
-1175.5653957680868
-267.98526962836456
-250.20686165773495
-258.07232391153866
-247.14504125765959
-246.32810399553938
-269.63332561822523
-241.94485070590164
-239.42121905220685
-271.35790986378936
-128.36860379604977
-923.3456525540017
-254.00084698404308
-121.1670370931322
-939.7500869156153
-232.46891574417106
-325.9219976276835
-248.58272827193045
-1156.0197518713267
-261.2472769275003
-1076.1734592312932
-139.34631230322242
-129.4015106685596
-265.41291001389317
-1239.328889209956
-132.76880916344373
-230.33416970057823
-257.7907884272629
-136.09584646537527
-137.58872700863975
-252.36154356862716
-135.28729619929138
-132.53887206845388
-119.42920498127137
-136.0523470708167
-131.50109702546027
-252.61102441257756
-126.79398005089524
-6.847991270740244
-9.68042529179246
-134.54396104446815
-132.5465110524003
-134.48580195822834
-250.87972853517692
-137.15775719375927
-225.87344505220958
-138.81061784381416
-139.51410411030136
-8.234703941289073
-136.3247095892774
-137.00272421810354
-131.85804386447558
-7.534659528560811
-240.82519381991048
-130.86991716782362
-129.06159353971975
-6.0163857718411835
-136.98580744292815
-251.75268411303657
-134.77112802714652
-122.23067763714448
-132.36353795817865
-245.7525844538848
-133.3369731481211
-7.493831474012852
-235.00756457187939
-132.06417507236785
-132.16578551434668
-132.00922667128515
-242.6518616021485
-126.09245705714132
-251.29941110030697
-122.27673619034766
-127.59167265213826
-119.58033533761176
-114.10579275754641
-125.84250548377652
-336.2035467806959
-129.66809750539792
-14.261043067987757
-130.44588016979685
-130.66743970223683
-379.5092994477816
-138.99217070298022
-148.3425839628943
-142.35746631352694
-255.23936730892962
-253.17199401686653
-133.90900855825467
-134.67400181557025
-379.0400752983112
-4.486138843507726
-394.12088020669745
-120.72951024181641
-245.02231539816003
-120.96254653258738
-132.73540593543262
-124.80564624254373
-229.43614879232888
-392.1353641460397
-131.85305638381107
-130.2434502109212
-6.623994956800353
-133.5429575418931
-348.745849870482
-134.6004797868307
-247.53336853569246
-133.5506799691657
-130.81560423332664
-251.52245384161986
-127.17537558412027
-2.5193267999467355
-133.08529554918448
-129.72163084518368
-326.16757603368075
-256.51708196381105
-142.63560442251287
-136.40466469959463
-337.75592900972407
-633.4193378578033
-622.1791534914342
-389.5877502596712
-401.2662285265382
-141.45821704677056
-487.7805462098681
-472.9857577742419
-134.9966737504716
-138.72606471456663
-258.8012718820733
-119.12921885460509
-135.1051804017135
-140.23282795556435
-380.11530132361065
-146.12362249715343
-11.218756385019576
-332.2271270284563
-852.3371305156629
-164.10005652102583
-130.47987521542382
-379.2290471092039
-134.96042515990348
-124.79636889654003
-11.472123499162585
-363.5762697778689
-346.5108795368254
-131.14004632244826
-122.67095488792066
-128.8254067974655
-2.2899090457005262
-252.27654830017192
-240.28129645747248
-5.292724378727469
-125.43209783631286
-244.4616736277637
-117.83383982097625
-133.5259467136303
-127.00770544954705
-132.00344919879532
-129.013267579658
-126.92978994166458
-133.91773423961007
-123.40740756459512
-137.54449950953452
-137.24486258357396
-131.1054768683302
-14.345745544429453
-11.755154608094047
-11.26539550325893
-266.67081094538287
-144.41914589133202
-138.06403036410015
-16.353046201139712
-143.37002384026135
-16.918767230534566
-139.43349297241818
-250.71430092394675
-140.60111556551666
-135.26176935756024
-137.40310621025336
-138.08889680674764
-246.78344989402117
-238.12212135348278
-138.1274051128782
-125.19917465687648
-265.10729930080385
-11.697339026762236
-138.14932280646187
-135.99213824853567
-262.2369981883743
-270.29662264916783
-131.1925914009416
-255.9759850830282
-140.91862213829512
-247.25271127143782
-138.02684251047958
-253.60949942579418
-8.645418155922192
-136.6511259069071
-357.75394874086186
-16.625260429177874
-135.37612783958306
-911.558481226107
-252.7817940229165
-138.51595395653868
-225.16963616977054
-695.2729647122651
-399.6919210999262
-3.3874517428092865
-6.847047675160335
-125.23552468091334
-363.5823745228808
-124.35012520362632
-7.593142479861967
-141.28435169134778
-144.76308049290247
-136.49010310690855
-132.17308702797766
-133.3388148021204
-130.53612195484425
-134.80128622225578
-135.50263297057447
-251.96014835920514
-388.1927543989313
-135.92671813199655
-274.26828870100326
-258.98128008473736
-124.04349106016784
-227.54474722003823
-268.46401361585583
-363.7069484060321
-135.3833659774598
-265.96091634432213
-369.76099158462966
-395.5188790823689
-132.45421868002535
-4.272535584661023
-267.89046080902926
-381.4344349695751
-120.27774995138343
-265.33026173909985
-467.37671601476126
-9.929615733809797
-266.1417916448196
-282.4600918690991
-26.015894444758775
-254.7749577713337
-135.43538178095994
-933.5612514339939
-412.0806909586283
-140.22766242665736
-138.54815131993092
-131.78592281869425
-134.27089596957566
-129.27234111774027
-140.60656731269486
-5.71095823870564
-132.17177664709564
-126.16973193687646
-349.8113219963526
-129.30787721701782
-133.06280198375325
-396.9822838121996
-7.693091823014981
-138.55310736319035
-135.58658348189311
-398.4314790712726
-7.486358710457863
-393.3540613982089
-258.75769002177645
-253.48495269659745
-303.9240683599547
-131.84806721803668
-253.65906454292306
-130.23496654645186
-139.8716027444554
-134.4995893402328
-129.2907315341203
-250.54381117523621
-450.1424812039585
-3.297943388839997
-253.94522074899186
-135.66290596595587
-271.7207417062861
-136.1786768269545
-3.927273723281936
-138.23355937319408
-264.79913060316136
-378.7480597147479
-122.98395417012205
-134.6890960238903
-4.566897610705155
-133.3318658874491
-138.63709240753468
-133.1749292512437
-250.3647891123259
-249.3728935923407
-115.9650599912613
-119.49360387126619
-251.78813231761922
-133.15894368584227
-138.60148841004627
-135.74488630096087
-5.7844950391422065
-2.1763745987270973
-377.7425159276734
-129.22727931331093
-129.1319097808074
-127.53773346546251
-130.59303052799797
-248.02593726219584
-2.9401654587892785
-249.31462456740618
-247.02013485070464
-121.67447687195244
-133.03725172287446
-131.56207509466032
-125.24895372966004
-244.7681286878466
-4.643254365222325
-125.80400354617382
-223.83292006052866
-126.32184027779087
-115.74097614634188
-7.864227189891136
-134.77549976659657
-4.955562142504164
-131.24011643191875
-132.95848455645134
-255.11867831111405
-526.4182607456769
-118.67302397385247
-921.721496280329
-130.30163501821627
-130.40976729364831
-127.75674555717292
-393.0855171735705
-128.97598580162804
-129.9656185019596
-260.67896965352094
-526.2922159780728
-134.18530653593987
-439.05531987797
-138.05414814730682
-124.89483994221646
-138.40501088912202
-371.6718831831408
-13.024423739734086
-13.924349551107943
-133.2351762297738
-134.47068072518869
-130.77433041385643
-364.74964711850737
-129.45702784092146
-139.63006618657735
-143.57285017061224
-792.6653301117751
-146.66583057666926
-265.3972511986851
-254.63231818733416
-143.34022347987454
-142.18329295984134
-260.2973731234037
-265.67920586531204
-130.04970729204945
-17.351756467814475
-143.0377206588862
-254.88317154654206
-17.752223751947735
-272.53449490916523
-143.64398132668995
-1490.8525401927818
-263.1711365582976
-265.9142308735673
-14.124041837348637
-128.6096489537779
-293.8881206776235
-241.08662611522865
-400.60380213384144
-257.3470245885526
-137.99584782461955
-138.75010643849262
-138.3091864495526
-128.08231382462603
-12.554962552228838
-135.75807824940395
-141.26118601597176
-360.839659785326
-139.51279308203613
-125.23533433402068
-138.2000296760031
-259.1987885887254
-10.472601025638047
-136.11023899326065
-125.13175734789554
-349.24985693909014
-278.7981642446083
-129.89663937721127
-7.42458992726955
-18.442302033250865
-129.86153012241436
-131.99203334277763
-252.31047885726912
-122.65146378878765
-140.28986730261147
-132.20737569203857
-245.02642163557402
-123.06211073744478
-341.92643608702275
-134.37010639677402
-135.4989871033723
-138.1529890958311
-124.18851814518911
-136.20544172582558
-247.78147312882902
-134.74732499618958
-255.31074472188905
-241.36874573969976
-135.7344335129635
-132.8263426560981
-250.77829486962452
-354.9988181356405
-250.01857009297535
-268.54510919238317
-15.359197293646973
-140.0793791721634
-140.15048654582694
-138.4906646331482
-139.83552673517323
-125.96540267425938
-125.26363862651515
-245.57663105847865
-10.95259232182558
-11.796341737874428
-252.1709655591318
-270.7782496498315
-389.36559107354816
-267.24185883221895
-122.81472716571017
-126.81039057495697
-405.6532095885266
-140.49681371195828
-280.2655726289801
-260.62388348846594
-396.756032144041
-257.1078756779825
-271.7412352487091
-255.8420346958213
-134.8379271190958
-294.9240542610759
-410.05283220538087
-332.0668642419377
-273.59631623356574
-413.03445584054714
-273.8510340703128
-270.352016896687
-271.14311162096465
-793.7944636709861
-136.0999711312305
-125.56235075699622
-896.2459678465075
-6.94093540469146
-135.114305738243
-127.96622941070194
-267.8639688621491
-254.2162380446129
-128.77807954569735
-259.60741274370025
-250.74519531917073
-394.5760634278824
-133.2218837532548
-3.257826395940786
-227.95726425457636
-3.9999792886608256
-134.88304815633919
-124.86838630568425
-265.11376374393416
-134.73245147875568
-248.6019858799875
-260.40585183422763
-129.60230208097082
-132.50861395372797
-137.2139342741428
-141.46439710190398
-336.76289118674777
-132.22327623463107
-127.8398259841107
-126.07542320905056
-130.7095499916667
-131.38826772577602
-0.6565035267194173
-134.3489024270408
-9.58389793666207
-251.74271652289815
-247.6574587372371
-267.6581752736694
-261.0455845692846
-389.3871131069307
-4.61785431763351
-2.321588614190226
-270.97548654516027
-136.7530591776857
-252.30077012982497
-2.4865526716674773
-337.007836618256
-343.92035740315845
-132.8219457655489
-130.12078552119814
-127.48808573805609
-133.53739335322078
-254.0128546161787
-250.3849243056118
-130.76768219832786
-331.3934246217219
-1030.5557000461272
-1.914345960945834
-249.92473609842455
-119.33017922002362
-135.9971035336422
-131.64097813632742
-126.57362828133287
-127.58597187028388
-242.718630686059
-133.74067324515326
-343.59526449206294
-5.608818568679109
-264.67277824733367
-249.25277252439193
-118.11039790297593
-3.1214333498329587
-134.10160612924528
-1036.5222369258624
-348.52006532942534
-0.7458606096999457
-994.6197703014144
-129.47660867017004
-128.58781956232477
-248.65216970453517
-125.82151404152624
-132.68585146583538
-247.00684619496215
-281.0606616140749
-130.6722845002124
-119.89426809911089
-757.755861775542
-130.8185862858656
-518.5412022436199
-8.922063479986285
-135.8795012682709
-326.7054512123392
-249.3689230250817
-132.68197232009726
-130.8726833930239
-137.1661096204629
-257.7178266981091
-135.80940445273745
-372.22410623429727
-122.7521853379021
-376.585792207282
-9.65990982854122
-398.5324755050466
-255.9259057362286
-132.79112280366851
-4.433150221230156
-4.114623919863176
-6.948487927514753
-309.5954530037256
-128.1475386869773
-131.10512234017182
-134.46613419318464
-132.20036887250657
-125.6200441099824
-133.05383215962345
-365.51896200426137
-128.39897774634082
-119.05496843431517
-232.60788957606627
-125.97806645685125
-377.7812513393355
-117.69696592433198
-122.82209383789099
-131.0073759131722
-314.96766904812216
-127.52880137729
-129.3344880220328
-130.25291437930974
-126.45077217948716
-123.42489653153527
-129.13941099682336
-132.88473550984787
-3.733876740444724
-132.185668559216
-138.38051126572498
-148.25976026551245
-275.085989857202
-261.35169797643863
-921.91336593452
-249.10116744841972
-128.54210512155697
-133.00178376638982
-248.8070459149403
-264.79804840022445
-130.65089285544076
-135.88236236924672
-138.74429060835098
-250.87137440270251
-138.62941845713794
-253.59023393014368
-9.938030560911422
-9.416329987258516
-7.697320424926412
-339.75919371070626
-133.89208896343524
-128.37762712538634
-129.96028372344276
-246.72547829001522
-130.16063408040284
-128.41550542577195
-258.6838768923861
-132.23221641632298
-132.69339370225728
-133.2226712069796
-123.60807228514857
-130.46867274178325
-134.04794952961774
-130.5681261253058
-244.55964071759317
-126.81785964769291
-245.84399489365705
-248.4815878934597
-256.45402363428
-327.9679204189832
-259.82612112127015
-264.2040757257581
-125.46916898802581
-263.4643028143518
-0.1821477092260299
-250.32194673944144
-128.0833703056758
-130.62066124077015
-126.79182110860793
-123.17091318521382
-249.6519329380272
-131.89934261287343
-134.3933627899379
-254.05400165774105
-245.9798672952954
-252.89560097061758
-130.57972585183597
-115.9531039694171
-126.50610660361907
-250.38931863137464
-126.60537826541989
-2.207793572232124
-243.7774964805609
-121.10305031619997
-255.50385472242291
-252.29739008508568
-140.9420393809691
-145.84214547298134
-9.965102967793914
-129.62406870712329
-124.20874392691975
-128.8660034709692
-275.33006218790837
-269.84558059720786
-259.1739243351626
-257.4846978299323
-244.4242047763136
-130.9018947385519
-281.8271944827
-130.8515389748924
-132.22070076974458
-248.77546746610415
-127.14475503216967
-10.446457376218556
-132.0008366759952
-258.21579304800406
-136.89114977674436
-140.29059288766402
-3.2066512118365758
-127.37183128362437
-133.87879994270352
-140.57897709329043
-12.910379336016796
-9.591534092166292
-281.1692405520167
-134.32763067975796
-130.3204608652523
-133.8433805149958
-270.7107059711683
-133.16006550373965
-132.63986921051043
-363.4074686952245
-259.7082997684181
-260.75201211682395
-139.5712624995703
-139.03744545006313
-135.42411174618516
-138.6537381066251
-253.9251030306643
-8.994776139428811
-139.78380249407732
-137.76247860193962
-117.58320984089754
-5.202258537387912
-133.014197225887
-129.64668745753465
-249.92336213818402
-129.1779532717284
-134.63186688439848
-375.8773505118979
-324.90700596028825
-130.30294619300682
-3.017628654694987
-341.2953687411151
-128.5992482175858
-132.80732041368583
-130.44190648499801
-251.74691770277448
-2.099969762647928
-406.0288615673541
-254.3865628102698
-133.64843899397786
-252.58487355261397
-258.44885547162363
-131.90187046734724
-137.5387732221109
-128.92556945750948
-129.2598217715876
-255.2585632875081
-124.8077419418928
-260.4195858630562
-127.75365883067255
-124.24696964070183
-1.7192255153372873
-126.93593672343965
-0.7954062426006401
-1.929451965631586
-133.8387118953762
-260.1632531957557
-135.52215750924552
-135.25263114759
-133.47174622828405
-125.89948768970514
-141.40896666198884
-4.828706916497146
-376.388318757122
-249.49956648269452
-131.16418878907376
-122.48886832446586
-238.66473652186593
-125.25940225851319
-131.6536315044209
-365.67622936816696
-256.8559771179815
-237.770054920078
-354.9673199852367
-280.52733130801886
-241.97504812548402
-402.76577791838366
-1.9594342061360746
-457.4966275135929
-126.81815929107661
-132.57508331779957
-128.58817070540266
-129.34196776897465
-262.8244161064409
-251.92197037548405
-125.72332545791046
-409.18323883418674
-123.2994700556384
-129.80081915918274
-130.80199891839445
-136.6385819097133
-260.4432485285927
-244.26727000892595
-136.219234193038
-249.0487256442075
-277.3184660428767
-126.27204477606826
-138.63137230455595
-135.4208577824346
-406.74302241408367
-391.3198318082808
-135.86257328808222
-145.73318938550764
-133.91512962892207
-398.98211468372614
-130.08124555533573
-5.41812212764383
-129.04822359804234
-7.46974919123782
-127.66748360894405
-130.37299559066236
-122.13709115923042
-128.5073162212334
-121.61595139988866
-125.0499329907119
-246.74703507299776
-128.18068600190566
-0.7961266867333658
-246.46545203634952
-129.20032216082856
-129.18171625233927
-116.43531069307575
-1.916541472851998
-129.3499975405422
-127.61203962018853
-278.63146044193286
-127.66488117491711
-128.54574551808204
-127.58613534649686
-133.86930854186303
-121.58125117331187
-5.497313187373333
-126.96180793983196
-132.30714606977136
-298.91463556050957
-128.63577069201335
-127.98740965136831
-1496.5919602210315
-2.6295568653060086
-8.143829387226978
-135.27225827055685
-123.60585142505246
-255.40180395269647
-6.944212659111029
-134.67667606427912
-402.6832192667186
-5.570090863149819
-133.6815727767019
-290.8198001097179
-126.51285722311475
-3.767883761492103
-127.02249099723517
-8.592974915404627
-29.81327121708406
-382.26954287641627
-131.48187746985045
-270.60600371951483
-116.96971255871962
-128.89834971552565
-122.74819974329442
-368.7819914487084
-129.9025836519429
-132.47761813543062
-274.8436676011697
-128.25614912455256
-920.4941858810463
-368.6365102065445
-314.83547886024934
-373.948061693349
-120.76805739461342
-125.54451424708996
-127.30039244125142
-228.2439370776604
-340.87792083129517
-131.27115936259307
-923.9752699977995
-3.6262511716154195
-132.52939538815306
-246.61337100653068
-124.96694086779418
-135.7238451002654
-118.10896706715042
-128.12393338246255
-4.373241470066635
-371.3948876700383
-267.41865695137255
-240.11792967646488
-776.25884351641
-260.3903640174883
-366.5732722808907
-263.05884921416805
-259.3261056213241
-1.5672936667119646
-252.62536027812155
-125.13759503448613
-362.9910022376673
-260.9949082676505
-5.324155293255482
-380.9922148725274
-9.653714444475105
-131.65186122473364
-126.91982842385731
-262.1913522930271
-254.80853047638303
-350.31056795164915
-385.13282594621705
-371.8655327349516
-247.72088650616584
-378.34389088827896
-127.66311658430635
-242.5295084779513
-333.1754062477063
-131.94536796078123
-380.50662202464065
-342.15916382842323
-255.04710413689799
-1.6659322403858239
-120.84679865680295
-2.2742554778953554
-262.45843218907163
-130.6778866128966
-2.677800450157939
-243.04659028133415
-378.03244135562136
-124.9340761214973
-129.6789003664848
-3.3778004697636552
-128.8260035940645
-130.39256813629825
-250.36985203825236
-134.850935332924
-3.9165671466457836
-137.1032366547603
-2.7035312977979826
-259.33483625569517
-125.48299559210606
-258.9068019719779
-247.96999328288086
-255.9096784690888
-2.466225736977324
-135.12651564855668
-130.72445620299882
-144.34453541951385
-143.39046140222734
-259.8699444673529
-398.8465519143134
-268.2098629944554
-255.01815999638504
-9.703668679947219
-7.386496225434083
-136.79300337647678
-135.35182288583889
-131.9204125990434
-134.2047464652212
-128.45886396845586
-259.2986580317367
-265.43432697715355
-258.02999119800785
-130.9606349234943
-247.8051231323192
-257.7299072448113
-268.8987730906502
-930.1387655264048
-263.7128704989516
-136.22368099780414
-117.6217029962659
-4.300473613680374
-137.4198217576156
-124.94508048663006
-263.93332048077883
-257.1275370969432
-140.24722253119594
-257.40059334945295
-260.5498778225846
-7.827676112962406
-250.15798425729977
-390.0457678737439
-249.33318845573137
-368.1879200398273
-132.05363254540188
-251.06661392834704
-246.7024462362645
-252.59807587390523
-248.17166938845227
-249.26346215631534
-252.3748493245651
-133.33823099847513
-139.90715632780046
-127.03152967506311
-260.93930520397436
-247.006485911069
-259.79670414455546
-250.56149341552913
-252.58844850280832
-362.9751163526619
-127.72811625953362
-129.6326902295204
-1.3627731724517729
-1.4042526920997724
-134.5372636809548
-136.83429792921655
-289.3464870642467
-247.68473994562817
-250.90261505759602
-373.60263296859785
-132.51126125511604
-235.7343312785957
-252.70386868998355
-130.21860018957275
-128.22269970920047
-131.24480309533374
-257.8448132330053
-132.45297855870055
-294.4645073947201
-0.8177702996550504
-366.11904874978563
-257.81229708580304
-395.13192731261955
-260.8684274801837
-122.00021610564475
-233.12137462303997
-523.414910639805
-6.355321295945677
-131.9193064550342
-245.62964917148008
-128.72232274509486
-261.7642592047953
-363.5525341431397
-246.0390169921434
-9.244433644138793
-142.7307801229728
-270.77055216101263
-136.72328591115757
-1.47187916710759
-276.4337448087616
-129.95112242811697
-128.98069591166748
-128.85017994407676
-126.24051172706763
-1.9077945449944436
-138.8044587267786
-134.84806103524403
-256.33212817029926
-118.93446506106275
-123.55500129884383
-242.62680578628962
-390.0522852965546
-245.84659166371645
-133.4717883819161
-140.4867620126018
-140.38411075015867
-239.7488714646858
-2.015523138124329
-128.27502773675536
-126.78483218101347
-130.89299893273
-360.24664596951925
-130.49821674926415
-130.14371308333924
-129.21805696678297
-254.44798921224606
-242.70367463938766
-121.09179382171388
-526.3518350369321
-128.55116995820825
-127.25795003567133
-120.81297157508548
-1493.2853411661808
-2.669506964608463
-129.82012109207662
-131.61734934859032
-1.4746880635027324
-131.0883572662458
-127.9437538880636
-1.319120409936566
-260.10599508392323
-128.66374685300457
-132.45171361640857
-2.179480998273346
-122.99063283786147
-119.54395401888827
-2.3793332827180533
-126.77721331203962
-240.90602384815708
-136.22013666422305
-118.652589909845
-127.47397654743001
-127.94731811221037
-116.58831412465125
-133.5342365881606
-128.28517407732653
-133.7539444077123
-243.2069282607327
-230.9753225252224
-123.98328257819821
-127.86704983355699
-263.6064075255089
-132.20062567738947
-237.60615208422684
-243.07991662275737
-4.172541950804387
-117.11529356835118
-123.9356784931023
-119.2021033466745
-4.286412904391458
-122.3452862288645
-256.3888395612003
-373.55907866058067
-245.69333433659415
-245.66013416742828
-236.8981184724654
-123.81846448092008
-249.1700829810971
-242.52466013919445
-130.97230477322657
-3.508323633291625
-120.70327715113174
-5.487279621796822
-256.5162486192966
-245.69311630037691
-133.33093772821306
-6.3413199380604715
-239.45732079661096
-130.87359772436142
-242.1120992033305
-124.26621530046714
-243.148706768211
-258.1342672068906
-124.9315871405882
-131.3623785543158
-116.98731276931271
-247.71735495941448
-248.83247682183287
-131.37580175019508
-122.34665430626632
-133.39154059970227
-237.1757815207799
-122.20160608032815
-122.01258467821057
-244.30111558911204
-121.99140545326821
-129.61483627093148
-129.90792021125378
-243.67019399506682
-128.57474723058175
-128.1338992117771
-117.16770216616032
-1.9847513705823483
-2.6611021941904554
-246.25918872620377
-123.78543655776386
-129.79702341518876
-4.335124252594108
-248.12279438139805
-362.2184148552232
-1.710500523653436
-364.60148045004985
-496.1407972229665
-641.297074994014
-781.1864369009527
-871.0490145224024
-847.8498433286887
-758.3525264214048
-687.3897620503258
-263.1753005322376
-6.832328513558394
-249.72929692040182
-262.4808427915564
-259.33321530796775
-246.6041970005749
-241.59479680799188
-125.21388655814017
-129.90893927542623
-307.54685770321674
-118.24826601091682
-452.8997190391952
-242.83035186667456
-127.73616133165903
-248.8920254694505
-131.77537995129532
-369.2726071239929
-244.9367291394689
-132.36126211818134
-131.85142134549181
-1.7816960954634715
-132.31404752672378
-131.08581101836867
-234.86671900647008
-128.40224687130953
-267.0694256782248
-133.42927989750936
-116.21476292925969
-134.5926216064914
-241.72754690698378
-127.3951429992746
-252.21251343739613
-134.11117589843732
-138.3289509762618
-321.7557258402316
-132.58995052844153
-253.2000888214959
-133.0651124560001
-131.02246470221917
-129.21126963810207
-252.9985381736851
-122.90136929826777
-117.84700008988865
-118.7963944775699
-128.40961910970117
-2.7057803523500805
-127.0809769051295
-320.9553679342666
-353.52386904295577
-119.68254098390888
-126.90483796481793
-125.49369004871747
-132.12797073955207
-131.38583577442157
-349.11170862707627
-248.60871054775475
-124.57768045667412
-118.14728298406348
-226.19533382024284
-123.2368218410798
-124.07481184310087
-138.2743437573491
-134.53245730715756
-138.74447592405585
-121.42935461361812
-376.83155238819154
-128.20354969078207
-123.2856559507794
-129.46958532377127
-246.12398136822037
-133.88254964672694
-2.1415176918929566
-353.71094774592456
-122.89374451156887
-261.7568824028955
-354.19974265367495
-129.9605955627793
-127.58102990656387
-124.56023403489604
-125.24635356642005
-247.3083310283056
-222.31340688930172
-117.84862878855485
-127.30032689721205
-132.51623774737777
-136.1539315691854
-244.74361227030502
-134.7387926277662
-256.77931416922763
-381.1472711753458
-246.73253250845144
-258.51538996134565
-9.259425411866879
-245.65037518446573
-246.9175264313483
-475.05843525096066
-258.9347678242917
-22.226962633936832
-149.69975540940476
-264.5206136984635
-136.5642166827808
-136.0912108902549
-135.44099515344865
-328.48299436360026
-4.841205488010524
-130.5625877752359
-352.2348194270897
-3.372359943380393
-127.75437370287564
-248.95146956965476
-3.8275191086285982
-370.98424479134377
-131.0867253085798
-367.09762368258265
-253.4242072738738
-116.04964100048883
-239.1720662723942
-1494.0675119029445
-4.300499529651661
-242.10579318862048
-132.18602878922147
-259.2648518601394
-138.99888048293843
-118.18693401371185
-131.69207874811505
-247.05086841061438
-245.03980185201718
-784.9522562181781
-132.9256518802313
-129.29733801865441
-253.017197801718
-133.78214048933125
-122.28629495503726
-253.5171828835636
-128.3535513696142
-360.6968649624728
-129.37121529197773
-133.11003034719985
-2.701801062381815
-131.3788690236017
-122.45059724581813
-244.5813895321979
-3.0109739483619977
-117.88261780311139
-243.23978307857476
-116.19651485537968
-128.06071492643835
-364.0982701045045
-2.6655085362761497
-129.87404214552132
-122.7316171390076
-124.0473427129736
-118.47397427780292
-131.79502795191664
-128.7765077169773
-129.85934300075883
-251.2727098842283
-244.51459117652797
-127.15388072071603
-120.37066703034543
-120.17384612088584
-131.7212041749097
-121.33852910623374
-133.4302889232887
-130.29548379777896
-2.714626189432054
-243.25934824176318
-130.55545090247577
-128.93919914235383
-131.60174544911075
-132.11549406337932
-131.36925554248072
-128.92630582131835
-120.84010723889246
-1.6872034402033345
-349.2661010439746
-120.58134004427656
-236.26144244271543
-254.5105072974012
-118.2287253088912
-239.8013591810344
-4.632628420345187
-120.08693485578793
-250.6914307751271
-120.2115584031525
-2.359869623017452
-880.221468398803
-5.714461524618828
-121.11999519118051
-902.1249589219648
-6.117902012526694
-1039.4944383020356
-132.27510376252346
-126.46667223748756
-123.60059175188107
-1047.4108970608597
-3.8956393224175137
-999.3545025846597
-643.784400452991
-263.08916779397873
-123.33122033111249
-2.2844298420756997
-3.477801720602056
-376.9244355533184
-127.21342536463469
-246.92436333486316
-241.1430492572756
-129.2440422747904
-122.93992781206053
-131.77077468826104
-138.15858729341306
-134.34440062841696
-123.37396301525447
-4.82753363310646
-121.62557329872347
-240.09958655033606
-247.52093312951968
-133.9273264975357
-131.52891015814615
-254.32619559727985
-127.2399152119379
-127.18482489307415
-380.6836859807259
-130.50622152739146
-5.1559316776068576
-246.45830708087644
-373.15316074784107
-291.70355364258927
-131.1307982951959
-274.36816946896624
-249.3891969888863
-130.209752576766
-369.77023322181265
-128.10840619713858
-346.2326787058923
-131.11945666616575
-122.56270243859694
-246.92549026013896
-136.44055272611482
-130.73678138804348
-133.61873434526163
-244.19052137189274
-245.23481761222394
-249.28400788103042
-257.5537983892769
-132.84359844176328
-368.2987243986491
-254.56374299557856
-255.252587632496
-130.43332172074517
-129.7147288769596
-128.98610890911274
-361.6051952602395
-118.22445097987024
-290.1027565118666
-129.6705537165847
-241.655023163579
-240.92261240760766
-242.33063827619512
-376.52532113785924
-269.8191158866689
-231.50878137682807
-2.345891200282921
-359.5917391817857
-246.89408400452066
-131.48567365713245
-4.566636386426122
-244.73985039163276
-1.7126981599367095
-125.14923671187053
-124.77881319039874
-288.72718620358984
-250.9613287224162
-4.395883512611017
-129.38405638091007
-263.98693020362094
-132.58965734430848
-113.59338449919905
-243.32164403575197
-242.52041325199806
-365.7721497865349
-130.5489128979103
-252.02438004988707
-120.80217314559769
-132.19546385560886
-125.26086007867292
-358.0750199647807
-126.14035526007598
-367.13611071769265
-134.38577984516124
-244.22857894496298
-132.56796022869995
-383.74523912192956
-134.14541672932995
-12.828827385878636
-253.87105774719396
-384.5224869496639
-131.92738405519358
-244.97619055851374
-4.286913954545768
-129.23290452542736
-131.13586233324156
-135.74808081172435
-123.2418833863103
-127.39139088499232
-248.67285380857982
-249.49099380229808
-136.962082693253
-140.51153308078
-367.61564503485033
-260.72959020544585
-142.39497274098952
-143.75083653967803
-19.60513671160775
-150.17676183000893
-256.7661532167873
-522.0623051992322
-276.9167984935435
-715.4934986751347
-642.4290264374349
-140.79032350936498
-143.28656973967574
-136.19089950883685
-250.72406704143702
-241.39214847642276
-252.68467337886725
-131.5448062464875
-137.65779834283074
-127.46079773973203
-305.6379276875229
-128.9683955317103
-247.21626269634308
-128.3076583832526
-129.0369964939975
-256.1090625793931
-396.21665271629536
-303.8442463056198
-1081.7978007010686
-2.351877742583449
-117.99527348569882
-122.57979174288387
-131.6926976930852
-257.4007614467682
-130.39380773881496
-133.66191394457584
-251.34603359587263
-134.89864421586904
-269.7350815315869
-132.97053321739568
-120.7923247829418
-6.1530181258903305
-343.5907826016562
-8.968449039210363
-231.23786220459513
-260.74428758321983
-128.5260237495761
-124.92773138814196
-129.77339415096085
-116.37628958015742
