-1399.2262183040834
-1686.8654961025663
-1785.45461617618
-1366.229460022241
-1375.5895420973984
-1359.2417868816508
-1246.7582087824953
-1214.813137719563
-1058.1486224256691
-1501.8217797072632
-632.2669005987726
-1158.6790210312206
-1061.8760530397992
-957.9056023480294
-1029.7483524620002
-1072.2764499404211
-1331.1037168559337
-1199.6859491364787
-955.6035388881348
-453.9095302054262
-1100.008136497147
-654.9862677119947
-625.7289115131523
-379.9303332012395
-259.15695841096993
-368.98835721173947
-135.2095916481773
-269.18031920876274
-343.31635962639353
-393.97280698032034
-130.3899142009883
-373.75105865460733
-381.96653909978613
-374.9636333927465
-253.3177912831078
-124.79656979195245
-251.51089912860763
-262.8452153804916
-248.4302797900644
-121.97222208506216
-125.23529705105963
-383.4200405533554
-122.10922543779155
-255.7650222377605
-239.86277406368785
-4.17335668435938
-128.14601955944698
-115.78580704834187
-117.89423111406536
-125.69148905231326
-242.91086492646107
-260.9024697764392
-253.13393997160347
-1.0283205073370911
-4.134115430698099
-244.3269863124546
-129.69704833191398
-245.96461094154608
-245.4251112242339
-246.04573380180705
-245.81616774065873
-124.76972470652262
-120.17293828512997
-245.5636874782575
-125.349573664652
-238.4878472342068
-125.56467732561887
-255.11976634809477
-234.7928122786651
-354.0412294174473
-5.048998438983588
-136.94506626866846
-240.79052896417835
-7.770081246907779
-127.27609888268341
-116.36582184173625
-133.48929150138713
-258.7440981842832
-244.76638004484508
-136.02284940528114
-126.0419722562078
-243.19761626312277
-127.3965022446082
-261.6560812107556
-244.30650789814615
-127.76307324486122
-342.6343934002586
-7.175874593150196
-266.28612970696594
-125.64147986677327
-3.627292650101842
-231.3686662152103
-119.83939612786415
-238.82130958015048
-246.42777068092263
-126.16654732834874
-123.86347706887895
-125.87082169611435
-121.74314132726357
-128.70296524108815
-126.80273905273246
-2.698099525956997
-364.8678576911488
-128.99553370205518
-132.36508349978843
-122.5474602997752
-3.1288828986260726
-239.84255107318538
-241.86281964836456
-3.246145943528966
-2.8591018228688796
-327.72801971690836
-125.34844883628305
-241.02062248078153
-126.75103779109249
-349.97729504311366
-1.6416550059203918
-121.4593640039723
-2.210674057578212
-1.9274483097395794
-233.26541865493232
-123.05332177621543
-124.27059234674228
-5.306728632152512
-124.82478542345905
-243.77239454152001
-127.21406851204283
-327.2634450008349
-127.9451985366375
-313.36439606847995
-134.53104250387028
-127.52048733485864
-276.83805096373976
-3.3901956084090683
-128.90129079331916
-130.46765809640445
-122.17437701580981
-241.0372563237694
-127.26081695088779
-121.58916583273007
-1.4878574105519167
-254.09659921593908
-138.69307913978233
-6.736595126211814
-122.89805776910234
-129.48035690692717
-124.42103132815397
-255.50521502853826
-316.8080810887833
-7.16832951216552
-260.74208169864625
-125.82021921598813
-127.89314920883878
-128.87780984655458
-123.66635204849084
-262.32491062671323
-255.5524626676756
-376.32944206208896
-5.072246993755403
-242.51553788514065
-3.000116254217221
-393.51154767309026
-131.9034254902475
-260.4655657439649
-546.1255945716935
-128.9676885792434
-128.27341441841853
-3.242188620299135
-251.401010624837
-256.3340738376311
-137.9496731030733
-131.07220549601018
-1499.0795666791494
-244.02079751376763
-131.4618842856534
-264.03616788594763
-252.22290285330345
-141.85562721239378
-264.8303804891223
-252.2972125226771
-118.90470259984625
-141.0032242185539
-268.90053919372076
-280.3499791220592
-329.041337786567
-128.34616421320027
-135.2942172116338
-145.38616730428072
-243.3614646888217
-129.86003594797742
-135.62004850086095
-249.933260402113
-10.134784335676969
-259.8598815972752
-127.22739731021353
-266.54190192523737
-128.16992367984128
-134.85076272288376
-140.6184373088316
-253.42488791423804
-384.0123378751146
-245.4851363143139
-125.54347118565533
-248.62740302870037
-126.75270665344223
-362.1456684223912
-136.64667690405895
-130.76545068526212
-134.2521919210004
-243.68571382987923
-245.5091496953143
-129.88644527290464
-119.60262633935181
-128.3625250302189
-248.81734431870692
-125.88582270456837
-116.70447563801207
-129.22721123900908
-243.3231886090283
-137.64334671522067
-376.40777507592094
-140.5246987549439
-128.99944398899768
-120.91257077025575
-6.680270517297366
-243.86835235066894
-130.21401240563893
-239.69868518266117
-247.95758066105483
-125.43729713988644
-253.7861661143367
-131.52662296552356
-275.2312716779831
-126.54619361333435
-125.54315669462515
-132.81993738050332
-131.4848111785863
-130.46838732801436
-131.60773058957986
-135.36900890579162
-266.1354609610201
-136.69098671766324
-388.55353649232785
-358.50313610828323
-278.1105495158456
-295.1827550583243
-132.56617630189342
-4.251007506680433
-292.30895114727997
-128.21949953922055
-131.68862118783886
-141.5035394533184
-8.24869511766881
-278.0584303661278
-131.59805683430957
-264.65747273718193
-13.233480554831534
-255.00859891354608
-135.1351339050537
-363.15870114627864
-129.75868248377046
-240.08065558110627
-135.47729408023253
-334.3499007046257
-131.61758412595947
-251.94897979429612
-321.96510097128805
-250.545975406134
-125.65616684250578
-391.90197465353896
-650.5390129946252
-916.7430410847712
-13.708393465006987
-258.18018603595306
-268.6393690009074
-135.31243137812513
-139.5183273191244
-16.209671171152685
-133.08693495617308
-135.20864283195834
-137.15493070773329
-360.12038751187146
-135.43034325453038
-136.3994187380879
-127.21285051883373
-227.85069204389853
-254.48411193834826
-255.71938867789723
-130.56863416266958
-133.84044461738978
-136.0726035929895
-130.05825870150534
-130.72727165701417
-125.88800718335575
-130.93499196608494
-128.2479012651295
-129.13118745963774
-369.1272671517171
-10.13980538676671
-127.4520411083815
-6.309924038041567
-135.0706630815565
-255.39351861487998
-247.72377445513214
-831.4592114127673
-128.8541029178502
-4.032043328378779
-280.18155803080805
-123.66388924969779
-126.73745834036932
-130.3680660180701
-271.60920026901937
-132.30485901499787
-130.260158414489
-262.8310335705022
-249.40173148903915
-1.4154350155039344
-2.565177405603684
-129.57299850685115
-4.795152300057879
-254.7097307109491
-292.23488526577756
-126.66046911767141
-2.8903192057029448
-245.05376357571842
-4.20072143266465
-261.07752955729944
-1.1499047393850574
-128.07891802784636
-131.10697299888474
-127.34039671586001
-378.9453229230303
-132.88114114081452
-129.4999568280105
-345.59232260805305
-242.36530678872163
-251.39574748521028
-1.4751067055575149
-241.84293146723508
-1.4292588106769228
-121.5569925034082
-122.15824022201339
-251.56654775621232
-249.7335918632356
-129.63395624825552
-246.95533484526786
-239.030844755112
-235.21160439558707
-115.30235814538084
-126.89850370243802
-134.92947341543822
-362.6284392255951
-1.3542948035540954
-128.29424093740477
-131.3742470333721
-4.055863387518479
-133.59795090219586
-123.3495921059347
-125.21110041904463
-132.50140109877768
-128.04551351267543
-241.41702939236026
-2.898552738913629
-2.634276848747922
-129.73635368172205
-125.73680330990634
-122.5217588836709
-257.46753971464744
-377.2193787458041
-266.5821842119887
-129.0071690803313
-229.26833965676988
-126.31802547981874
-132.41745549104715
-260.6545730580271
-126.24715104976349
-130.94491671964946
-129.99295163925737
-240.39521062186748
-1.9409295445357713
-349.5698957861213
-1.5926114241861182
-1.0169012709297196
-126.46153412974564
-128.98891636654642
-1.7515196823914736
-131.07156847322898
-129.00667156919033
-126.03297727381911
-123.21255276930235
-128.60321479030262
-127.44765594726783
-122.68278837999954
-2.2855018714868627
-123.0712793131465
-266.8723418040314
-2.086576244251271
-127.07460854312023
-121.2711208943936
-243.2806844899441
-124.63978174643981
-127.26422469205698
-10.322408738898227
-12.798358311770391
-13.961704459659877
-290.64526161596103
-136.26327461717588
-245.15371909722433
-7.485238605514066
-127.230325766337
-127.11150156433972
-313.8094569489082
-128.16720966738274
-238.99205343415483
-123.44015879248632
-314.33079587084967
-123.1229087399981
-246.96812270219937
-245.57753134015806
-136.94068607148043
-114.93527101061109
-129.3640037285846
-245.17390571786592
-368.55915960806396
-135.86912910449112
-7.806220600507371
-249.433601841915
-267.5216925220928
-134.26423575056523
-139.3369139016375
-145.20771868935788
-7.201304616062678
-138.8547408648857
-137.84740744270292
-130.5129288560793
-121.78136445256007
-131.19758628469143
-2.4242678140453173
-133.4858448576493
-245.55012989665437
-250.38662693667695
-275.983312381206
-1210.378347656403
-534.7854304598795
-239.98399769397562
-296.7023255887904
-12.052726982202616
-342.46164875570645
-401.2618410719452
-276.88705716450477
-489.19112967571476
-393.94314635407466
-13.696260745781483
-375.5168078173276
-5.875901584917176
-262.5763799492492
-311.6019830470884
-0.8995943189565346
-260.4366769283752
-130.33128576889933
-122.67784151259131
-126.98714348645167
-131.4635185691555
-7.019465679839261
-134.5127980339598
-139.76767661332275
-127.95148290755355
-133.18218539455145
-238.21258404354143
-128.97904736352817
-136.5815883683675
-245.98083568957313
-131.33161391641747
-132.34576964849447
-129.28124587649418
-126.63654977772876
-127.40923083304162
-243.10752835657556
-127.29675177308198
-242.5314041873519
-114.35386708311042
-129.21691810161087
-0.11505720691621375
-379.4851446100782
-132.2568422048644
-226.42347971006433
-133.7337103791541
-134.30111550631887
-131.1383670596807
-115.19386933481648
-132.51450470221914
-372.8077664668187
-10.273491164569538
-14.749062738658647
-138.018853046689
-337.27293644513026
-127.12757324742847
-0.09848771971807342
-1.6530707256702177
-241.07893517301153
-2.6065496172793154
-114.81276544692142
-128.41903611507055
-243.43849102129795
-131.71828156703853
-365.6447022559473
-18.530607234503233
-266.16812341024576
-261.9144886507822
-18.39782375051578
-272.5763313845113
-371.71941312280705
-17.26476562269893
-266.2390132472758
-255.51590700708175
-134.01294583985717
-16.8549390103494
-392.6153798598725
-139.83266960281648
-271.0570088097193
-136.86875832891218
-258.26565781290486
-141.67342450965444
-136.24131282427223
-122.56149312790542
-8.056421850827027
-240.57657446564076
-353.7499746880601
-272.95665064667725
-245.66280212095518
-134.87681415311425
-9.853723659618465
-12.635506041530162
-412.641969092721
-120.14532716870188
-135.49842700045266
-4.021410408888515
-243.5915182284259
-1.2681343890955565
-0.649300987548649
-130.46713483536612
-251.2158651483043
-114.68511623421166
-314.2868562428786
-0.043690190372794056
-278.7207366174914
-116.89199953313621
-130.8465251438017
-257.7251805038667
-130.0896420148253
-123.5844762601618
-124.75379645724645
-125.14612027222306
-119.18333168177985
-267.07968261871446
-126.3391643753613
-126.44312941849923
-1.8167428331926778
-0.81434286412791
-247.96039436836492
-249.51497617641934
-126.39914044750603
-237.4154629483097
-251.45993156404495
-126.93434906239652
-115.56906276951229
-315.6445443246889
-120.8839872244455
-236.9620655670158
-254.3482317081439
-128.6443324806544
-133.54264736686602
-122.3678907493312
-0.36411893101039394
-133.00169743047343
-406.6979392831521
-3.5916454141587266
-391.18737950523655
-140.86232940122153
-136.00458499254043
-225.26020351059864
-117.92268200031388
-130.27501392761516
-252.2175899308882
-1.7361851413036666
-123.36532614579099
-113.28130567624441
-132.76858749141286
-129.70953534338244
-127.55936873953196
-126.16144067997521
-247.4710342998808
-130.69610666796524
-132.81658457969388
-128.02994305072244
-132.62225727102071
-130.31997573105312
-0.33538017867501335
-134.19090846212003
-0.5616883117185172
-132.6634115572152
-249.38440646613842
-133.54247298620402
-131.17879508458552
-287.1962229343857
-378.9716694850356
-241.44089989896716
-0.895129251850427
-132.69644260867847
-129.53058739272188
-2.989134698929482
-1.8570210788861874
-124.63065264141127
-130.59870485140422
-130.00496485586427
-1.263169056268888
-128.4197259867008
-125.52971049065849
-237.9003859939283
-130.80676064729283
-246.87235772619684
-3.878018271081066
-127.51795346868158
-321.69549166284435
-126.26455006230864
-124.57473804729555
-121.71977800215957
-250.89546435375553
-249.05012446771457
-243.03801291054702
-143.45190633059647
-129.04314735086226
-126.47664709546116
-127.12556367640435
-131.0849365669617
-128.0681511771518
-243.20184984972724
-265.3557429786908
-123.0138208149287
-246.1813866561535
-2.125268620781168
-130.5132726585315
-127.14420972434637
-122.01167697766621
-122.16602656536686
-126.47078329291777
-257.1277294119332
-255.15806800648113
-129.91236811162898
-131.3428968626407
-133.26987241642755
-133.2705236705561
-261.17817259984264
-641.5172600197386
-525.1993778975719
-266.0032112216879
-549.110798124383
-1033.327956672264
-149.42647689060735
-402.5629673451681
-379.0383430154137
-271.61566345289384
-264.7110994892964
-146.2222211684087
-272.822590621032
-146.7243235780814
-146.57860789277825
-146.23449424541957
-390.6296608648211
-141.74113738052395
-146.0950995527994
-261.6031840236224
-21.781313562173022
-264.9754674482803
-133.30488146881612
-138.96458736034222
-138.6441278773335
-252.33130312997997
-256.37851102608096
-129.20685772837368
-126.93240817482621
-240.94991436603928
-1164.4391551445426
-897.6550172062125
-127.32801482424921
-120.61223496779964
-0.9024040837211548
-121.9243288094407
-124.64160440267757
-122.4661617344992
-236.58353353425213
-366.43303505585413
-251.04087119810077
-127.46866818422652
-3.7273659636719585
-258.7066776948229
-133.19128864381403
-135.3717857989985
-130.7127937375423
-131.34794215606055
-127.15758514459806
-228.18473378906876
-239.70934283168654
-302.62196101562216
-127.5639464288245
-235.712729578896
-124.32241782947561
-269.4460949865338
-1097.4421377557844
-369.57261290345394
-258.66824227782774
-248.48018906567492
-133.54964088317251
-122.9233150573524
-128.78991806892583
-131.74285304935236
-239.80953216048204
-386.48786707531457
-238.84732681541516
-5.404207006585166
-244.39803101709825
-121.83411506034315
-131.652106556864
-245.34249358931845
-130.73015379429228
-130.36918249424687
-258.15959148493096
-246.5561718230122
-2.1886055553674426
-242.3602579498198
-121.77577037438276
-131.26967650336138
-121.83148092564288
-236.62705458012337
-4.680339978464571
-123.34161272766359
-118.22648370736752
-126.97830080176648
-2.227083686326092
-127.34751329434921
-131.04384515749507
-332.73487451790794
-117.3634463686009
-230.47538057536704
-125.49027906987196
-129.0176633799369
-123.65227184630376
-235.43921772670956
-257.3932903897652
-121.93227809917823
-127.01645779520862
-254.04575480051983
-128.5899596509039
-379.0941876969229
-781.6344908535164
-2.849341052390424
-130.12470818448887
-124.46157671673774
-237.71774568589132
-247.16581131252784
-136.72987901689697
-239.39429764992605
-242.83043171373802
-7.516335546224328
-136.5243009796639
-128.11895355278742
-137.83649767497215
-8.839462099387479
-126.7570541570806
-245.53563258866578
-127.68435845465277
-126.74523105461293
-133.59168709877588
-496.61776307328
-129.22433809721272
-4.806874502900404
-262.6010369041595
-240.47570375528673
-130.6785803724291
-130.25947032340716
-125.62029738970429
-243.2871842950715
-240.69273909936484
-127.76658054365468
-122.93350167903645
-121.33553846487402
-3.5713904359499105
-118.29553120392059
-120.06608026127482
-248.82058346756557
-252.2799795586628
-120.81382439761123
-247.13281514818394
-2.0895874483655987
-251.06784833128046
-243.00785512925455
-117.43272689231786
-252.27684363796968
-6.506088909763992
-248.82318159531562
-254.96185766384954
-130.0124146301532
-128.48670596100942
-129.37437920442628
-133.4780052221097
-131.61512639924587
-349.002111725328
-2.080295326649792
-129.54504822927217
-525.3274190937469
-241.8882728286025
-258.5342236421341
-255.26720546353482
-121.76780613039044
-125.44210912659072
-117.4165915470559
-258.9173918153142
-127.65535269548857
-129.88813549694623
-125.86979310495575
-339.9710201802028
-254.9504764836754
-247.56188891267752
-240.56051664409867
-251.48578575447462
-124.32712738758126
-133.35329935502173
-235.81510549943448
-2.508711352645655
-3.2505291456385903
-3.8261649665425037
-131.82525097347332
-412.3793754142395
-368.66596807770776
-2.83846920569873
-122.07628508138497
-128.64865379865077
-124.61344023753327
-2.2936254735061623
-123.2795957419653
-250.83820481682463
-126.97096476124833
-130.41443238735704
-115.02629655477149
-130.25393216338512
-245.30098562923965
-248.93731940500945
-815.7692145756056
-117.8625227388326
-1302.7364154666025
-1223.8903143462644
-129.4153560859588
-1.8750250134757491
-259.89378308629364
-123.51553019637703
-128.7270480090871
-120.30994170514387
-129.45953031219688
-130.83050608655566
-122.95307409220376
-127.75295132873202
-4.404991577028987
-119.25768154899257
-254.71021295209994
-256.67757616824963
-133.21340325147412
-259.5132676299336
-137.3566845653278
-352.9500448188305
-271.71584646648995
-256.3347363070871
-141.7052232961928
-141.74429611933226
-137.7716147805424
-133.25238828429747
-131.77404597296135
-128.66477636920305
-239.8144111116369
-524.3396025488973
-119.79105933963142
-125.68331521317941
-125.72993202403913
-3.877554993404631
-264.23042623951494
-124.80166297257666
-2.2792005579592316
-240.86683104434078
-131.7810112686919
-246.90257016495633
-128.28938929958488
-246.29186032498635
-257.01339006952946
-254.8518163682151
-514.6665814777176
-2.055561614470482
-2.7538291494375224
-261.7059226618289
-128.05344929027154
-263.60990960672933
-241.54115023785678
-379.4957955795554
-126.57125482170612
-253.94743009155334
-243.56809388182194
-395.15328413319196
-124.06035386332316
-127.74535682260796
-137.73420873459935
-267.1212674989172
-240.3096691413205
-405.5955259133362
-243.14174200984658
-262.0788650996412
-263.46246732681726
-264.91248736342055
-357.7470322100601
-334.7945957132725
-259.8137113470679
-263.77113345872
-123.2600019619112
-265.0475254923592
-140.75121988906844
-274.19816707522745
-242.8161365372929
-129.5823613602164
-119.19687913635164
-130.49314201215358
-657.8538537187441
-126.23982199691481
-498.3600830901925
-248.88069529403185
-128.92508058948005
-127.8701614573457
-262.10406884972593
-122.80025606300656
-378.4463345440274
-241.63297661694884
-129.2792926500351
-124.41710599402737
-247.6664257235034
-412.41114491089485
-127.18504263432163
-4.240575767209749
-2.860660980515424
-118.4649401749959
-2.9385045445839473
-133.91954660427498
-1.254187758580066
-124.50229574016836
-238.836815945408
-127.33885530006276
-251.20048884394183
-252.6283958300082
-125.44958402747405
-1491.4640103033062
-129.88942778657332
-267.3277044594886
-118.09670362650053
-130.05084165269795
-288.121940238566
-125.44322824787602
-255.49278516888577
-247.4952649029784
-124.29915170616754
-127.82726499626376
-118.3064412801965
-270.34710075364535
-4.564505855081591
-128.31346120602925
-119.98901109777441
-336.9822978207751
-237.70503229858866
-130.65113765311065
-226.05761526061747
-124.44440261518734
-122.86085107639614
-124.3008049554225
-249.20934256434398
-126.60884854123233
-124.6596723499633
-116.48329575105551
-128.65661155635647
-1.492804281900962
-242.5274159426539
-130.5165919167183
-133.8353022579348
-5.5427286345294915
-126.03396815682287
-132.5643624299245
-250.4433534310811
-124.59598579317219
-370.3436187430809
-127.31906464633049
-122.39039678874374
-255.04224631167713
-244.00165596880566
-118.13241496883771
-118.66093953606006
-1.9904197972251714
-130.87692203131178
-135.32001882976053
-124.79334488144039
-121.28100257309208
-2.339058189114995
-247.3144907049613
-4.285920795590212
-6.971324247526224
-247.23460727070164
-133.08118069307213
-133.312741603555
-133.65774193138122
-316.71269168742026
-247.98677475391253
-130.93347335531726
-126.90310297161437
-132.6875305363541
-11.300029925955247
-349.2951473579028
-130.8667766981087
-125.29648069911308
-129.25329177828934
-253.22650864484189
-114.37740572712504
-129.15001083893537
-123.60820077301734
-128.1573683590543
-240.40934967329855
-247.7013720120211
-235.99912422638658
-2.638253642091671
-259.3716861311186
-358.02818255168023
-125.76948204236493
-351.18803502633
-117.10160784491647
-122.02963573373498
-240.27848630864287
-118.84245013922424
-222.30967992218436
-241.27129175605117
-240.59197076173433
-262.1426298290539
-3.472812878634456
-1523.2730110205378
-263.57784528990356
-1494.5516380556583
-133.57468313058212
-115.83111315891101
-123.28970973318698
-245.27550743706846
-130.47334154765775
-248.7051007619071
-240.22598481961575
-118.56999124230587
-245.72325813167453
-131.10927163305985
-246.01534057625778
-127.79881060407223
-132.56791361798562
-230.06650776606438
-245.5377196646128
-232.58017102148364
-296.89961680336944
-141.67251239618085
-388.4215131439075
-259.02323988789493
-449.4453087411113
-788.7818012174371
-405.97585178028135
-391.5095054943213
-3.5553986987869393
-627.4080640457076
-4.493655663432698
-499.0361131137021
-120.50134924246294
-6.5745053247574265
-259.05323462160305
-6.922245105874524
-134.8670538240216
-252.6888689322467
-130.09036478565332
-1.4973616971385733
-134.08046307893147
-137.89637547674212
-152.1381007491416
-131.09717639539022
-118.09961715596366
-246.2312585012278
-129.1760815776657
-257.0342036518612
-238.90386657513932
-2.2960684438549217
-6.692163715360309
-123.20190209807731
-131.67440946413365
-120.0126546392569
-245.20811166433748
-248.44671274391467
-119.67093253434587
-125.5151004599176
-225.7528460737542
-132.33895793595303
-128.01599823212965
-233.9765997289625
-244.4961427959445
-260.1106770036019
-126.9981446295291
-126.06691763341026
-129.66192770779486
-118.63663428203759
-120.0458894697763
-293.75405261047024
-124.84373268079773
-282.07829646065255
-246.72108713585033
-131.94739195627153
-272.0771625630757
-121.17223810974996
-128.56408103403447
-263.2775728827643
-397.66651542775634
-130.4341767131035
-132.44594930307983
-243.41412544007514
-245.94148945768384
-127.86467282525058
-131.1137167608929
-317.65490275491635
-1.7252830674698427
-127.57266299965941
-240.87399208746123
-116.1470890783962
-309.1491353576373
-133.56157092272983
-1.831387597545599
-375.6523549553985
-127.88610135806469
-376.63097400614436
-267.1992313879575
-360.81973981589204
-257.358851789814
-125.92374828628449
-115.9917468553109
-2.4590709043955092
-238.8340287748209
-125.16480492547991
-120.17296748257382
-259.0707071187884
-244.8238091171443
-128.895723119027
-129.98629016102566
-256.9753654667603
-131.25936159178653
-131.91401934320962
-139.48829404906542
-1372.0377084209933
-126.54948081421428
-245.12160202076072
-127.00678088751312
-235.67483422406517
-237.76613915160198
-127.00274027055842
-126.69642140563703
-121.25726413439644
-129.61447921745997
-131.22955775588605
-4.307188033849288
-124.77721863691059
-2.4490874401018723
-118.77465375978915
-358.29713796511675
-121.30517668230496
-119.24097091827133
-267.0092282288813
-131.46595242612383
-115.39687123582034
-2.363818378248095
-238.03844239295802
-374.735195443554
-6.3574984762494084
-131.98756500834702
-253.03236226941445
-129.1772651214459
-127.95812096214696
-242.32646278512587
-126.12175151292746
-3.887213350144775
-131.68736447365097
-122.29638018630843
-118.11089972401523
-115.00843312090011
-128.10295033568758
-234.78106420260443
-120.10003046558683
-359.6961526334405
-244.8031268430452
-279.572014684436
-131.01053341103952
-245.42349461270948
-260.9617202461585
-132.58127210650397
-237.67088157154484
-1.5830288005561157
-131.19964108046835
-130.6332559085801
-125.04320638751958
-275.9580968165065
-1273.2414731720876
-128.16657292318612
-243.7523880887727
-122.76878322601162
-245.4292019105787
-242.88982877809119
-132.96785756449316
-132.18225186213786
-123.6477703032214
-9.042844857112076
-130.6635871271067
-130.64057434966654
-132.1338224735211
-128.05427693305214
-3.6122525968374046
-277.39680696688384
-125.41304356389924
-131.2766261679458
-117.59726639266403
-125.88949815318529
-126.49208111327873
-126.92564867176752
-124.2571455463501
-1.3366183763615236
-125.8541996750643
-134.04149906730348
-118.70188605688041
-116.33841499258754
-1.811550727316583
-251.2343540205556
-3.6808597094061364
-2.6238190670851864
-271.3169261887574
-130.25381717581462
-1094.2232574978748
-2.2274353541312166
-1087.4235143647772
-127.25687470707857
-1157.9298030525347
-5.5053641277054295
-251.72381976522644
-127.02619096892002
-132.93943298615173
-119.63908630357581
-255.7589033458629
-119.37631657345686
-255.79057104992802
-129.5382995689651
-231.86901189699137
-1.5103316238810478
-133.09734458920556
-372.37589912136934
-132.7947353808944
-5.086662747118541
-256.33634049632514
-129.66017011903344
-131.36423675996218
-5.018055261090274
-250.01155690614206
-252.36596299728214
-372.3965580384442
-253.03262273372448
-378.7956125567735
-7.735187466837232
-244.03588206855318
-251.96528665150478
-249.59488039107217
-125.82176643623471
-131.18551127723723
-128.57703077239603
-123.0179700904285
-260.6655037002414
-250.94356124682548
-259.76259555638785
-240.97755775750514
-225.7849117137575
-274.55949762412104
-22.164760836820168
-144.49184561519044
-790.9052724963271
-264.50245808906277
-131.38513200274002
-262.2049682579724
-122.97109036257577
-118.42260678841798
-137.0074359990611
-10.32812880573852
-129.41189366000293
-134.89964099902926
-242.71642615276144
-254.79917982200487
-244.74656054234353
-128.88427149336846
-350.4262193897413
-455.59551443730044
-117.40982047391904
-121.47593571430544
-117.23156974087043
-128.9731473603896
-130.39769300180166
-120.05968350585819
-124.89430339715663
-362.4378534781274
-133.26388211371122
-241.32181099364752
-121.47812725891754
-127.92762762696593
-16.50263166531417
-13.642497587937074
-10.990946831785028
-257.2608636218947
-133.44139081923026
-252.09500440674992
-138.1539322890613
-117.32518338736757
-1.7955656997908607
-121.1859135061804
-118.27905701042367
-128.7228411979074
-374.54079588740973
-348.1022117158573
-505.8163415059171
-122.11138621682947
-348.51291371519585
-256.1220353047214
-116.81615094477822
-237.25373807248934
-234.53973298317888
-122.67373171024967
-136.37762292605893
-139.61815611001467
-254.753491567664
-6.640172327221142
-136.35668388853023
-245.21664994827987
-130.60987699148012
-257.43296357348675
-131.12878442871715
-128.18106314427752
-135.7822815141137
-133.46727858189232
-132.15967528556004
-381.67232197027954
-261.9485816897187
-131.2840673185801
-127.08243176255935
-9.510680899382026
-129.57660757769466
-330.8324412569837
-132.00968366135302
-129.73429519149244
-128.20880620335257
-125.87711518231453
-128.12402041715634
-119.8022012209678
-131.20237103056994
-261.91900490771945
-132.397264690263
-127.95886572259032
-132.81040338404523
-129.89227308287704
-127.82043598320521
-375.85856375843485
-136.85653319404645
-256.53020272116737
-126.78037977100016
-131.17460793279793
-122.75035474171365
-908.4720358356925
-2.9106128038281014
-129.7192940669972
-142.31734139184667
-271.94752602261445
-286.95216152962837
-142.8118359216429
-134.18472825085013
-9.356350160727377
-362.1592676766376
-131.90862092200936
-134.55576152022914
-136.19265975282664
-141.18166791521207
-255.03256297318387
-16.39879460398954
-18.353136244018618
-1494.6076982092488
-133.1848890196017
-143.09759891514062
-144.17709219850775
-14.106149724432052
-10.796979876861004
-130.759897504466
-133.647320206906
-746.2088381037644
-114.58376692074611
-242.93768422483276
-293.3506069985679
-124.79528828776537
-128.63298789798813
-262.0332252533608
-133.54230733421485
-246.48134788662827
-264.31019591117575
-133.56459362096626
-120.5038077233971
-8.577007480996103
-131.45299845489848
-135.62136743799826
-128.3338184208457
-241.07477230714912
-250.71734563740566
-392.5131809227627
-248.40623989310862
-129.46408941317904
-7.190341758980584
-135.0642853458018
-137.37525830476037
-124.92973326223617
-139.17011007636623
-122.35716459301179
-259.4010438932316
-250.9111314202232
-133.42439569809602
-10.167999679433937
-341.5504796889546
-263.3736317806183
-138.52997829930626
-138.7666511210434
-138.46240504256346
-141.16434733421696
-251.67238502416686
-12.984747466904446
-254.98417239579487
-267.93383524247656
-140.28491755055776
-10.807575913181413
-139.57603365911962
-16.57647696443751
-135.22933059386293
-138.9977157282664
-142.64155728353708
-142.9817300726861
-282.524118784626
-266.5793414937957
-142.58776983489625
-141.2530376858127
-133.7528170202989
-123.50200205859618
-135.16063064165903
-129.38989904495844
-143.32034626067912
-132.92135693605871
-141.89914453420974
-126.12780994640539
-132.7483721246902
-136.41209797170447
-350.4960748735223
-240.8350800785122
-343.2785458439509
-252.23798731471948
-15.330110446085378
-138.3743303519888
-249.55634288662796
-11.701571449955448
-268.31422408693714
-7.892801812633704
-131.55719744945355
-387.05955299634377
-250.3277401102858
-136.2823736235482
-134.18753616158213
-136.3271693041013
-268.1776659142116
-146.7227445637044
-137.2063186496728
-10.8383541246384
-5.527427679547847
-128.75915035215573
-129.89026509786598
-125.88214567612869
-345.2837410315671
-129.2052719362154
-132.80858081522453
-266.5205467970941
-130.06244863958074
-237.74090579259837
-133.74285719329927
-275.3373489807908
-2.718044199551146
-124.80668181173141
-136.4433166025497
-918.7123494824677
-743.7875130701805
-776.435045887958
-507.04402104961076
-267.1261989726279
-524.8131864452882
-506.1398348324824
-131.34891012730034
-138.25046421515287
-1177.709721871288
-248.66961305709236
-139.13713295647761
-1075.9839505998093
-240.11986090970217
-132.7224445219214
-253.34101298148576
-9.428614124259113
-670.4231912158723
-649.646766531044
-139.0604100686437
-401.3075350839751
-276.73643147659067
-274.9023371148697
-129.62664425084785
-372.30165036226356
-350.56811404118145
-279.1696162501933
-270.6185229709415
-537.4044508875494
-2.195423085332726
-272.5802475848202
-401.1617900979712
-1494.1325900285924
-261.48757206897324
-1.637565868767129
-130.8642020968786
-275.0827618241644
-423.0200841586014
-134.78159065471797
-263.8358882663896
-3.657377294889261
-1.7859112347273924
-134.20499186912411
-261.1601336459707
-312.6512631424135
-267.7389976906915
-1.6387023750007381
-269.1522103081215
-286.71666884395
-1493.9607759703754
-380.5718503945171
-258.9884549677386
-131.94023066094897
-118.16378503595027
-2.759358278022963
-134.39715412139844
-2.073927792175889
-268.8283717139944
-242.2680095291854
-243.03630212351888
-125.04757402964061
-244.1991850593311
-249.46227168504228
-1.8835961858931964
-244.0725103944701
-130.92785142786533
-267.2300754651286
-368.7720017086253
-120.10645283123858
-134.74107610225798
-1.8557058242714217
-2.2584510918023417
-137.21147996671323
-273.8128236968117
-133.14721841914644
-259.7377999920371
-11.418476763847325
-138.8803963188025
-259.752095300656
-248.64881944573634
-249.49089069881452
-19.721743777831353
-139.22286540857806
-343.56949357887083
-260.4729770778912
-140.01840551400164
-135.59721407098377
-128.0875289722774
-125.5069055142817
-136.09417027221588
-251.04049334265733
-9.388642605336821
-286.5251945168137
-18.76635201238888
-153.1692898202576
-142.76896762915308
-133.96685950080544
-130.39852751153444
-145.01527282176093
-128.95614389407365
-278.8688214965927
-238.04033027664462
-128.59964626413398
-126.58686092667783
-262.82900907742237
-251.53365008154142
-134.53553582242742
-276.17290379891756
-138.34735986898033
-522.9339377510494
-143.4609645304768
-359.9148125713336
-142.33799208026437
-319.1227968947079
-250.9444169071897
-138.40902661935138
-139.40563611691988
-131.32189762228776
-143.51643717275255
-136.41247668053478
-139.70678257518026
-141.39726990088977
-13.765271161135502
-140.72800531440097
-15.094972799648671
-135.4348401592648
-144.77967153289606
-141.98097103459384
-138.94193358166663
-126.21796633366834
-253.19263919946218
-132.52796267269375
-263.7644423641628
-4.643824911369856
-240.43610642636273
-128.86934871221322
-354.8901941296305
-132.68292509269864
-136.08403222221614
-131.12316047273612
-138.4325758859736
-4.482697570788339
-330.8454571973883
-130.53493959627275
-131.81826098948073
-129.01658136173236
-137.20702691754292
-250.4126663022837
-135.62255740469536
-125.07147245582047
-1.6660194536612094
-446.29771647173936
-133.48010426705454
-139.42330890968123
-5.340719475053203
-261.6619546369585
-257.78054164602844
-258.82905823624833
-250.82253504592325
-334.64267907333266
-143.05041597403476
-145.64723884221007
-18.546322457422026
-141.16231432512888
-145.07412510959816
-19.47539624493358
-140.08865814871368
-143.26470375307952
-150.27374788946477
-145.5303040849514
-139.63513389103673
-140.65517379529007
-133.07471082160373
-138.00221123539353
-271.79433401316726
-141.65725497922713
-6.349071309251786
-128.85317366128885
-2.6744124615860843
-364.2265610031705
-128.62800231247718
-5.280572405656344
-131.48722775737025
-259.9070468453336
-387.6069143156665
-126.26053402665522
-124.40323121267534
-132.61123665636566
-456.79709758626933
-129.59075585421093
-250.65694710310294
-134.5177156986485
-656.9667613626141
-19.92688022040199
-135.77093437541205
-350.51625108858576
-128.26150813622348
-2.250858611745432
-1040.8389347773305
-245.82267565037068
-257.8670049709168
-266.42771279695137
-260.18335869647666
-132.5885654323294
-241.56762278728132
-124.28313721584361
-256.75471147825453
-140.55257516848658
-9.526571263678752
-251.94357279123105
-138.0115837596163
-243.65293274548594
-134.651865161403
-253.38707968815396
-135.8557908863557
-137.83088149618217
-370.32836983774797
-385.6756317778562
-129.263038989918
-243.27878091479278
-127.70971727720652
-7.5387474968392105
-16.726464635931997
-966.551162001766
-1209.6291565916779
-136.30690953997365
-1209.5677524938592
-129.16873161677105
-128.3635974587579
-136.35862934758887
-263.9934881937347
-259.9181680958381
-376.18100667694966
-382.3006156866402
-138.46987751401858
-135.15363356776732
-127.29551161252348
-131.25276277033896
-5.940121376915596
-347.85924426451226
-2.1800200042812334
-128.57361424118392
-361.0054444525464
-134.14016388328332
-368.7583428992676
-130.80300167843347
-245.53325972247336
-128.95931647937456
-141.91725458220506
-131.52176992521123
-133.85832757707
-131.99759516730546
-132.97701484173123
-121.58478926386701
-128.8166401356867
-3.792150031641295
-132.67777549881924
-132.79161697352436
-127.98356317475165
-129.02979258965152
-126.93356574025226
-131.27232902133528
-370.93342036119293
-247.4043976139381
-252.37510909274926
-258.4180299364071
-126.50753933751199
-1496.7291451896133
-256.68056675173045
-294.25794904839296
-255.3383833398173
-3.0838116607331574
-126.69587839585522
-264.7135081622054
-124.56900922642906
-390.227449258574
-231.57865126102433
-389.7279177792718
-137.09748587752475
-12.290795516906332
-250.138213394002
-129.26914107749715
-133.05600308284076
-7.409850784503563
-127.98275844905123
-271.56847370862044
-242.18739821190678
-131.77926404089015
-3.903365089980069
-133.46327892749662
-126.5422741174386
-131.70807931313158
-132.20638224289036
-280.31545416679364
-236.4526800025023
-361.700911790687
-246.3019588315911
-380.20325491007355
-385.43236848578533
-132.84480139950864
-132.65150866195393
-135.0258809447563
-122.21207175498968
-128.63159339576325
-4.327245340259213
-128.2431260479741
-133.1327209591637
-248.34548818669225
-129.01882645924013
-241.7335714594223
-131.87739386194522
-135.99186290572626
-132.52287236433827
-128.85190876484688
-3.0074731082481327
-238.73950305457188
-275.4039008533478
-123.67066911887139
-249.90720863988201
-118.13071356311089
-255.58467292722693
-8.140903366778339
-134.24470853486287
-364.5266707623469
-120.41832984468374
-1.9311326847748382
-240.34644195719258
-238.46961848656701
-133.21406006913648
-133.62175212462026
-242.50473252525398
-349.15121036748826
-132.74957252067546
-134.77001397840561
-253.53816246061558
-129.48833205251233
-255.2959781641698
-371.36818714299824
-349.8033273091406
-130.73362390526128
-248.319436891797
-124.58893768220248
-115.16719534923548
-241.05860922047518
-136.3968577062005
-131.96419036899883
-130.76173627691577
-129.6677873039492
-244.1728659703201
-375.48882343822385
-122.4807673426853
-125.63764497358893
-250.3403996190748
-254.3133917553814
-379.24271012732277
-261.80774777234706
-477.4793582371629
-127.46400101720133
-136.7415424254355
-124.65886545282531
-249.831291142139
-358.63247231585376
-126.44290259239719
-355.7018262954057
-124.80128787497434
-131.68832613055878
-2.3890008761691583
-127.12020694783544
-133.4062153526499
-248.54416325771038
-1.5674469247085272
-136.75044782842383
-133.32692651252086
-131.47412182041097
-5.229320899710889
-135.03366329996496
-254.32054231784588
-128.56882874127407
-132.20904952081406
-395.72960773245785
-257.2115956185567
-7.408605009243693
-264.4733702111008
-138.28550253249358
-268.43843342027725
-134.45350627023777
-133.17725155455892
-398.4565688168477
-122.61094520903538
-242.1866464601233
-125.58331741992706
-390.9810941181923
-257.30459596836903
-504.5011234914503
-129.77557693000256
-135.77819670838446
-130.57700042859744
-2.6839620807764724
-351.5953545898537
-132.19002129816488
-125.36238625038008
-125.95895087070687
-242.6056146081273
-240.92848578054904
-3.5827485314290577
-130.41329472333075
-336.36977176960016
-8.218353387116306
-125.06161689245481
-245.23760982298117
-125.305350501553
-292.5020255110188
-126.49183093166305
-136.24237289738767
-332.2830981789263
-365.7930853888792
-123.25174854689674
-127.42564631709142
-124.96385711303161
-1.9957483695041074
-366.8564169608979
-127.51966210510764
-247.36244418689344
-135.10897839555682
-128.62513031546135
-245.92306691586518
-134.24849935323928
-5.0711231715173
-137.22680166836642
-358.6988715435895
-127.48965787624269
-127.18564307582886
-129.05363058671955
-122.50828017742352
-246.0686102934214
-343.70324823154596
-130.5756369852991
-133.77201832705325
-131.90068337825903
-127.44503108289342
-360.53375460487644
-338.29144806644024
-119.37620129180836
-129.85965975068126
-282.7630416565207
-134.59493142626852
-263.72653989104293
-253.86894493230446
-128.64723098637688
-252.5321692628278
-129.2444902264161
-130.9813082048219
-238.3191810969201
-268.1761517110089
-257.0179780386404
-269.1772854990699
-1.874475373842557
-129.22018319247186
-3.4724483153453667
-3.7399296404640525
-128.93297130093873
-367.34030263461443
-244.462735034177
-248.2744089871801
-132.12600151971074
-2.102041187687861
-128.3910559877067
-124.32519482582475
-7.967321955188374
-247.58859548301814
-255.55512499112294
-131.83332081125224
-254.41727750756118
-262.04565146966416
-250.31244914002733
-122.79230591288751
-374.40997703551915
-268.05971824733376
-262.5411722498463
-250.3302978957646
-129.5564012568907
-3.7266208868019635
-270.7513455169185
-248.3001695412711
-374.62119890414493
-321.7512309098157
-122.62127301830452
-261.4172786050579
-125.84870587687179
-125.41943452347783
-120.81628319666267
-127.97564149679853
-248.94585225834123
-132.17519254617005
-238.72316645628626
-128.03348967758365
-269.80011515439793
-949.946630702643
-141.0580100099557
-140.13959067115343
-10.4358371301471
-136.3381831865077
-133.52052422329083
-252.21577048780466
-133.76512345008356
-130.6148058085001
-135.8703438206039
-241.83906126802688
-381.8469597098695
-372.2489640777237
-463.4441548301105
-128.2244246306607
-233.84769028394663
-138.1232293146978
-125.06647100287964
-244.5614127207727
-134.6969645297287
-138.40251490186196
-240.07091187218637
-4.438248645364389
-130.7336497184836
-126.27219639490814
-245.56725085874763
-323.9933940778289
-2.484394360326906
-125.37977959721574
-239.42896448958183
-264.9526926278157
-252.95213302687156
-125.34132122763084
-241.40111149455987
-247.8829472554038
-131.56776948241392
-252.59115900943905
-373.5803660641606
-265.4327440446898
-129.34439776399824
-136.82941904610985
-4.3038142412287534
-263.29611508281096
-130.847928687313
-2.5769436553542135
-127.90198165376867
-129.14823078809442
-321.6649595133057
-127.00661298423265
-245.95648683524126
-243.7044175764142
-128.72650305129906
-341.9325331308183
-278.75679121106305
-135.06326756400063
-5.859392046171697
-275.88041325543327
-268.56386701866074
-133.25609882078538
-271.5008339582329
-136.7155486066248
-129.14028646163408
-2.7679958637557918
-390.2569158610569
-269.96201995292523
-381.8479797768804
-134.62119870101927
-245.0153337180819
-2.12473120846504
-134.00864045590103
-138.95902024168362
-253.4775956363807
-268.79079148758836
-130.09214547180989
-3.631999526563287
-318.0241493676787
-259.439271415178
-1.906125948023407
-130.51884155993332
-246.87700030363047
-3.0334843316112687
-402.7263225393286
-127.81294722303217
-258.99363985026275
-118.98649589326175
-131.68211660932735
-131.3680221313238
-128.96124587156282
-2.3776059600044483
-130.89070490915518
-1.7771782416853843
-255.86750498386183
-126.72303165341866
-125.08294608193083
-284.93289475925366
-132.47109909193279
-243.16133118467843
-350.17688604540825
-132.9756542187157
-130.8873955727668
-132.52597501456538
-268.9724835030387
-383.4049365618424
-362.2281421129841
-2.335912851524013
-117.60048232199733
-130.076521455246
-127.1630963316225
-1.6948938006817245
-240.05270571571603
-243.1180654559361
-129.6641558456408
-129.43523341436847
-4.877494533635484
-129.99264434216096
-235.2611349574114
-251.90522771980287
-123.772295242118
-130.1406923021628
-131.21457396145837
-128.7745706504294
-1.7780554257346048
-355.7420622940443
-129.25007349214175
-271.8620402238549
-133.85013475062055
-247.2817770900954
-129.18076855931403
-367.9850713451651
-125.45492072619888
-125.85443442737794
-129.66878480081468
-126.38992488658096
-122.51810235954336
-258.02875886907015
-256.6527409219303
-254.30042522393407
-245.3429464269635
-130.73276190612762
-118.26768520872542
-1.5623417719485513
-130.11174257548456
-135.2345290592259
-365.2013928745353
-115.35461161621123
-131.97091525192786
-368.80881997588364
-136.3516156954954
-130.23003520901509
-134.63890635390237
-2.687995752675673
-246.89040858666343
-373.28998438997684
-407.3337361026548
-258.61193647085156
-117.8446328631875
-246.0957729207639
-130.44375558772552
-3.058901878187368
-133.55145077486583
-311.71771954782395
-5.107979230210636
-133.10574596364205
-2.4220237946330507
-133.39446821154368
-130.9783356492277
-133.6190058417709
-131.45253223146233
-242.4606180801049
-134.44587695734086
-8.72728538820262
-140.70302251521701
-132.08158386526216
-271.16652802164225
-128.1861522293314
-239.18912064878032
-337.53291800955196
-129.11709163861394
-341.3661934368356
-130.59924531320237
-365.7929766908853
-255.9318542769141
-253.96274149789105
-263.56710430592636
-830.7711371586339
-136.15330434732275
-264.9167630551613
-381.87738633570393
-261.63214101787395
-257.0537849762186
-135.1258150512796
-10.008482031318135
-4.832782348327752
-413.92550135845755
-356.3152507351056
-7.475749142774451
-136.04544433239747
-137.81146862797243
-137.83218989982663
-249.70911204474046
-346.05855927754993
-129.76209778387593
-132.53217854789276
-131.18402262720744
-116.16975337582389
-383.40604869818634
-128.15587036450282
-6.18355189951415
-240.74926965568702
-129.6423515746407
-6.392638524806914
-5.258885964081542
-124.22464579581954
-125.07743182579104
-130.1188010879218
-3.3953863831274145
-127.42088249936454
-115.49838424336848
-377.8319563836861
-364.94773384886696
-129.67906388909188
-119.30599817979122
-123.49908990872304
-128.3564645115256
-118.71930491255102
-128.61432561176045
-119.23893657091521
-128.1489607959535
-367.5004125518659
-125.19513838564772
-140.12716238451864
-243.61732424275067
-129.05972804846107
-2.5406029978498137
-119.0461036857247
-131.64553343367427
-131.89211013158288
-121.46165682508722
-4.657475149106929
-127.18111256861785
-231.9810290092076
-246.71192837810497
-273.39238185158615
-126.91088686503645
-125.46163555095737
-252.3705776672907
-246.97739612999285
-129.4351479737222
-313.34004382121947
-243.57013218220055
-2.6036507170090184
-229.36665423928096
-132.5208444010419
-125.30624025159325
-251.56123396315823
-120.20900056323245
-353.8811991499436
-244.21947915908592
-235.83106256746396
-242.0963506417981
-125.43829440051472
-126.50812669712673
-127.86181133019883
-129.3450324549502
-2.4958619264900688
-120.07780982448871
-243.66558759476283
-131.99688923397122
-127.77854680472075
-2.254866837393767
-249.45560170985874
-116.53811057788037
-369.6842764399046
-5.209779564776898
-135.0439787270025
-298.3554139086347
-133.04303595175548
-135.72174708341515
-123.78773084521742
-123.83880316641154
-119.28811631116089
-249.95484963890547
-117.78823334537876
-257.3539873580287
-240.8739464093637
-124.25406476590817
-128.52100510963604
-130.75939890444195
-125.67869333552905
-128.99541268663367
-246.40658517668678
-133.76485864347748
-131.61885882377888
-117.45283821084587
-125.81344347814216
-282.3641960158418
-2.6682843487699617
-2.837547619052467
-125.21062988254768
-250.6161084649445
-1.674954156026922
-125.13203213731052
-376.92555564956916
-127.6682869914259
-120.1598909298262
-133.32398682915735
-130.24433164697615
-132.64701760146278
-129.1862621567251
-247.0704966293997
-123.6063603618017
-128.51916966876533
-232.43072020672773
-129.81299381606098
-246.1352199459943
-126.40574183205052
-129.23614581114236
-127.90655157783057
-130.81063281906842
-234.82139359039007
-125.24430409889315
-242.5931616828977
-245.52711369327756
-130.4479553291518
-130.49509214306642
-128.68910928935162
-128.5619111170431
-272.898716346537
-127.4482747700148
-1.9227750500062555
-241.36123190255287
-131.69578968324578
-251.0278672276736
-281.39912632706483
-123.4097745204407
-125.27704802001469
-123.2716720802895
-257.99566618318886
-5.857622500670791
-132.71074666920285
-237.77215599264701
-128.8253685752049
-130.60203630465458
-254.80360929442662
-241.79637975071594
-247.42924916471577
-130.63502492567272
-130.66578949127737
-129.49104414755382
-130.10117264783793
-236.65714027996884
-356.538063390551
-372.6647780382573
-245.91709274873298
-6.083826878831987
-324.8084233504223
-122.48062220169959
-129.95080622585147
-234.1234727559745
-241.93151938754596
-3.4132787005093737
-131.48107535149614
-114.57777096272325
-242.43393016416138
-236.512362899044
-121.87760544178776
-121.90603380000681
-122.87067073740505
-933.4859566163
-132.8027449468581
-132.65956568782687
-271.3664751004583
-505.7377938611834
-143.6415039988731
-267.6457609785885
-134.14755610043446
-257.45689362670066
-141.17919261874502
-130.02307922165815
-134.41946174485668
-142.59430690918163
-17.601473612323772
-252.22981733569398
-16.34119136839278
-16.085077035454344
-302.44491310400014
-256.18431816836863
-143.7278725425767
-506.44054854704257
-124.87101031047465
-378.82410353442583
-128.2057436604984
-258.8475980686737
-122.88201030570225
-130.45620204820523
-6.287871829894701
-410.1501749458619
-242.60491822936865
-248.270178496707
-248.05731596763218
-260.4823058069444
-375.81931871601364
-134.60256397189116
-138.96231650500803
-270.5317359536455
-20.878651068312994
-266.20900048965893
-363.6628066453241
-138.20897518694167
-142.21602305417326
-141.32782672910722
-140.50195108956194
-144.09842594281022
-148.1753223251004
-418.27531557217156
-266.8011562024509
-290.5928313963938
-347.15622068494736
-266.11762406900374
-19.861960661340568
-142.11606875126333
-257.2453617831734
-127.52877527954655
-144.52269532894786
-134.60070560423205
-17.69713224919489
-134.4324154866272
-143.79258063552945
-243.32484006963915
-136.22479281698784
-351.72677296868005
-247.0063670015105
-239.25626710579493
-1204.4162277045705
-1.5097245856682806
-128.22429043073333
-128.19272783858068
-132.61800220292574
-3.587789427384152
-242.0544963818358
-243.07833721129458
-130.21128315094882
-123.77533811519771
-122.89798500616446
-128.37174152321245
-128.69692892702415
-130.04181209866152
-233.1251680406401
-126.10374214289912
-126.3362673982329
-241.75695064245247
-128.13098853586214
-115.30270265433387
-124.9887359323827
-126.32570019358384
-238.7080364626825
-130.46216702442962
-346.3025123978276
-120.93686785458951
-124.73890991538745
-127.76322502742383
-125.90770645571597
-1.621779243510121
-251.47756833340918
-130.05518219735896
-124.9210452334062
-130.98053885761254
-115.20871915658039
-127.67219959626829
-131.26038340797484
-266.3885296825723
-6.559233349328063
-117.04293832008514
-130.69486175308032
-129.9502646884189
-128.4724642504393
-3.0944455218868208
-131.72809067231054
-123.06723023142688
-239.12738091305366
-116.79086482513907
-118.22187666137658
-236.84679804985868
-1.6533657170053178
-115.95705657658193
-240.35876529622195
-290.30117032405224
-248.8920259945415
-130.49148606877665
-236.1729442787607
-245.82429365956926
-243.31924765489532
-128.08705750650793
-372.751841767207
-4.350117454210491
-365.9373779914403
-126.64913060752548
-123.61688320620738
-244.22352728505925
-371.7808078195936
-128.64863590977637
-130.18288579725072
-4.471355078399735
-7.8411777172544195
-268.2889764956726
-267.5439567074531
-137.91942974923953
-134.55758015610274
-141.4486528978737
-141.09532234247854
-145.95512099805626
-245.6674642866919
-144.92726194431268
-145.4886012632814
-135.17797537990373
-663.3031739126664
-256.9951569144093
-242.87398862568878
-149.12209649350507
-904.0121978726191
-271.31466646584664
-143.15076998395608
-251.7532172725648
-404.2939062644965
-144.2652198474332
-273.4791903226412
-142.84440164317488
-135.5753583805379
-134.56717026025564
-117.09649749744888
-130.89961709288082
-115.00195672549185
-129.52357381050638
-127.14814736395272
-123.01478376246122
-1.4114332312234914
-2.376705117611395
-132.46114072884248
-129.20364011155982
-129.86196770082418
-258.94647712138106
-344.5148777211589
-241.97090172999847
-293.7178771933185
-128.74332490542932
-129.7474743067893
-364.34757868776427
-0.897058007051464
-269.6004087751789
-128.3696336444243
-370.3044278781441
-126.31173019335694
-359.6244087299667
-376.3680515215552
-260.44485447258165
-115.25649222294808
-129.79972139552058
-124.01549571554428
-1.77950542483585
-260.03001213583707
-131.528019367648
-0.7118066631268338
-128.76055218833767
-120.40956604653394
-117.75444827741833
-122.75801023091122
-6.279877441811897
-127.91274608350483
-123.94840872757027
-126.44724123415912
-124.60579706520556
-130.9596532584456
-118.8901747034175
-2.4396473990099503
-295.319149386701
-259.0326864887065
-117.75582347780583
-1.9358935478062824
-1.1254458137768135
-124.88889552948216
-367.0344060601786
-132.85863522890386
-338.1985289784408
-132.83793273328106
-119.53597618865464
-127.94071889711321
-267.52026968639007
-13.56146937161129
-130.57282125873374
-264.9175858014234
-136.00262808128147
-396.5713362753324
-14.927514248474255
-149.7346751699303
-144.2073585852465
-144.0148469118289
-144.49993277723178
-143.06723112928856
-143.66805916108416
-269.25993532869757
-145.47694920874739
-145.91885615500345
-18.332934346276332
-135.01135870747092
-14.33833638611243
-137.39726769455672
-258.3319223926482
-144.53326564163777
-137.8839395910397
-266.76344658127414
-265.6749712789401
-144.278906711446
-137.4674330729507
-241.28025146194062
-321.4543572516615
-124.35780445828364
-119.72342121880352
-130.23864164840563
-133.53957096320116
-3.887890794176923
-133.2450521809284
-131.98486550166908
-135.20774986350528
-130.70926539558414
-2.429986202201949
-125.12102637916446
-127.66897230042663
-626.2074690816465
-132.7244535337889
-119.12434341302892
-130.23987989872347
-244.8861925156474
-130.8970788427975
-1.0311600028919372
-0.5576892567342219
-130.54944254112155
-248.73374028545965
-127.30337543845182
-129.79085392149938
-244.24253749744906
-4.777213427113136
-7.056060503979253
-130.4215675419303
-240.84240853298724
-18.906926432034464
-137.02994015589954
-138.0257445476714
-135.95476324038864
-149.5796481709596
-142.02790081935348
-143.05078289425256
-147.86428086378703
-25.198075259444202
-135.54083105600108
-240.92048689417066
-137.57997062203813
-129.91454789037974
-134.5781150196411
-7.2008364845396065
-242.61731019423613
-124.61749104685428
-1.4611724903452146
-125.75709838556067
-129.04050427691212
-133.12341837507964
-260.797779372292
-243.68055568292047
-246.08306507891004
-1.2694965087700627
-1.918010478816044
-351.1799602111844
-114.6588864080987
-131.24544860886317
-136.12759385024748
-264.0535820095933
-354.85528259997363
-129.28031147008892
-0.33224461928883886
-129.34316242645411
-114.39266165827286
-119.54621116879318
-122.49759226759754
-0.09390366180839092
-126.73596013629543
-132.28166875517414
-268.4048491419719
-137.01646938877826
-134.44290159835367
-132.714103795062
-333.01024769997275
-132.74650245009644
-246.4307429541316
-236.37266188586025
-129.310560013922
-133.0452409155923
-127.12433957630466
-127.52015633340703
-130.21235925833557
-243.15956742578405
-117.3725302575549
-941.3989068959263
-127.5483108852308
-14.639033139789026
-134.50304072972162
-345.38804731415064
-238.23536296255412
-130.85959129202703
-120.3281996552397
-237.0586262972299
-114.70207020373587
-2.8431072338515464
-114.54951477728221
-1.1462349679956725
-133.42254719728922
-4.426020920366723
-129.05788086461013
-129.28560721460786
-241.40879551933747
-128.25230789602713
-1491.860027967252
-531.1766331325459
-1.646564732480166
-132.86099484878707
-134.2018595839413
-115.39919538476374
-124.07891179524972
-243.0054060019115
-131.50655418255045
-1492.6207844939129
-248.68777118390153
-244.11319664842938
-1.4574017201206213
-250.0628371482764
-271.46585454355625
-129.0067193709496
-262.09076506400345
-251.22288512148512
-132.7306047927939
-255.45186698685805
-141.4829956298178
-399.8444651263944
-283.9694664692497
-7.87482634501739
-133.3383802673074
-135.7663138203826
-328.2708680038382
-291.47103518462944
-2.294286489057777
-119.20226675783572
-242.93439518157993
-122.508184435971
-123.23315718163435
-127.15171457738471
-260.69285279504214
-128.25312120563322
-250.3681836385895
-241.21523990529286
-131.182335891312
-244.33983904003497
-123.46710388792759
-344.928464561989
-127.75018430865201
-129.1464441501602
-132.03076422480743
-119.04471631406716
-254.47356762903388
-257.69822995175537
-132.91424439451984
-129.59077227701377
-123.01346531881569
-253.05379065780872
-133.6924020484835
-266.2891488796044
-119.29102974948982
-131.8737224268027
-133.591998960804
-13.608955301433417
-402.4084947765127
-272.0680197198164
-262.08420557409136
-4.12060439618313
-1490.853354670704
-1.8056119661661945
-114.60065268383512
-3.0051892582065878
-123.64664477418815
-131.04795678813272
-355.45239717424784
-129.61739079296126
-121.73676540700009
-130.42638909287376
-253.71864681063016
-129.0108171352022
-4.176509138515764
-128.2089011184847
-0.7201298397738871
-404.13093635873946
-387.34356844158657
-379.02921131005183
-252.21866541335
-767.3178527204528
-269.3006243486236
-273.13305985897426
-146.17801184300097
-147.9215627535099
-254.64496417965063
-279.06270706124883
-143.9483267062346
-148.98737772619955
-18.308150721678153
-341.0233513741348
-371.98720444839716
-258.9105835373997
-275.39595781251035
-391.8970616266126
-139.72699152047076
-24.78028246573524
-370.7915473297092
-268.023830120496
-143.57862351973893
-132.71366138656853
-147.1831871443311
-258.62755607676536
-151.8170416452334
-152.30107528624032
-143.88247560775525
-270.15661173312776
-143.2696758076159
-139.4513037865882
-249.17244137102975
-337.1778758989658
-144.03619458839975
-11.826268481600096
-127.38422777340323
-254.4115854395959
-127.58467783318592
-243.79799536756155
-132.63730012804982
-128.99276096701186
-122.84201130355072
-123.25698553874615
-130.04326492108848
-130.44506642408587
-115.36684208348586
-126.63309777959732
-131.1493737768603
-132.51200921134247
-126.23742674285415
-131.08038246181937
-129.19052583934072
-241.62153421824004
-1.5739482568811807
-236.59761409554076
-116.10795807254264
-124.5249525197656
-1.3271581628037463
-121.5885542550672
-2.474358077676513
-270.2174063828245
-249.74976423547713
-130.4726312417532
-2.2263307656604656
-123.23076762531049
-291.6076599599699
-123.81444334067376
-124.8782957280463
-129.45624583205048
-227.74525579609664
-135.2429072422264
-125.16126301242713
-121.26175570067727
-341.6819593512596
-1494.0777091564682
-119.251116184854
-239.64204894572705
-128.54997579582425
-116.12460712821348
-127.88231812914034
-131.5522746493817
-116.98282346932119
-132.83820810998918
-246.94218372500328
-129.40272255349888
-124.2884685793249
-1.247474293839896
-1.9357130405547982
-1.914776851030353
-114.37258063339185
-0.9224888017616046
-0.8391972401323271
-128.5286608252886
-138.52517647884753
-250.11731536419202
-296.95161812008485
-242.37569573248962
-129.7809797187421
-137.30209067694108
-131.8911120858669
-132.86850663856495
-131.2418703375718
-135.13821622752133
-125.55966261557957
-366.1734992425945
-131.8860599816398
-118.12753471893434
-131.5944649399323
-120.46262722572139
-126.34116154117245
-128.30143602687846
-135.54036026164547
-133.82068379248204
-133.45736920408714
-245.03419181451943
-2.866467477711825
-132.89518536558018
-125.87615687885702
-127.56969626426147
-3.2261618499874554
-133.59633862895774
-254.9230251584245
-126.68691755449285
-125.59776667073346
-398.8417509790299
-788.5270594835099
-6.58674383310107
-5.106401792507055
-120.50932907425025
-131.23214447253739
-128.84404279484622
-132.33933009792153
-262.1523860707728
-131.5301109023086
-121.90802896289985
-255.57139446814026
-5.489082711192953
-133.50706571565578
-370.32315598131675
-10.757618808007734
-128.75094218192822
-266.8638440412374
-135.4153755306331
-122.7318559526692
-121.19640961914305
-133.4320209378534
-131.08505385538817
-135.42744508907802
-134.50141472623437
-134.78353872591347
-128.56947122581548
-141.11374159805845
-1491.0824149110113
-137.86199837849045
-287.09117947786416
-138.0696225064551
-133.3916583237561
-136.31739462384152
-139.53637850524171
-137.6757845524532
-128.6775425199706
-419.99600448232115
-362.64698618994623
-363.59654669514197
-134.900134048077
-3.6629572662132586
-269.64356605504344
-365.5231086802953
-264.54721587266766
-266.3471326491953
-260.5058947881211
-244.01213645606325
-251.54089564674254
-1.4076132102015368
-124.35033204564103
-130.7380978378833
-242.56157967725298
-3.1599153950839973
-133.01715609782016
-128.8766417237051
-128.48709560962575
-261.4844037726101
-132.56033274311284
-129.38030579732913
-133.2211200494895
-254.0697223019577
-131.87083817840377
-246.8714462908669
-343.7522332612964
-3.099503536261524
-1.44009420969291
-124.82626878551635
-126.87421967819895
-122.40082962846871
-249.69468216777025
-131.2865520650147
-138.30254710075792
-247.63904146373133
-127.48828451213316
-126.73864632712245
-251.18316926348595
-128.22987017050602
-135.85860033025597
-257.39217431410367
-263.1021834173213
-133.70257201513215
-132.7879544246895
-360.6095397076681
-131.69734534095005
-130.63519159131462
-136.0702318740418
-10.171295075604842
-242.72655920190473
-133.23402382112496
-256.5993893340086
-10.795419446856338
-137.8289639894199
-135.4937903050951
-127.29251453615541
-133.85834609365506
-255.08391596812177
-138.79412872587437
-335.2936451861726
-249.42364017849306
-139.23531836787723
-137.22834646089754
-10.285284649709222
-9.712931896622141
-260.09067424773764
-276.83876707988196
-430.3154133702808
-138.22265540292895
-236.41345104145455
-226.68040487493644
-123.18972035155565
-135.05348096169197
-135.1295494393926
-8.039561412591203
-1.4266451207094526
-2.0155922343936843
-134.09294233661075
-5.257079764282478
-133.78982361842284
-134.3613202119752
-134.1312827518525
-360.731066051581
-245.13889916347455
-126.80331821444568
-3.9220440865435227
-4.191349790747811
-238.9833099084922
-1072.2293067906724
-135.4652328070059
-141.32785509372397
-796.0887113319266
-267.6037945601851
-381.6432026536061
-4.187271131382796
-115.02258626850434
-130.36592764281065
-348.92905771650425
-303.0289996858279
-134.9522776563004
-258.16874478175026
-133.60428549173133
-252.81114991963832
-344.0057982706039
-260.8787796651144
-137.42371796505017
-24.304606786429673
-402.0454874744538
-148.94137229790678
-144.47000214178553
-139.5468705352699
-261.0368789425166
-257.6853347774087
-238.32001408361478
-265.77095432795295
-137.6697790052802
-121.8666988231767
-1.5717850527348078
-259.16084077000306
-371.59130505644634
-1.9834360847236017
-335.4522570231119
-130.62834171095173
-129.17135315756738
-370.79609457283584
-265.57632695784395
-3.099822964693836
-369.894904342971
-138.0675808888747
-247.70752308003094
-363.62514841481595
-137.52929609434383
-252.94298576432848
-138.51330676295146
-148.13384211293925
-137.64937145524877
-263.8296980838453
-144.27810910729642
-259.55409580242525
-131.37225407198773
-261.14393661779224
-125.98001189287844
-131.14831445277937
-2.5890241198895523
-2.6124003618409253
-324.79348185733954
-1.4591267261546415
-255.67989092456128
-251.7192721137196
-141.51085048941414
-147.35068831525905
-389.3829851611034
-17.74564312081091
-13.887779761011927
-126.29492055768112
-242.10403262149725
-136.26853042644763
-134.68859557926183
-133.38529336815236
-6.156204160678509
-321.7384740695866
-132.09273725830286
-133.18367704943992
-246.05000995486913
-127.57648985280528
-256.15979866205436
-132.07131743383033
-133.38180457528222
-134.82740866160202
-387.46775619191584
-1240.1572701698528
-5.09183568411519
-3.046462736473593
-1146.461620720326
-1192.97348272809
-1211.1207598788947
-1057.3904201970486
-5.7872753898490545
-1187.564060361921
-123.9986356811106
-1059.0628266168617
-141.8887217663838
-279.0822015852009
-530.6339858247787
-530.7670073198904
-520.7093078282039
-520.5370120862727
-530.7560860904665
-625.0763613096532
-538.9991980381169
-405.61221540126184
-404.56392850492426
-524.6024640327436
-917.8821527375615
-519.0117353714361
-277.2206152988979
-386.8989285113297
-284.56057363065946
-146.9796216821328
-134.91082786904028
-131.12910842949046
-279.02353801542824
-777.9837374723345
-646.3980524280543
-911.1690887432305
-520.1309245793929
-539.2781028297113
-785.007728793705
-783.401521106284
-394.62564734076733
-263.24738324905
-266.82064971273934
-524.8140060940074
-21.99183165662966
-381.46712136753337
-144.9080214677241
-149.7604942278207
-266.23393324372756
-261.3802494500701
-275.83787769696687
-471.73934630096295
-507.66999054346564
-399.38796892656353
-403.7976579867676
-407.5884307790695
-257.96030049621186
-403.2315720564219
-502.64027686902756
-395.5363551610948
-257.851828984928
-129.30033428797248
-134.778396871915
-116.26644579503588
-126.1763526798636
-128.36788867161582
-134.0398364849653
-128.96671408064608
-129.5998926291911
-135.31630523834838
-2.569214489304193
-132.95718315284316
-246.74761779566137
-274.8553518007831
-242.43674658895958
-130.48158319585437
-122.44772568450898
-126.01100699076777
-269.19790281537166
-391.4356300505228
-3.2273970496409694
-359.15779766912203
-251.76018512586657
-132.17592413989877
-405.73022797728214
-131.4107396424818
-133.131244036508
-133.67811026086116
-129.7078196327582
-1495.421311844985
-127.6647688806845
-3.0742274078703775
-127.15730285985181
-129.391325346609
-248.57815320973134
-2.1127061730996832
-133.33410946025032
-125.59089688849129
-402.6228270196113
-132.9894648037245
-6.926754748305633
-134.22535339269172
-136.19260282428635
-131.29181712704437
-138.8789002701586
-146.88318313545744
-137.5188857686391
-365.14509578256207
-12.373596840408595
-13.089552883170596
-135.0697257949819
-143.72028680953753
-12.86349722979397
-11.196912604479815
-138.30646735479422
-138.94970618082058
-378.3517555265633
-253.92804789028628
-137.55954848289898
-145.71694670531525
-135.321939237875
-140.3981149109737
-143.96252574757636
-384.8377623950641
-327.88508428722855
-135.36519399612462
-9.775689703875097
-364.5219963030394
-133.7164442186657
-134.6962469652372
-136.79026361599216
-137.16955188068718
-134.82529853454167
-256.0267049670816
-261.7613527971855
-135.88790415995655
-253.13303242181493
-14.248986424935081
-135.87037504702386
-249.26348812200342
-132.84521247134856
-140.59799165694514
-133.19753176903671
-133.98000178402785
-10.25448345213284
-146.0363915596484
-267.3663855759491
-14.012011319374942
-135.93710634047935
-413.3804733319159
-149.83121573567718
-22.73809575879923
-267.734199680424
-149.43747572780788
-19.9205927657654
-17.58279560159543
-135.66949694522236
-13.33565655675072
-136.65913997740603
-245.58680860325944
-268.3366972579971
-343.85133145144533
-377.6387082008395
-251.76987677681933
-254.9615631478909
-130.38514803472117
-131.39831675943228
-232.2205339189972
-315.0373797856727
-127.31356385678814
-128.1276018929602
-133.0569132107747
-250.56471042096993
-247.77175971809166
-1021.4895247107893
-1037.9102886220228
-4.562494214659096
-129.05266426779428
-139.19865470264114
-7.625425653878623
-134.88225808674895
-244.102266018221
-251.123188467355
-1.9685288045860179
-129.41257119860168
-1196.159740013813
-1080.4605114254553
-1037.3068248865518
-405.00531521743835
-168.88880598144988
-139.634681830971
-895.9816534321549
-395.5587656280907
-140.21844815057807
-269.5823704203786
-502.3262641741879
-502.7894693393964
-352.32013873854214
-394.58257090408364
-272.58227953638533
-386.9093416359287
-30.010618818345495
-363.8373025402894
-375.23744339233076
-259.16145507209546
-262.80483468837525
-271.2821366394199
-150.10955248710238
-383.2796164482463
-333.5091811795075
-517.6408958703731
-418.01371205923823
-503.63518756385446
-396.16042590983193
-398.6448171074961
-608.1049057529757
-146.699188596119
-135.2751935171951
-135.6993771568612
-289.7545609223247
-243.11103897812066
-129.9081114166533
-126.49670621883024
-259.0184308008641
-240.29037715254185
-246.18360771559387
-127.79476928805391
-133.95109906322193
-131.36279199091237
-130.35824771534416
-5.850506024630371
-6.446458093669484
-128.81838861188268
-132.65962732070605
-260.18849722593603
-244.96501673376062
-381.7076312038849
-335.4336146767483
-129.1703488859347
-12.22133956093145
-137.8612299638927
-258.30661893427254
-129.4857246737444
-129.8997995159429
-132.8872220139027
-7.791010941419315
-247.52443016982917
-243.06287508579186
-123.1697028025575
-252.61084291044426
-131.55721967358735
-348.03506596876815
-8.133433166756788
-238.06404325122264
-276.12954049987326
-370.99995509782934
-11.626105218198813
-368.3760373441639
-511.80605081068
-261.6672866837976
-133.07671775111774
-136.80879004720754
-248.61016081549505
-365.5950377006552
-137.96203509561755
-275.5292830737342
-137.77101555691874
-270.95422315925373
-255.4361078820175
-12.86040014114008
-138.2677275396336
-246.08575860923392
-249.74892238270897
-14.020101485368517
-249.40104023027675
-134.35237014314478
-251.55446523945707
-273.58183173148484
-12.27701048694513
-297.5387321775902
-138.18864775196923
-255.24324101428869
-126.82042306280908
-131.74048450823548
-137.88952692467427
-11.05710955333494
-250.98633774602538
-270.6805077442512
-248.0478425055291
-534.255038707523
-266.49317187046387
-133.6963036754695
-1058.5260060126786
-140.88214363510104
-10.377325377071703
-264.5160473705887
-131.95223934335155
-143.26766069998504
-1327.6846666928095
-383.88436733285596
-802.6127866829577
-1370.0802016320517
-3.2285319100797443
-3.2777267117194344
-117.52974224637943
-1.8357040331997097
-1032.5847007351542
-116.44307838856143
-1255.6617668993642
-1361.5460374925563
-1591.3706116586957
-1347.4172427701144
-1585.8398876392775
-1326.856856296183
-1357.1642535779988
-1383.1150499982853
-1589.2437362950463
-1617.0404603037025
-1144.8127103723184
-1069.09955424835
-270.0267510039366
-128.86412819192225
-245.92787784184483
-377.7564057761928
-276.08723071805565
-495.251292002075
-265.64952262039236
-1.359892582854289
-488.924143152894
-2.9054808618313963
-29.243524746988204
-144.09981767158348
-244.91189328264005
-252.3269048200548
-353.33433689286073
-298.051435178677
-2.2441979267358185
-130.9659000650288
-251.66799478915246
-1.8769478796247288
-498.09436257189043
-645.6225265074196
-628.1674753147994
-240.0552803317756
-126.98792068189523
-123.770738104079
-776.7707257371673
-125.80929353587743
-657.03963614661
-802.076734113674
-652.3674077914665
-520.5885351201551
-130.49515162430012
-432.2847373066839
-256.61199098947316
-263.99026143232186
-133.26097538786507
-248.51817159218456
-361.8109458179258
-236.81789774916052
-119.19679973654314
-247.7775699848346
-352.31364270500444
-124.05080598850692
-244.08405526251212
-125.52805435145991
-121.40820601509893
-123.68288601260404
-310.3256864659954
-369.2203976754435
-121.25279529258061
-130.32207645848604
-250.98316014247072
-130.9864301366509
-123.93264050107685
-120.13854859278648
-133.16964193146762
-128.45177877039106
-130.52516910527856
-129.04880606900133
-130.34067493945687
-366.12898931108276
-130.30239483744654
-130.16456920789162
-283.4886926415874
-338.8498054882801
-129.15768386304765
-127.85544209829125
-337.66548867133514
-5.794843149885495
-133.76977392546823
-299.81784376083027
-125.80799331487938
-128.02017883167113
-2.085372566215239
-119.4484930951342
-125.55394783192527
-257.3483687089146
-238.8563512336559
-123.13531669155347
-263.5623003045462
-3.044630805583073
-2.471103903557034
-126.14781103286211
-366.99886821403834
-131.26871965065587
-253.7855963677609
-125.68008121702276
-451.1811732355197
-117.91744744583319
-272.04750850016336
-3.1279870478965557
-131.36750300271362
-262.0800179591534
-247.8321489995536
-131.4698087420002
-240.34845959484832
-3.373565381371558
-252.7398362159065
-251.3650698364278
-5.653315406335916
-3.8708336295710497
-256.65768094155106
-131.06618952323933
-117.77717807431756
-260.6932038636782
-121.04762819629097
-233.2863185431789
-313.8753653503198
-251.62541052845697
-124.52693431851206
-134.31347631687666
-119.91248216373774
-241.93577584857073
-6.161280898189543
-252.64901098641053
-129.52386838244936
-244.0693467362197
-117.3902780177059
-4.5024523854444105
-248.49733610309772
-230.5369352950544
-241.21943930950883
-123.25846131234381
-130.28552460551114
-240.3957702848782
-128.78015597078576
-241.11816416587533
-129.3893634434527
-932.7755478284827
-895.7790155928654
-305.4389478876528
-247.92150152664425
-119.99376149341174
-136.5090692681031
-7.588539348463874
-250.77708835125426
-133.11476887459165
-920.4660211112563
-115.71232075517965
-1079.25427134177
-1.4526713263965103
-124.17092364384756
-1059.0124331593486
-245.6342058783511
-266.6829514708097
-4.923191416518129
-1059.5477760332283
-517.1972212653212
-236.84535991004418
-131.48764883228029
-127.99913933449427
-131.1968554259057
-336.3908595887862
-135.82326559974123
-129.39889405984357
-133.08546183791702
-237.52118537858686
-9.667710429176996
-21.74438225481955
-366.95544665707774
-141.9464753212652
-14.158580520354837
-128.56015782219
-119.98851093321404
-121.62668321885212
-389.2096811844661
-129.0418192386631
-914.0132627663565
-124.67171301124692
-123.9014294334495
-245.86956570548742
-240.99187377359922
-117.35317299960708
-121.44360463074867
-123.38079402567728
-1041.226548732559
-243.7884952466572
-124.7642570997306
-6.719750636840714
-1273.2843434008385
-1274.3182069900538
-1245.5937318240378
-4.691471427039784
-1360.0038030522085
-1310.6128269661071
-934.046432115435
-2.088103490157464
-253.6736336646967
-919.7413024491091
-891.8485623720447
-788.837007482728
-279.36883704173255
-121.36199680377739
-126.7815654183012
-126.05048052539104
-1.538890920597859
-246.7904683238662
-256.44085555581495
-126.89932757330915
-695.9188689806721
-251.9245569162662
-1493.6350520628334
-373.4492376183209
-252.91002986415566
-120.07659166611322
-129.3462356431624
-251.8866428651422
-130.77793324682443
-131.01328136451514
-255.2806543070669
-376.9832971255966
-129.64811231828799
-482.89175967517144
-375.8750465895468
-508.44303739633557
-3.4288519400296775
-130.0144532846636
-259.73243406869557
-255.8827051377085
-242.5646759042417
-253.56554408576747
-4.706378283396403
-5.615092289459292
-3.498031104173985
-129.70498999295867
-2.361507818776907
-916.2435604271838
-658.7253420519214
-127.5197067633435
-1017.5511380199512
-273.1655668640859
-129.45705300156555
-267.4587799367665
-245.6268478994681
-133.3603190470729
-365.23083704040573
-530.3066772377903
-265.0505378153373
-127.12523410397476
-384.15348673956777
-266.47849714149453
-307.51969980094765
-268.9660944062942
-136.73050601122785
-245.10754157221297
-2.6584117000490575
-1.5787499392081172
-131.96422730466696
-261.8090299277766
-131.6421415939304
-3.558542104923738
-379.27822425028313
-361.6839835678822
-403.0023806165152
-130.0574895923822
-258.61777681386326
-138.14046956895672
-2.1566889875815725
-249.38649226178356
-393.01803612314154
-245.52484948343815
-117.5143885488081
-244.37418638259788
-123.0284485133798
-131.83998727917344
-124.05813709472415
-126.29253666376631
-270.18565926765433
-133.53969912192366
-1063.474040843114
-131.89009156863315
-132.37673780753957
-131.65392668046056
-121.19507182652588
-653.331630903351
-928.4939607003487
-3.8310971471161523
-924.0643370696528
-238.16639340327026
-130.37718366202265
-3.2690475138937214
-129.81711421337982
-365.1328562852723
-131.95519549501597
-263.1323955281773
-125.40811733065523
-130.5413590339965
-132.6855158269255
-3.958365152794155
-132.5907287280104
-249.84872872799642
-130.68540691362375
-131.6709934998437
-357.26712979032015
-133.43487503860982
-128.48577550035336
-371.26314039522686
-371.00899921022693
-260.31049625200706
-132.32436850955202
-355.63325664957733
-132.69462366853477
-345.2909785018229
-127.92010257615777
-135.19494100868116
-255.95852765192572
-262.3588730380822
-436.45761640149976
-128.66479237704561
-3.280861286010909
-3.0154920986356073
-6.210875269656836
-134.16499225366906
-137.51003264925856
-130.82754197737475
-3.8411627383226805
-278.3437539860876
-388.7130604006228
-266.6176868919726
-353.324734023744
-253.2620248988592
-1.9265688699682426
-128.43174019221584
-270.147614859492
-282.0280134621818
-129.11754084080522
-393.4744964845381
-322.9073372643505
-388.9740391266654
-269.2370972221527
-263.40590533761196
-416.5014264760697
-365.212059502412
-263.53128881508155
-361.6868782033321
-138.5900622161065
-139.8337393973635
-391.22838961602935
-286.1996592072344
-260.28079094697125
-131.299758830781
-264.85190302947194
-127.67604882097048
-119.09510482558717
-140.1478804456709
-136.36823498581077
-372.43058412644217
-135.44929674958155
-135.07089631649905
-3.8450605685072743
-259.98901249459357
-122.40156748895298
-137.76814393534164
-128.8430465275715
-2.5143731687230457
-138.61998184344236
-261.587768510862
-249.78013000028147
-377.3449004035206
-128.59680579799803
-139.76631722393128
-331.3618568978683
-253.47530870715778
-122.37531750604387
-136.59269793113538
-1497.7512468265177
-125.2254264022544
-139.89603534481054
-133.21742183161857
-122.314707786514
-261.4312720244369
-4.295200327593235
-134.55207447913082
-137.17624758949205
-3.40699857255771
-2.508706892471087
-260.51751975692
-251.73750968279538
-363.0618352375217
-124.6602342049504
-355.99463762251156
-119.11039702714665
-115.94009675945033
-292.2263299019687
-284.92774581159097
-237.8778651992375
-117.00306050797221
-284.04323479551715
-124.24134999615325
-128.96662882679317
-3.1361936384353792
-262.47551183787
-115.8245283635968
-115.01573461750968
-139.6501005624853
-379.05996686541226
-2.750335026952887
-136.08598531887242
-353.9368404285357
-136.4841662931497
-119.36288265004922
-122.48262828473361
-238.21157776091175
-123.200572916909
-133.93100112627977
-133.03595425216773
-127.73764168898012
-245.59158101780775
-338.0282198632117
-130.023550686857
-10.347021336105561
-363.91129448118295
-136.0902198030221
-130.76288132243747
-393.5517295613917
-132.92183927759365
-263.689219917384
-355.6933282089606
-136.84841785379768
-125.54958380687563
-263.4919304670357
-811.628549697335
-137.45997143709667
-135.9431336152829
-121.71699122097039
-141.04969416514086
-8.733003083081709
-140.37915890248522
-124.31914632315078
-488.3768083327128
-128.05803883791148
-9.334811972292908
-359.3388040891664
-138.5631461347263
-240.13585777935725
-659.489744293367
-129.67691555591117
-1493.2940841143052
-296.1528689276324
-119.27626387030845
-139.86993681776127
-263.3771977191598
-135.16537419006391
-250.7408943041036
-120.54996876188451
-129.38753503895728
-276.8254703534666
-124.03261549044923
-230.01528327172525
-134.5403622176755
-138.5104584418835
-124.44063109224777
-1500.7058554360706
-116.76186270979679
-3.6467838327885174
-134.43050438876975
-4.1494569453700025
-114.99716716330282
-261.22019743588413
-3.49218323142952
-136.64346660555606
-2.700053951824165
-519.2506999127843
-132.82689221945915
-524.1929119521546
-135.25932556415228
-119.35561620520146
-280.9016784507306
-130.06815937802563
-133.4794483314253
-141.72788580387194
-1.5137986862558148
-129.28807404842735
-338.7692291788671
-128.3098578775146
-2.024753074488605
-3.7706748744365948
-137.89938683212108
-247.2288515035021
-130.86705506761132
-263.11276141480005
-2.908024815051236
-118.0653062329123
-5.782517288952514
-394.6314518193147
-650.5943629390914
-273.1156151032509
-125.87553007135368
-133.03970733711304
-5.108582361589727
-136.344088681633
-352.736412962467
-2.6975045561126176
-130.29310041484322
-3.439980751049411
-373.8665613698536
-268.4043219914472
-257.4160715306095
-2.3878295349244842
-124.35810993487752
-119.01314028615614
-257.4211168083497
-134.2802646339042
-263.009923781192
-234.3172999637537
-131.98476799310922
-2.0171049613052823
-240.61257772194475
-2.3115193666065177
-324.29991026279646
-133.61290098000254
-314.9436362543936
-270.949160070872
-128.08791685313793
-116.28223615761037
-319.6005999024391
-135.29121063610873
-248.9173912118822
-291.32552784394477
-138.25201047398025
-254.5119208307744
-125.82323025081689
-252.317064479057
-383.2864982977658
-135.70703331850643
-134.7233057625029
-8.619177475031009
-127.7092546992005
-268.21635117664994
-132.5017201782025
-140.63723770994238
-133.52479473400814
-262.75179684661214
-133.5068566133768
-130.99980414503398
-134.4286513492801
-139.19235294937786
-142.9006396285089
-133.46820362895608
-132.41177463970755
-6.0550228752013995
-279.3891936551587
-261.15450434867165
-255.77400771927964
-137.16521682030935
-134.57795557343402
-5.745519842134179
-394.0450824575458
-256.71840066155374
-7.774758154260704
-142.1524141619148
-141.69553040323308
-12.898703883820158
-266.84257591268886
-255.63108978838633
-261.3885125207301
-385.7671839577892
-257.4458606813311
-259.2411139764234
-118.81342592536477
-255.56160449472023
-129.7683792303354
-136.09133072132977
-387.26138706307273
-248.57758029452705
-395.62127716762075
-134.25510362875158
-261.1814650722984
-388.74448327198064
-515.3087304303538
-400.55074822285644
-245.43403034013565
-130.84008897716632
-261.7729895124048
-252.14158069398675
-2.1316844762358635
-121.36596983588251
-131.28630556038598
-135.4254321387201
-1492.6244098370432
-263.24882271238613
-129.06010241262004
-257.0848891504928
-130.28714275812476
-5.704934247905243
-3.498537712932904
-128.35408683785064
-4.052927695712222
-128.51850149853678
-258.5590716512802
-375.31977837886706
-261.58359637785503
-118.9626200546171
-2.7137850908917804
-124.83564656426027
-402.3190493596197
-389.19593239266004
-118.99975840210433
-133.21126765994376
-128.33405220035405
-135.42049903990323
-391.35217173725243
-124.1145904076817
-375.96666179906913
-245.36545089140353
-336.9848430143475
-325.00718618223607
-124.31358682852004
-228.93186296633803
-311.65406144875965
-123.48009541708693
-130.35885462931188
-360.3945151515303
-120.3942012678571
-922.9126019837449
-942.6502859454325
-247.3499129350005
-128.4400653280797
-939.5756727276207
-653.4802065681689
-250.94682216103584
-7.9275500631421005
-1492.0017027793642
-254.7279321467207
-242.28555169856827
-365.4750865581831
-7.417283449705357
-377.1410849975969
-315.2854781373119
-126.31307813948916
-128.18587254309182
-122.91493269802115
-388.2867262563039
-126.21290811737043
-130.31024312196524
-372.60736534760076
-2.977745098048902
-130.2864168985843
-132.4495101448711
-293.30410474008715
-131.15169009573785
-265.7841909900675
-123.05030208010608
-255.0998466176482
-230.41021138736457
-374.4810584991583
-245.46503758907946
-116.93422232943036
-122.31122370402595
-132.35720568647173
-775.3708310568868
-5.169977024412673
-245.69820133213747
-4.1617974429429845
-125.85731991394783
-330.7574661596452
-2.1812360778098827
-128.66118129677525
-128.84309891978037
-128.46371109183028
-382.51596378717886
-358.4577858234414
-2.072616949003985
-227.54460680344232
-129.3124490952376
-292.2004032823843
-243.63044959960186
-132.504173223384
-1022.0230021863788
-1060.6688200832234
-1104.256849445876
-120.31573306017164
-119.1151644672091
-1001.1566709511627
-130.05883287335217
-1065.3535268784976
-1068.7228322288527
-1013.431894640657
-1222.0421560742304
-1035.4382392401067
-122.12326302821646
-263.03206704483847
-128.98929956451647
-128.98940963189148
-242.439918617041
-130.4382245109839
-244.081172550818
-5.32619883304797
-365.15536858593276
-132.73258343184654
-240.00561222931387
-135.02334724483268
-132.50091329642817
-268.1720931188001
-122.60517909389745
-134.643954378728
-124.76256714644484
-136.4263377930978
-121.66504577319766
-136.04061719384225
-275.6100788421115
-9.305719535282888
-248.28741901442442
-132.69553837911968
-125.26856358154808
-130.85989287471176
-239.837667135836
-130.9754393742867
-357.25792382313494
-250.7981672381511
-130.5669332495797
-124.59185976028805
-125.32924842153909
-118.43859924818105
-129.7335258306126
-249.7572402581956
-127.5969628740707
-1.6158330053092531
-378.1422154001503
-394.373350584367
-368.0141423083886
-256.4520063643678
-265.44134281082825
-129.76015726770837
-365.0154312957767
-249.5338060892144
-244.62273280212176
-286.2293202252246
-4.515002191852558
-121.60889709357683
-252.48970120857805
-233.87545326787946
-2.827063262781074
-4.710320794612251
-326.32012635632657
-282.18445618459987
-324.7936439273975
-361.8603173908996
-130.6535876814409
-251.7567947708852
-250.75613256319136
-131.79373632089548
-381.42075925647873
-254.87466138514736
-1.8525410363208288
-130.78928278865445
-464.94603577371595
-256.85194943671905
-235.65765774514452
-253.97261993222753
-2.0321804626430366
-233.17711868145284
-124.02807964393139
-127.09179216269267
-471.969472636525
-253.13971008408228
-921.9436483782839
-382.8397770798054
-257.6778171614385
-822.7538654847399
-374.090288472804
-802.1517063875577
-225.81137370682103
-118.66459311770687
-239.22775154429746
-331.627597194129
-124.34686946612564
-121.81820294895822
-123.53997622934251
-255.6575845997327
-482.6773335989041
-253.4241301724879
-257.7732553348491
-261.60816824970146
-117.47369996104956
-254.2064080104345
-260.8091806101104
-238.4657284343679
-9.11130458909174
-260.5905487243401
-253.19510519809432
-7.54750421891711
-381.7733892188225
-261.90279794009194
-306.63128085433186
-789.509615255649
-136.18547445835807
-884.4576270743937
-254.90188309414054
-259.41309817274646
-128.75082330271107
-118.17404393236525
-234.35045233014085
-361.01275620021084
-123.97993681937139
-371.084156162818
-4.293381034246899
-467.0006234593068
-377.2450173498431
-368.7202600926709
-127.8539467366589
-261.40999582057407
-264.2050127125306
-5.031691779015818
-116.79009506571514
-235.6167222503477
-253.88498967635084
-128.89146426960988
-127.68417070306866
-124.9027733008717
-126.12949079849915
-123.77543537652612
-137.02847808063296
-2.961601039750206
-361.82855408079297
-133.51959009112542
-126.68894456829072
-134.719855103072
-315.11969466325394
-248.50203430934957
-128.63153473218313
-5.618489006732582
-288.44562909423587
-128.34148748472813
-123.18600661212008
-127.72114538617085
-132.05070387320404
-2.9296854721130527
-919.2071916589516
-132.24951926932397
-128.91722861137973
-129.12031426143167
-130.59993286224363
-1.5363525578032189
-343.41066689124506
-126.73088079405333
-130.96766143975015
-132.8641613943111
-127.65872046843333
-353.5297179691262
-244.27172674194787
-249.93353364653458
-124.11733853029381
-128.88127419240038
-129.23868138085305
-250.87738917021517
-128.46183212479033
-130.03547460887484
-131.78780260777913
-131.58316466158217
-1045.4873059261029
-4.116706883044132
-875.8446300501444
-129.76500218534702
-115.67665449682809
-125.30554828725226
-270.15540758610246
-126.66765427664568
-321.7046083652394
-127.16024401621112
-128.20639245996693
-116.31478892264894
-133.645127117415
-370.43523461975167
-130.2125452282303
-121.8971691846107
-288.2772285072354
-234.988505937113
-269.05263356876503
-131.83379564721443
-123.20536497446467
-248.96793582441836
-251.82986054614673
-277.41041218346675
-261.11666186981546
-263.7837605536769
-131.66809917974462
-373.0080156648645
-255.25217401596106
-126.22960843151445
-264.2839889215294
-132.30799476091295
-361.6180320585239
-135.71930593502861
-9.456367383438625
-137.53624315862893
-971.0699631653224
-129.3613210195817
-257.1215965750056
-253.4104084476307
-131.50039252113731
-877.3907827635772
-244.87689757267196
-8.81743527345333
-135.07878867902957
-529.7202534099093
-9.008029864100148
-266.18019968169375
-248.41789106171487
-9.8259405618733
-131.83221773031934
-13.237751735838085
-138.93318611059533
-248.50864764428127
-129.88944592534315
-257.0351902101629
-142.34941788311846
-134.88538644368904
-231.35371911645174
-9.755796392110957
-134.8434258683591
-7.264923968765221
-7.912350695634105
-7.589047251887203
-134.40564938355843
-133.17687324201978
-395.8096477031479
-263.97861449861074
-7.187926541304924
-131.6746526829615
-908.6007701144176
-264.5563567913881
-652.2199883533207
-264.97649889941954
-7.620605235766629
-238.73029467505
-238.83400380612483
-261.4752469499828
-123.40453996658424
-128.38006796198468
-126.43293412142424
-127.48930248455822
-384.8885421338269
-133.11412609146026
-263.6324217059286
-131.31303489692937
-5.4709866529570075
-501.1776509261016
-122.61508257608064
-128.01618550421674
-271.5233762084239
-257.970224136808
-126.42314812678579
-2.6204344460662985
-353.47080015295023
-237.6682668101781
-2.9135478896259417
-3.669878555959781
-129.52844687698814
-374.7265397145294
-332.2793827236764
-424.0844482563076
-258.9430335528398
-261.7434135588367
-129.19923939345622
-2.6901120398736036
-264.0986775045169
-255.01409681222117
-260.6709111545732
-246.17328820787938
-231.06173318747108
-262.880790815695
-471.4714169341406
-264.6400845004346
-251.24394930217943
-374.6736680875095
-378.7558735818766
-263.2597194054559
-263.30171300634106
-131.71124945239367
-123.21406069621345
-130.56804141158392
-238.65838450430377
-336.74937131406944
-5.139848543774009
-410.7688455569872
-243.05505202506416
-2.736493257136885
-478.4340439653871
-266.00668313189783
-400.8465418864024
-1.718602512018604
-258.282967543566
-255.57992629038466
-1.7174681288010762
-125.4562690420738
-388.18134905969544
-127.54427375418253
-140.3983584810762
-261.4275521567615
-124.8621052613494
-418.7770412684362
-134.7375872168726
-261.49633823037055
-264.94491460693735
-259.0332140815494
-373.81645879205274
-117.93411449072909
-258.40428683382567
-261.51609693583646
-124.1904036478399
-260.462068057303
-260.24606266810923
-254.26713792844376
-3.944985452871615
-3.807900945746268
-131.38668065219127
-3.65712981231365
-264.52708166878097
-4.889501748988624
-262.269203197985
-118.0833081527662
-266.12328420958016
-252.48994369672576
-243.05916566088456
-122.41311812303185
-391.8004068708734
-260.3673150064396
-130.08643940733768
-393.70790924213
-376.86024462661425
-3.3340867483458365
-2.821068322950005
-127.37539700136085
-261.9244569158508
-267.68328146191584
-2.3897928591261057
-397.45924089519843
-474.75020681168763
-262.3066155177824
-120.5159534064506
-410.40318124426625
-265.41161928830553
-379.2853871829716
-338.0218908097132
-423.96416821440454
-2.5480431524720544
-244.80502576850972
-1.5366382818011992
-499.45975964105816
-488.75600225495754
-123.10867873751248
-255.92745832034754
-240.88103893718247
-122.23374623947701
-267.8866800306126
-256.19423310988407
-498.39085021242335
-481.04193575061794
-255.26261120508966
-268.8579788241058
-126.17567045650745
-398.5375377293364
-1491.0215882373986
-378.4707341400194
-310.3428858972391
-144.77310597006138
-382.9346354702113
-267.9752494957079
-130.23515264981032
-11.650959751500507
-281.80156377279803
-793.3160027140615
-649.156473077816
-132.18662018363443
-134.52483415934586
-878.3479647480134
-894.6349248916349
-837.5840554368883
-256.85200459646205
-668.2476888924747
-136.49637209103918
-936.4224469042277
-250.71285450752967
-128.97459754451168
-131.54201713574201
-130.2700610786614
-241.83496588280914
-244.469215520204
-259.0517157069482
-261.0672302787636
-345.97504811637083
-5.752723053436625
-138.78525314253247
-352.02092296408154
-253.3519978633488
-240.9637704260943
-3.0464762927588245
-131.94469682110426
-925.4994793100094
-4.036402753330118
-1023.0826846824865
-396.2172837733575
-387.0739329054013
-263.38183982162377
-132.03809849523603
-1.9723447119804836
-246.23717742269778
-124.45256640517186
-3.694271086698741
-126.44643267914412
-2.0697144751291376
-378.22918117608526
-257.1266049830683
-1.5835982235530022
-261.1910056228302
-123.38959662437854
-115.41290744880041
-129.93229771627472
-1.896636792516246
-241.06063219344918
-126.70258005885456
-250.82567267211334
-128.14722401646316
-4.677562120137173
-4.043074247729412
-394.35574824088786
-264.2098684118606
-250.93165779171693
-128.76077791852887
-7.623662266995451
-252.4421169656608
-118.66746995574466
-127.60549477300655
-917.6323333043791
-132.59228874657228
-376.4938878613783
-362.720445472791
-132.36233180371224
-127.3802770722877
-380.8084821091641
-116.3675335615224
-126.56675080834131
-330.1596767637216
-244.8027935892334
-229.35562665044256
-119.99031833926732
-1.6130082419498637
-235.2542419342943
-125.45795589817898
-123.67628485632227
-118.56873632852114
-241.23131393927162
-365.3977186557114
-401.5878432467345
-129.8803609476163
-124.456529733613
-125.8497822781532
-365.5764716587906
-370.6398512943373
-122.07186314741054
-131.29931363764538
-273.65088576242243
-126.21522402025082
-272.3052922604028
-432.639660868773
-131.4662299502328
-131.394252789915
-127.84917041867013
-393.34280385251026
-271.8792330192696
-257.1546819639907
-252.93139127136865
-8.300377616929843
-256.50932227822625
-559.7225416457031
-919.4131587194511
-6.858235992284703
-895.7337153250103
-922.4139674658082
-906.6942977626996
-786.1557165397782
-1103.1057105556479
-129.96331672656373
-117.51300657070068
-130.42886508326131
-262.14187013768935
-260.58167236935566
-131.6947067550133
-134.20016742784912
-125.59554056539682
-130.68817096662636
-131.4911118538902
-130.91033482710094
-131.0240894015884
-245.9947572090073
-136.55775712562306
-260.15130777767547
-356.223111681743
-135.19823140074956
-252.02913634711626
-133.0778155346438
-330.35173456982096
-131.65476610871207
-124.63803055519146
-279.8755117645124
-134.7212943317849
-284.9433212579903
-5.66803007368835
-129.57912422982335
-247.09963424554545
-130.349613072188
-127.4260992448843
-133.45572230320724
-376.54952757737294
-237.47308664103042
-259.70884072074824
-129.20493401667954
-130.77981348221067
-128.76155385739065
-128.81919843312724
-129.22217635118662
-334.60622431719645
-129.02021247651686
-133.89427414032548
-240.12952240079068
-264.5547063571639
-253.45134864698724
-135.12275363323474
-127.24041731664128
-129.7105007766058
-117.93474727022216
-355.0303999425461
-127.38904279513554
-134.03638924142493
-131.2018254004431
-2.7431507082872972
-255.93406108056183
-129.89818202216946
-244.0358106197198
-127.56015319721729
-128.5489736578539
-126.0006701214557
-246.24671654066006
-129.72257586732727
-2.1107066246130963
-116.92111186457382
-125.25700016909204
-129.45336300908514
-4.6790709381837665
-4.714833566165174
-129.3201430221881
-119.24686414502833
-130.14708306922006
-124.18809201586674
-248.77992730810058
-371.54707438945866
-654.5477382403594
-131.86421612902762
-238.35313762124176
-246.20030929933404
-129.91675829017564
-130.63979994595695
-124.89647531742938
-125.33624040929492
-315.14864551896414
-381.9713869572425
-130.86473343059444
-1.9787984553404017
-2.292653667947743
-244.86605481441174
-7.803900331453877
-135.90572971323667
-137.44399772274218
-135.14304292864068
-132.24820739657852
-363.2332107248097
-136.02169149460616
-309.31239141432894
-125.53558490394714
-2.059268601744104
-245.21255394395152
-255.19392755028258
-246.56557911633553
-132.9367110027176
-271.6966385145212
-130.6164816475678
-252.7145948794325
-256.3951337889592
-393.4900210606768
-247.82085773305198
-313.15491433540916
-288.4569927559859
-129.5102462865488
-127.17837954960405
-129.38520090456896
-289.74823752000356
-130.17383246645525
-131.57045623697934
-117.53959610481658
-128.87911308419478
-130.75703785998093
-134.96178382459013
-124.29556299357246
-247.41849523759154
-5.604378002270553
-238.19376073432625
-127.1376035494808
-1494.282841402696
-402.11966209932797
-140.864687307196
-6.793111259498538
-931.2742035548926
-247.8087215120108
-129.40553036499958
-128.2977778808066
-128.35397058851404
-238.66255726947801
-248.4490743028419
-131.31659084327418
-128.51544847801404
-128.93089117636472
-256.61066007682643
-130.07407602317906
-475.10248897757606
-127.83596905247117
-260.2346518276629
-129.7646450456022
-131.69243348404916
-2.1362267488067817
-128.28178270817963
-130.4621597823871
-130.70280258669288
-493.74361120824
-237.12242774115825
-2.4504077750058686
-126.84783313936342
-134.0207104800289
-125.28859904286516
-127.48111379840955
-127.12316243753934
-122.60038773158274
-237.42877070881048
-122.66532936951866
-127.32340303125163
-125.53020194790845
-247.16621196748235
-239.78880299655026
-117.97110034415783
-127.54640060925622
-130.34088246686548
-135.28131996777998
-129.71027595901586
-137.1520231882927
-135.1922259534948
-380.1337180192714
-252.70078239054305
-134.84375373144331
-132.3484562941919
-131.10145093831397
-125.74618631237956
-252.39073612757605
-126.351206073473
-336.771623424886
-115.60605834903832
-242.60239115359687
-258.085493969184
-130.88734251636228
-248.58206553076323
-248.84231604113262
-336.1526327035138
-916.654790440211
-255.8849334364879
-119.94884401207919
-250.92342079452717
-261.7374845987259
-301.98135070551314
-128.69955085222003
-129.0796882785476
-129.2279037271509
-125.20072460740323
-352.4175794358176
-121.1251320064476
-124.62772921867374
-243.6377439625143
-244.59701538200588
-245.90602035110325
-128.38137204105686
-116.57263987150587
-124.88808840159842
-124.29225033788036
-125.2443028720268
-133.9083384036229
-131.48081484117395
-128.498448488185
-128.78529015795147
-118.23343101337011
-5.211423059997762
-6.280610338219739
-132.32548824511326
-127.51018294994348
-130.49339919030538
-374.3391970668357
-257.92307334628686
-143.55619858673265
-255.7260990273669
-9.55289460894755
-1498.472467534903
-8.538460651262326
-122.43932755704853
-122.55232226181904
-3.7291479038474686
-1057.1273969273882
-252.08894904608118
-387.8289599737448
-1062.1845185916764
-1059.6683294885322
-6.820551681032696
-1090.5114140701428
-130.43723357830882
-1055.679327712875
-290.77975070996126
-1040.6659951772556
-1032.0750002433554
-1067.6316695081257
-398.6866149914057
-135.77157036184934
-1494.827181326403
-138.55240044007985
-139.04485468799805
-915.8511911655092
-15.202215511868758
-135.45919140143297
-133.6196205426483
-140.39036312412574
-377.2600358786525
-140.0259035416355
-12.16849399334405
-14.273077240251775
-10.845427708206447
-132.7327458005705
-4.798687862151445
-1501.5570386693078
-1494.4920083463494
-128.81242884490152
-131.24900154692645
-258.51325968510065
-132.35879738490507
-386.84623511711436
-134.83158835684895
-131.30050461428726
-260.65896030065124
-318.5614154762085
-137.09984210581018
-246.94161802913007
-119.32908083978128
-132.10782975029804
-135.31346754392595
-128.74466370554615
-1510.3135388072312
-131.65834822144316
-133.27512857840316
-262.0311484757991
-4.349264134289286
-131.52936269689897
-401.1196539356821
-3.841304351175103
-123.8938197198482
-116.39786576825936
-131.62186083328137
-426.28679293178675
-1493.509117007116
-273.49035686704934
-128.316535075718
-125.61119977734562
-123.58978632778754
-128.75189354758996
-130.895648180656
-257.41997299405824
-370.9029861870007
-131.9659034517631
-132.05510323732196
-5.022610782168479
-3.189787795316299
-922.7085838911621
-1506.1486112939153
-121.65533864939624
-1111.8251121833573
-1495.079524451805
-1060.16454701955
-1201.395272057944
-7.786096085988178
-1184.0497950983627
-1095.0009936015172
-18.94730067499492
-1053.8763968715577
-775.7293596973752
-521.6085366890987
-635.1545011050812
-496.37711787139557
-373.94608272668347
-137.9014259140427
-137.7243608362145
-265.1882057630909
-122.78026078277364
-308.85337770964577
-133.04936376028041
-8.568691297956207
-256.6635916852401
-129.51884457720055
-118.70681798365509
-133.07732198307573
-1.8366146866876556
-126.61032383612073
-127.96654667665673
-130.9839566801966
-128.14519563491044
-342.1362269027925
-2.3657859150676943
-373.7626047062893
-131.3594317865406
-323.51442527850503
-10.034812964218341
-261.1948057202115
-13.471042105876469
-254.79339592705028
-384.6275233592141
-128.60192848862366
-245.42393650438453
-385.6101733585166
-391.57432611163637
-394.29166273688065
-262.72417262053517
-263.03801024630513
-138.95397723627934
-126.98812757659924
-120.54496779346414
-134.00511570041337
-253.02202422334148
-132.02012651992644
-359.3459539164031
-3.55214788198777
-250.5892815732977
-253.53614203508016
-252.82279602563386
-1055.2119541857176
-120.26937776632339
-253.97197550774163
-240.72473566852807
-253.61757646581438
-132.26134803280007
-258.5034779994729
-245.77401521889686
-128.19796446999123
-248.75489636425633
-370.88710779587564
-241.22219473602368
-253.4559662548611
-256.6885059791263
-241.72688921119237
-367.7995216410271
-254.89466213090134
-128.6810387631991
-134.4301128777696
