-1499.2358873010635
-1703.663926498046
-1318.077341937099
-1325.6873097902653
-1382.9230413892064
-1489.0384060922406
-1394.4836285295314
-1258.334599620376
-1159.3710116969849
-1239.5900704266212
-1101.6122668131504
-1206.921756609201
-1138.4433211859096
-822.6455176603536
-1506.6606948789047
-1519.840370647196
-1080.325817713722
-1197.9293548387188
-826.9814668013581
-649.6709225663403
-131.4554960788115
-260.81321219843375
-510.56441373117195
-138.66786334110907
-131.07674589711115
-266.47454878580334
-133.28882002737555
-129.57551982002508
-119.61823770623698
-922.0179709871918
-9.732586171089894
-135.26355428741851
-137.81610108042833
-134.71947788450677
-141.82807337875414
-138.8155002896064
-137.41544386679743
-250.41803393829016
-142.2847591839648
-143.11245107487164
-14.239057334488535
-18.367799075710185
-140.14673209180592
-136.74099067781697
-129.48148039545316
-8.013471152907625
-15.302563672319016
-132.44113576956588
-252.61465785608988
-250.02004697753145
-242.04219579856934
-140.66459495913662
-14.62329716341724
-141.55583567605927
-10.602481437447347
-245.64563659979598
-282.369702402988
-235.03585168785216
-258.685064852394
-124.4440784057485
-394.70294554557506
-124.53905922558383
-126.194667603463
-125.03069998952742
-376.81771407491846
-137.74800763160664
-128.72984014905336
-129.3693107077914
-130.6134535595816
-241.15652673782867
-134.68159376872802
-136.1162095796391
-133.43615881183297
-2.251156372525397
-353.36082766998055
-266.9028621637911
-381.67648173678424
-124.19885977156906
-232.8721236785536
-130.76289755223974
-128.25231837198538
-3.4903244185173765
-119.37064234393782
-1.9708541847933279
-134.15974601267501
-258.9555856372024
-124.14000393212116
-135.46870211239403
-258.9082665733604
-294.44815007339804
-123.3054144914351
-6.952004244588507
-122.01830010263275
-228.37523442422764
-132.59250346971157
-120.50383349297019
-261.7380227382429
-126.04671175986297
-131.43906651867667
-128.53394756465275
-292.11289164234233
-4.379072324766178
-264.9440769886875
-126.7751480158135
-247.99577065016774
-127.90586147497253
-128.57102564555106
-127.79150135639013
-128.70899031712125
-125.65642622136778
-1493.544879401026
-1491.5962570164138
-241.73938114249407
-245.41066778880133
-269.04222186921845
-3.469027265229088
-124.06610240029906
-355.1590355140459
-243.9775853591632
-127.31726209908882
-115.96653972075872
-244.07159876665762
-127.62643188818315
-129.4366525902486
-119.6182901443838
-4.115245712752458
-255.89270206988985
-4.222108748795505
-1491.3757595213829
-388.5085779154944
-119.30351916199685
-133.43806817759878
-1128.7688930914987
-9.90674675823234
-124.96737615741932
-496.40838559408394
-244.72650325225436
-116.91330995057287
-257.89173802949506
-774.4507245351627
-244.13492548559404
-260.62486581844286
-255.79049687715943
-117.5128137534954
-137.64678579870258
-136.7377080971108
-248.2916744233664
-135.56543528755586
-131.16460057129987
-125.72563521679827
-241.6940214888265
-126.653250685232
-237.33099050349279
-124.71463028935489
-241.1440862465422
-6.296378956941881
-125.5983373343025
-128.72306041218187
-117.86922341644357
-127.96485068614062
-130.75816558977846
-4.736446822610213
-250.57964998829388
-133.75429205498767
-125.99128929541433
-129.2928842602208
-129.91410628309342
-139.93793130395323
-307.8417096015675
-377.51003166937494
-226.63998575817212
-234.47722929366148
-133.39493211872792
-132.21956240269017
-121.32033587186271
-118.670125163002
-131.87206302069367
-237.93319887569837
-131.2568414083666
-128.03943006483303
-245.25528781597734
-4.178169479109769
-250.4226880267592
-242.43174432965694
-239.20648552492838
-241.65485931640524
-5.8075704227366565
-227.22345680346473
-244.41760681343985
-127.37604677883644
-246.3462676099031
-131.76803095797476
-123.94545980667628
-4.158154064440515
-124.92577782147197
-132.19076941473122
-114.56134343402653
-130.29348772212563
-123.91394953446888
-126.0910855006484
-129.34346970072727
-131.11575576302832
-135.2501563517322
-126.73988551336875
-127.40953049563865
-122.46200617414837
-125.75035634488937
-122.20348653664357
-246.1070718698503
-348.53994852225486
-245.43409575346652
-3.2221678805009453
-2.0822807809058483
-2.991287706861777
-3.2583972146944697
-3.5224337931179064
-255.00655995727647
-245.92416259340115
-2.759350195861321
-127.97284175661736
-238.73076931083332
-128.16659529884612
-263.39181334514456
-242.74179429998298
-248.50097341133443
-130.09408754021197
-125.56409895322587
-328.4003351296898
-268.06193281247494
-119.11507418765204
-117.81004121440309
-249.1973654158287
-125.3382378652902
-263.18768679206295
-123.73289523988363
-238.23289569533878
-221.94849507241284
-250.05794166529535
-2.456348292612322
-246.0971863363235
-2.1173801713907094
-249.14360227758118
-0.42788725279544443
-132.8408357704186
-3.2306781221753225
-2.0314790812893015
-128.44143785437697
-114.94804113874324
-238.00680449660524
-243.5347316050335
-117.61085471419526
-121.62805204079729
-134.19309744239308
-126.54634117209679
-269.524369536316
-277.71620849993036
-500.49572936945725
-389.1101531745392
-1444.2243033228099
-244.6296826271114
-131.58583298139249
-130.1219885680777
-131.51212459816662
-242.41313123492031
-362.74509833583204
-0.7638191402708749
-130.37316704476837
-285.5521926675077
-117.44241229081706
-117.95477398071695
-0.885824100160715
-241.71554743744696
-332.76789595213404
-3.334665146186564
-127.14134880856106
-351.2379418040145
-367.9429206347003
-133.9108107199038
-5.8416021530850335
-122.01238885861419
-125.71066550545575
-134.62481863075442
-234.5236129782504
-250.14686019080156
-130.1772165760037
-272.1436422674489
-132.69648483419564
-251.28252534555585
-274.4575196314963
-245.3226458442294
-122.83252176933854
-125.13398114354824
-2.5934897895675153
-509.7122609803494
-371.8288088717474
-126.4107316120909
-122.41981062447692
-7.813379036376648
-128.88299899098428
-132.77290502009325
-132.20038023773202
-136.7654702891156
-132.51518212743846
-119.99338036452774
-267.1679780039765
-250.75762395306808
-315.53017041248415
-363.1948296123468
-364.10807210562194
-128.3037994176747
-1.474792059570451
-1.46312367756227
-130.20546491334622
-127.82963867801355
-232.440587835144
-131.30987528746167
-257.09163573847434
-230.91699242790165
-0.6969292751367722
-1.3559535873727016
-118.40901398001589
-123.8181492559689
-126.98281128924718
-254.41791646322838
-121.46988775475361
-129.1757858819648
-1.1508497516111913
-118.20737735299905
-128.25987087185794
-254.96049407833067
-136.1388335487165
-128.7551709924147
-128.15749297339914
-118.16273396490567
-8.955868886863106
-121.0831760622168
-136.6685775549637
-128.78789083569157
-135.42124209679756
-1.6613157146639603
-1.7562708307046206
-127.91467247830028
-132.46027528499272
-129.31442946684217
-131.4659133271688
-6.623427691779907
-239.53368463797864
-1.4872240585233152
-134.74874151488538
-133.42941093928235
-230.74816233042293
-268.2743048233744
-118.54702033427465
-130.15922534920588
-267.16304690591784
-130.35961742743305
-345.1780794658993
-133.90576678611524
-135.3866318159151
-273.19206503387454
-127.64038695394116
-133.9718754019678
-130.83751700409022
-0.7397703156990494
-126.99966217921934
-130.74079191503267
-137.66431473818616
-787.8937244008665
-122.01093216294348
-1332.8679614605069
-124.67949489598584
-242.4301460376591
-1.7953112144480856
-365.9758599070461
-140.16063533806417
-272.38320555792194
-127.236077795683
-115.72668625524616
-411.7457813923285
-246.604233540197
-366.1027211335693
-122.20921787260589
-1229.19053214838
-129.6663813244004
-1.9415493599432376
-250.68197037649887
-246.6665207787625
-389.96009236042136
-338.9116632616227
-272.73159829155196
-134.10586956635268
-129.8370779591349
-321.2801720065786
-134.24283837599867
-131.7913504536201
-251.17809585895156
-130.9283829926921
-134.72983639695346
-275.9384317502379
-136.28828985406196
-137.28550152704926
-139.9377600071559
-240.86064569658808
-127.10839002862437
-124.26224824564895
-264.2082000034273
-122.39076555298281
-8.116470156329399
-126.57501385606902
-243.17484708705396
-133.2234046196499
-120.85766798034594
-130.33441198543477
-119.67826614818784
-360.9813023697181
-128.90634610003343
-123.73547581941443
-1.237981397057989
-125.93361996150992
-131.53107524764
-116.08294884877833
-1230.9020193297915
-249.61778418474844
-123.61108912531272
-125.97250762379632
-129.4818312360465
-124.99054164962195
-248.8390330715893
-130.00499601059522
-396.2034490323624
-261.6015995463729
-260.0852130821937
-257.44028826488403
-231.39249232424518
-239.5363022128114
-135.02405529093002
-235.44235216912287
-251.05608266314562
-346.8210007548991
-233.8723796336545
-142.72616259624613
-1.8447506466806558
-221.38772151995192
-137.303911405902
-127.35917266969751
-132.89926884720037
-239.61414589602322
-125.93030414686456
-127.69510489323099
-222.99358803897186
-126.85025003918118
-127.99909817791509
-121.00872592402033
-120.37431906756757
-131.69572315137665
-0.16213135760220657
-1.00506336642688
-131.59586825066674
-2.102702396101555
-252.21566407027055
-6.215296859172821
-126.82045880086629
-9.168544094473175
-381.57802677807257
-128.83946056924083
-125.64371594712416
-234.63236809256145
-0.9022425559193028
-258.4690705479523
-0.15220764543794282
-343.21850944677993
-116.16777277322205
-251.06325832596534
-2.6203274497310183
-124.2546679798488
-266.4650455986938
-249.76192844133368
-265.38871123148317
-136.78686877262754
-116.97861038585172
-135.76071852176722
-1.082973005431809
-133.85823935917233
-117.12369101711955
-337.0284845572428
-249.62138964212141
-121.88311913266783
-132.08798419073653
-129.9160373885281
-129.87627384268825
-133.62806206825258
-122.82336127275477
-115.2130737263501
-125.22066548949562
-123.79176693499014
-247.50639245453957
-245.52536292653502
-121.23275149288874
-1.6584790877771358
-129.85718859397468
-128.38423221359744
-129.23152747788825
-142.02378143542825
-132.15744182848331
-271.90352615646515
-11.941910022765548
-139.9015021049017
-134.55592900945982
-137.74026069522807
-255.27632256254543
-134.8506950006733
-135.99108431640724
-264.1755993526171
-271.0641873617439
-245.6403590050284
-242.0685231297248
-133.60269398171008
-346.0465175383255
-137.43286643971507
-252.88217213051453
-245.12028198561413
-320.5113943176816
-135.85552316952936
-126.04979161448861
-138.77960324310345
-10.039501687397003
-129.91466901156656
-249.10076689813582
-362.28887741461057
-133.92691744253486
-137.40620239069517
-135.0956293144111
-251.38927532355444
-6.144587771240245
-248.2575552773062
-248.60784143234886
-131.99700847323237
-136.19184098193938
-8.86786731783224
-137.35728704833465
-4.088857731324695
-130.90407087454707
-136.338003868895
-5.1021495743626755
-792.5911314676767
-139.6337885239198
-131.48139800677177
-250.72669899630102
-126.85272129802766
-249.94900786546052
-376.7806894655059
-350.53398252866754
-119.09048655151304
-137.21877952270336
-243.44182084529658
-133.91390485078938
-137.98518615276743
-5.117770375726178
-2.9497535633264094
-134.6539733097843
-123.19361439535184
-5.28429814429798
-129.52894099655657
-135.35293298502538
-122.23312872429777
-124.32877522769483
-236.44607292004002
-137.18447887270756
-127.7779360378347
-1484.160593505798
-953.6311351304724
-355.7993030474498
-126.15058651823708
-123.52603660988551
-133.4514069567302
-132.38982105615705
-117.0434282001872
-128.8031609533223
-15.102379176077267
-262.7513837958963
-134.27458405924045
-140.45608603039497
-142.3200446357601
-261.27322617037237
-630.6241251433025
-640.2223584051462
-417.8585505793213
-134.83509867530196
-119.51909514557182
-3.0765805746962522
-245.4919238194628
-1.9140080989733466
-130.77322175921648
-130.72055715993173
-134.31948900385444
-135.50005482849426
-136.83094865269987
-121.22650612961289
-121.80272232877972
-13.980915236933138
-266.8636032883646
-139.84151608786414
-258.36888209345113
-251.96839055552817
-256.24800762112693
-131.33470498227848
-354.3963757051284
-137.87325167500055
-128.1776075712865
-132.4194745616108
-269.1550609680852
-128.23910238031883
-135.72059254010682
-140.93730008523357
-132.36670011766915
-243.31143292026226
-127.85874425051774
-4.883788051345282
-126.24386227589045
-126.52272414467693
-138.15048779196283
-259.4356052702579
-250.13945923800136
-132.19069409089352
-121.18335598466652
-131.57977409625548
-3.940048454992183
-129.03721143935147
-134.6833840453092
-3.676514261503525
-344.50733538271817
-253.33332317565478
-264.3776154008561
-125.65402744150838
-133.59875755723408
-263.0955328411792
-138.7738481643289
-128.77178176301823
-129.7604907441749
-120.6610821580583
-118.10690491944383
-244.8427982168704
-6.2690558872164335
-363.80269062268115
-2.754754294720774
-127.68555156747384
-130.8585104965034
-131.1290561492045
-134.39535902007313
-330.6986495747415
-126.76770813387456
-5.594666536996259
-130.2689084531689
-334.73284871944855
-129.28821099696725
-261.10820629841055
-244.95290665512647
-354.65401886640626
-132.04592762986496
-135.71286411607377
-250.40668840143633
-129.5901384098878
-131.84308358682887
-132.47242468427615
-135.18875681978466
-260.9505273485374
-365.500749188445
-254.41442801933593
-262.7802162779907
-128.52721082720063
-133.49258358255827
-1387.964945824153
-399.38753743389327
-142.4805275686538
-252.2418916375397
-247.04591899654974
-257.9864481688005
-1.7999008573122424
-134.68079539579253
-4.035855469379543
-133.3210977646159
-373.1137640042463
-268.7782267410165
-136.59671030460294
-130.1065442356537
-5.852734088907313
-241.9542995264663
-128.1898779293462
-246.6164649184643
-250.38537299918627
-283.2880473339653
-254.13453556890482
-278.8120707607255
-133.10467397996013
-2.0005850235224814
-365.89661981875634
-130.70532398407013
-125.84439088241244
-116.1872322850882
-131.04144365969995
-245.76644365857268
-129.0364360632098
-121.9756966558311
-133.75022890002143
-123.23891234747782
-135.89701958821857
-125.78482512566569
-247.65483419577598
-131.38553640386675
-118.72657707932753
-237.3309407147932
-123.98718592642702
-121.12032585397827
-375.8516802010114
-243.30566549794986
-131.17144759692218
-2.8101749181284816
-132.9756864614954
-272.58534062163324
-5.7797933117801295
-244.43268008977597
-420.1738734632613
-128.2798672197861
-234.89387933134478
-134.58685670912246
-5.473879865211364
-122.82738722084973
-259.5273236910723
-134.1046478248554
-131.69259961937504
-133.70275186701252
-131.11741663737854
-132.95698908130552
-248.24209794773088
-2.4398728056203636
-123.7007679130482
-127.57119557766006
-271.5577296760416
-130.57490740273346
-126.3855821370572
-132.289603486719
-242.49934454127683
-134.42794755444925
-119.08994708465248
-127.3798251432487
-6.302941633436691
-131.9291502876107
-247.56865213795814
-129.64915019859606
-121.38578605271964
-244.53647199053552
-123.30811149217944
-242.77599650270116
-118.36618871497639
-238.71633143415593
-1.5598048562325142
-130.4877253476527
-118.08504178340198
-120.3717512017209
-126.20561389137254
-117.2619628489411
-128.58068037125688
-240.32442892405257
-129.57526855617215
-117.19004293835472
-129.5435075212815
-128.85198379064795
-121.00810555473677
-127.00658455383308
-130.30746612872352
-123.53999392415726
-133.03829685484578
-123.09743703679126
-130.91029310867606
-120.07001403115785
-384.1057345520199
-245.35545236606524
-127.41245896265767
-145.16329486087238
-132.01245445094483
-135.01277811187464
-2.37805518827107
-135.6701830889953
-252.3744188905875
-132.05843978519644
-132.41609432580222
-126.58413427647392
-140.5863443134487
-126.91122093161815
-249.1745367472266
-250.50531236910717
-131.76182547163486
-143.77670984721675
-338.51811276458335
-253.3787378730131
-132.6074064239427
-4.276214078001363
-136.43683046772563
-323.9141954361196
-126.48161171374353
-133.34762247992492
-246.2741795470829
-120.15504677739814
-3.258116800790311
-3.3025796250658033
-270.0431661722773
-132.4849404622522
-128.87211065384037
-0.8487658457465415
-0.458755844524448
-1.1756472515800034
-130.95921422099624
-129.01769603160156
-348.55885117125496
-124.9178361939989
-247.95151260498122
-125.81691416444507
-132.65019054058
-126.23212636603739
-251.39913324258694
-0.6114086611600462
-257.8237413326255
-120.80064166241547
-136.3260987258684
-140.0017234750187
-134.09876075002953
-1.9810922653196095
-114.16739821683619
-239.80590898241752
-7.138750695847789
-469.8265445849277
-137.08563207632884
-5.3369192155816805
-123.06308312220764
-262.9763450490875
-235.39150811598412
-118.26404042412256
-136.51990662245083
-140.23884026658985
-307.6536484342304
-134.4372005789545
-130.27053074773806
-132.69305436393523
-124.20989764686163
-121.71610484478362
-370.847527524205
-116.12470509216693
-118.18822082174849
-244.67102834010643
-129.32102768198732
-118.79625352974595
-265.0623968862669
-135.02575661768918
-251.54467725048087
-132.00668006034488
-245.05121615060585
-130.54761334549616
-354.51565303885013
-126.66995773779843
-331.0362466337447
-127.83947509516732
-128.28044406876703
-121.5758645982667
-137.76556721465815
-130.49440464943777
-124.35647671113722
-129.90051519673284
-261.61674836893576
-2.853157821991793
-372.7838604957496
-137.95958826433417
-138.49342946960442
-255.01041176227926
-129.60167423284338
-1.540031679613143
-256.25108933891954
-133.1896982096675
-256.6736850507792
-137.3115175684749
-132.14509008020337
-325.5099402316723
-130.5173126435506
-132.43186557044595
-2.785520710504021
-248.2338788172791
-350.6070307099417
-124.36620372927666
-6.981795565145911
-262.70498995989254
-126.6819619556376
-126.79101179581544
-1.4649434887628168
-4.581940147944988
-132.1187136858841
-3.5148383211766387
-242.0721804008124
-3.8331265816486026
-231.49480065556315
-239.31148632648672
-252.29514730546978
-19.699241117546837
-124.02695584207166
-401.3416729013858
-257.0958165077403
-295.03634902992485
-128.620042954451
-133.65150081178547
-379.0195019013689
-117.24428752899755
-118.68472063617415
-1.5379844446218331
-130.37220454013067
-249.08282668178165
-2.424508616819624
-130.35835047674647
-127.14972681260714
-129.28642735230534
-133.407568521458
-136.02595045707477
-128.92001583379965
-119.63553035770576
-130.7455161737292
-126.85883507747748
-238.3256480978126
-115.97908951347192
-130.56003355137327
-129.2139362649583
-242.3847560239892
-242.3387048212424
-258.0504439652257
-1.7499898109062273
-129.6109360661489
-247.54666120160925
-125.07480275722472
-346.55348153222826
-3.218305008578907
-4.649968051963748
-524.6761252968504
-5.048616338692448
-126.65348412767
-134.7449873018023
-124.36250365890719
-247.23637848931708
-126.47507128566454
-279.1149748677031
-243.50558589246833
-130.55426294565024
-245.69974835655432
-0.7123006781631575
-373.2386553624389
-262.8506556262544
-137.33837049946723
-260.97162528444136
-120.51428422164598
-243.31230885633585
-322.04374249372705
-382.7178579201633
-2.727743145620164
-263.9617861770006
-122.82721265485749
-115.4620246977569
-124.53323050056198
-249.17492470144862
-124.93437733223087
-116.03089098455935
-3.9791382173494045
-125.54028962195322
-253.15485199136157
-117.00333060735207
-4.70402091855547
-271.42885381689746
-3.207088138523892
-3.4658245890851407
-243.01484637184592
-131.6855506353596
-230.40386509902228
-5.536835748170535
-255.02618945452699
-240.00300138598283
-137.49278443300875
-138.3719487967155
-125.72929958409662
-241.12663959732262
-234.96761881679492
-8.600409805933642
-133.55121568184651
-241.5949468073359
-258.08943651593944
-134.5763902400147
-122.06662801858327
-135.22347185740915
-121.26542482852729
-236.0918696242617
-129.50199144469983
-257.29364171037633
-331.2349171715917
-334.5876289941204
-135.93216732207918
-132.9163978533709
-245.7200334353854
-4.430337867320121
-134.15649923813112
-5.497255044781878
-134.412629797433
-124.38607825441679
-120.30902372513043
-337.1992057616968
-134.3777772449988
-385.2243251956218
-355.17172401412347
-298.0947329105701
-129.7995561315873
-131.34408550825916
-5.574857796599171
-140.92807108354776
-1224.6612496016473
-115.99992593342766
-349.8981130531008
-121.75887164565245
-134.33947633243358
-128.2496777553803
-127.93861944337017
-122.3525792004443
-128.5881442654154
-236.03466219905815
-128.345683351898
-116.78398084648745
-129.62841388084829
-270.69106550703214
-241.2254779516002
-133.50806710416242
-130.58081121081358
-117.05376520424943
-134.45940423984015
-123.75335782029119
-131.80708863362142
-132.4233489070542
-5.3819473254547665
-251.56974356983858
-124.06056124550625
-5.075455730015201
-119.72749012879754
-130.81331346852562
-2.5941303840429484
-133.35572304651697
-127.56862375885784
-241.08818079559805
-236.09447657092437
-5.484304026612832
-4.597221121947428
-128.867730987841
-261.4978410098527
-124.36972122542572
-134.5249664727702
-125.10661124631916
-126.3335731770366
-125.3973832111362
-351.2140734484887
-122.92876250675634
-131.4431147843595
-129.14063705637605
-251.80750381063234
-247.37357436146786
-119.98496047763997
-256.33710383031917
-268.12354109947916
-136.37880113912948
-130.80697559002394
-379.9444504978977
-518.4751376002424
-251.66707940197776
-265.12576911242
-125.08389885733197
-121.42183639738563
-128.95061321425027
-123.56452232498282
-127.77125299422164
-124.0474561096176
-4.638688132143466
-131.90703448809867
-240.71678109969477
-355.9842096087751
-128.88007881668847
-382.47541107077006
-149.03555953378088
-142.01118038777722
-145.79843786678148
-383.42893037415274
-132.29530586289843
-5.842371206201195
-360.6164870348849
-128.7182010110034
-124.46071238112016
-372.63135165557
-263.42337916587246
-129.69689945236624
-134.26211333475865
-126.17408989422601
-136.97096674924774
-249.31875610356303
-122.38823187551694
-130.97950541509348
-1.5699651430739434
-339.88635302510846
-308.31284241041874
-301.10056180615726
-130.60903564093627
-239.55452705162244
-129.61866420948633
-130.05513552894288
-121.94669099459003
-1.4200789895988182
-3.93593802882762
-129.31878515245103
-132.50258146624324
-130.26850933285417
-125.99904428461747
-123.64246685043365
-347.1957096044004
-365.02759803365313
-335.6268375160728
-755.429322191299
-125.40272693225701
-797.8584632941513
-131.58874595728147
-6.754257514969779
-130.6147959722797
-1491.6320491101885
-134.38238515374894
-3.1754522913245156
-131.1404730539321
-127.8994168369181
-125.02704563563026
-237.55356828005273
-129.29107175955969
-250.63954399636
-247.15499620902833
-129.14734568941725
-127.80892516378132
-115.7674929801482
-130.04712077469495
-4.34901831388597
-5.288127615982462
-128.64218868767242
-400.63870123475186
-4.185223940182795
-131.5358478381219
-129.4582731773087
-1.5123128445843368
-136.28737163251344
-130.06715243958476
-133.61245776014937
-131.92987028384087
-126.52383820296474
-125.80949470679533
-249.858177435542
-122.7681233554755
-240.547701637627
-3.605739238471458
-247.97905292317148
-245.24103984918088
-116.60592900313638
-128.67163908848008
-123.70951346482812
-254.67952259685305
-130.959743052574
-116.91834088979202
-251.19111480267395
-231.41622892949346
-128.7844044048232
-131.1939586272031
-127.31858488927507
-124.17173335640099
-250.01961216589427
-233.4042111789081
-2.291839939819872
-480.8934529854645
-238.11646954695718
-118.90437148272127
-131.1400020848932
-248.22774270939217
-2.164149964294619
-116.66933792243704
-134.46423662218191
-130.9224658285782
-123.62020112114936
-124.91401381122111
-7.504501674736774
-126.82918645120579
-132.4733330720736
-3.520984447932753
-129.16053209963187
-353.338826906425
-133.90448254330138
-4.552532434900034
-1.9154256268245073
-2.001640045773518
-122.19516996767778
-239.18994220683007
-115.9873304484536
-240.9778467080958
-126.25708630590046
-135.41713734276615
-246.5552131397603
-249.16938474566743
-11.587311710269415
-261.4639976309688
-131.37636250026682
-128.09228655224027
-244.52624144913935
-127.34450027334616
-5.277194999734468
-470.5230898474954
-130.5252163197759
-128.67038087930825
-239.4636037379486
-254.39894514030908
-134.52006705179502
-250.15276160214728
-118.60021565822373
-118.71575965576638
-125.25676735833763
-234.99444178398744
-123.83726689815165
-129.72611366170273
-126.3813109019745
-242.9486331919832
-129.62173844145104
-1019.1468564103673
-125.5690722846207
-1030.4835144918302
-134.28428606120406
-134.51183605269674
-132.76949185256004
-240.98159810806783
-134.93868424990993
-360.79130670340516
-137.85908356950372
-5.090117453597159
-128.67847736621624
-131.49223295182964
-133.85351460421552
-245.59534293226432
-130.91482465759498
-246.65746104374617
-245.29780711594634
-333.7131151219915
-259.5129852774658
-128.54923792870403
-131.49831679159695
-10.353908068477402
-256.8957293245691
-133.73293857069072
-135.7512347255084
-137.56129110841374
-242.50338341751268
-134.81778577822698
-118.80945597377139
-3.559417703254797
-247.71175691344934
-136.7784630327804
-131.54732064400548
-119.30147164714504
-252.9143393802869
-135.9823828544716
-253.01099051959852
-130.54265217426723
-277.7166914770723
-275.22786628891373
-134.8204616208778
-119.10797338819108
-133.36588729989248
-131.63324919142983
-2.331419594149719
-312.5706245499591
-136.79278130267141
-265.3923513280218
-338.12248858469286
-127.83055248747225
-247.53360987986656
-249.8893672794713
-131.06765115416783
-125.57474974197861
-130.84173365859746
-1.4731051353466582
-123.79915290392066
-130.69889459876867
-252.82360864238314
-131.6961399012758
-248.3985186323943
-271.95507740317856
-126.1361982724558
-133.36481082488186
-255.92927828440958
-132.96770232454594
-264.46080198428467
-127.50741984243565
-0.997422357835581
-368.3869853216842
-352.76390099821816
-247.81556375990647
-130.58677907456538
-244.35667693198658
-243.24137862909134
-371.6758316107404
-120.16623751401636
-127.67419098623357
-129.48875533912394
-244.97961462665626
-11.227641838777
-138.19886814144581
-19.58658757106519
-258.8351748905907
-139.50605779463336
-136.17332738511257
-119.6715172971001
-124.22875443509584
-242.57916789594046
-234.94075248554535
-128.3393222730181
-126.21709868399314
-0.8112317929059374
-252.32030052158524
-1.2803958301465255
-358.7856353581229
-2.9265129578202482
-252.62331004298332
-129.54151645435974
-4.934437395246809
-259.5148270954217
-135.2426642605838
-238.05149631437675
-137.61364258133844
-238.15697288434487
-127.34158950700719
-124.99301163678777
-129.76949034801763
-2.153847053455553
-118.76248940197756
-129.43138380361898
-134.49074102679432
-234.55075148135623
-253.18501740705943
-254.8011922011382
-3.198656978356943
-132.07456111968128
-2.370297168706459
-389.48244564271437
-250.46363293772475
-132.7297060991133
-127.11958773745792
-120.9719415577398
-118.30408497561343
-241.58062845897908
-253.95299999217283
-129.56229710279712
-133.54099031960774
-233.24549662657972
-247.58277411378893
-130.2954581966801
-247.13254541502536
-126.39789068086611
-130.4167081837204
-2.836671484370364
-125.90699212428288
-11.399889399908956
-135.74944835449116
-134.2252522037348
-129.83371364744286
-132.4693799064429
-134.46849002543465
-136.1419348014625
-133.72750907608523
-115.30529706337468
-127.58143620607197
-5.656205281671912
-229.0705756097008
-130.74526957290138
-133.6124818073708
-255.17732587136308
-249.64241433260293
-241.12252798831224
-255.4093638715381
-125.51427823033734
-130.64110097957746
-115.63048900763404
-239.56850578986837
-114.30587615159806
-127.62496221611973
-267.47413216713824
-127.87296938150521
-119.55617028445538
-256.75870635827545
-0.7711095043260296
-127.60179405187964
-119.09696286688083
-2.2751618650556686
-118.8805690843842
-1.3611536752426023
-130.84818734605133
-128.79884179673186
-129.57968026712925
-122.8210844617124
-129.846210909401
-123.72457944566867
-259.19809087502074
-126.4224732604982
-128.39210433920385
-127.32421965697918
-126.81623711198144
-115.17869235156519
-386.0698881282635
-376.9384950974924
-367.92336927739217
-2.5366730873057652
-128.76621847624912
-115.04084115247112
-0.526902044118886
-230.26192787889659
-2.2104648413107535
-120.82541942697335
-131.95034576642584
-120.45067673427164
-138.9433986385991
-134.43263928255163
-235.64892623135316
-130.80674846891597
-130.53127270875703
-130.99571050752252
-134.67983738679916
-136.18964932767295
-258.28569276951043
-372.2412341914872
-245.3091010888846
-376.6765547904774
-357.41749815358
-142.76046112053862
-141.30839764375978
-133.00096643071612
-376.97953824931875
-113.6461782442804
-127.16345997109795
-237.62902503637156
-12.300992494748831
-12.600424366522944
-251.41959842986248
-121.08405622476508
-251.89886304276357
-392.12097566396733
-6.960131474733611
-118.49176595046015
-239.97236774437317
-130.08099182331847
-123.65181771870957
-125.78738795641974
-127.44944591439753
-128.22979015482383
-11.743884882397568
-255.02817055871924
-249.36748117397394
-119.44270020092601
-128.32647107123202
-250.78275111210394
-120.30049800459969
-132.74959188830104
-137.19221569490213
-121.27464591979202
-268.66865672718916
-139.09825189235463
-255.793317427474
-137.44469506295812
-134.44259012019623
-256.5689999411405
-122.03504363432714
-132.2876753615694
-519.8686113106335
-138.98956535691846
-250.586194817749
-243.19337088254315
-649.0337301580782
-126.51384425958456
-250.68501018767662
-130.122851926062
-123.33582642611348
-246.5736789768985
-253.81635407444824
-240.96796671785242
-5.48972591945047
-6.109671218123175
-127.76187151879013
-120.24267446791468
-336.49976549157
-132.68546153720806
-245.77040159837233
-253.06924946770815
-131.79473797035817
-238.8090427233476
-131.80344759726538
-10.771051688370694
-120.33863355140352
-245.20167182360115
-883.4044913095843
-626.1220804060077
-12.598791125206354
-248.4909432305094
-125.74793117479324
-5.008958879876329
-132.5300760519959
-127.41228307498952
-245.1062852023402
-131.5251052692516
-386.5735529995942
-128.89969142205575
-122.88184455886355
-3.5314963197668634
-2.118937939215594
-6.117709776652994
-128.48277638973138
-238.9720704993383
-129.0682375597524
-263.76781284307924
-247.2181884900551
-309.71955363841363
-128.38600982843937
-132.3550769517572
-125.64136286908106
-237.56747634177862
-322.2932351814274
-129.23721862163086
-252.01830335855126
-251.52285247116666
-249.20546594851618
-248.1778155597209
-132.18267233884848
-367.75819943399665
-126.5852016212103
-932.2133538661469
-5.080126801232766
-346.04469543548026
-118.1763934269408
-266.09064829877514
-142.2327657550309
-130.7248670364333
-134.34398024621117
-132.16032108292933
-6.2443601896416565
-129.48398924822195
-359.17324026674373
-256.3570622051036
-133.32279270594344
-248.90035862749755
-2.3915956264345417
-138.29002896383744
-313.62096184071476
-262.4956722546385
-252.2107517522002
-131.13812607049638
-127.34624189804751
-124.07272425209264
-131.12991217192092
-125.62899711903299
-121.72336698244635
-248.18414852266585
-133.354269277211
-134.29480674833772
-131.18554194471136
-132.49669455382673
-248.7397891383213
-2.5342100585337617
-240.2405384273122
-3.749283449156535
-129.12623506579712
-136.08930928961
-13.509791220864116
-139.05947962803177
-380.35469620631477
-6.612036696571226
-132.54924305584987
-130.51350386328343
-125.89927392936745
-125.50084564159138
-129.8601228873732
-413.675001605715
-241.9347485058786
-128.26970213155695
-1.9803414759476128
-127.43716873979383
-245.78069595423148
-128.88400338280707
-1.4632943372429608
-122.127688821364
-285.5267981177858
-127.37663762722532
-228.15431940639047
-363.2506109511017
-2.031763746857432
-274.2593495828008
-117.6867111928423
-389.4662034143536
-128.70347681361827
-2.2600608550047463
-237.36846869980806
-242.6730081606627
-6.124912023651751
-119.55260480877102
-257.35397631490144
-310.6033067106121
-117.08827277595456
-129.01588510926481
-129.79950217154556
-127.97076214213403
-121.33622843202761
-247.14065071352545
-318.6479878186198
-129.570428818734
-129.95155553445161
-248.32190023493158
-131.06277507901729
-129.93005767538742
-240.33789356574746
-2.5076678772401384
-130.36283975167325
-125.12582915332821
-133.16972149202658
-135.9361296926504
-127.95825006528459
-320.2519222513292
-130.0788827063613
-269.6014771539236
-130.28870355261398
-119.08618168986791
-1.6217192089390404
-128.9991968384784
-264.2958412005191
-129.06980605325379
-1.6215310603120006
-125.9233183138461
-123.00116947714784
-129.90136202892248
-119.7521479729425
-129.1890843479792
-115.0523768960502
-126.38762729396028
-127.3310436671651
-116.6379905160282
-125.70732947980567
-128.5230954579719
-130.335139659439
-118.10082457520187
-135.8059009750124
-128.87720421728508
-131.1120464616808
-124.72987604083767
-2.204400540796074
-271.67777515623044
-240.3153542739297
-127.09873570852388
-132.91372726984457
-124.51502466534542
-348.7957318430332
-391.3458873010301
-126.62642456457472
-1493.124980118449
-124.97947821663888
-133.02035327594757
-3.5836706805173852
-130.69946978501298
-131.77503739818866
-242.19224691030107
-2.959674596940762
-134.98532163113447
-374.9390649134903
-137.88935089399888
-254.52623348919937
-4.286085354785474
-239.58180976034288
-3.246826161258883
-1.784483210153264
-285.19718906556665
-267.8544715020854
-288.2208677123886
-129.2087425265432
-346.6273493872789
-123.04591443447588
-419.30463913764754
-132.77330138853807
-127.29701158493297
-129.25970319701264
-243.83572377802267
-131.70936695089978
-131.48279157594112
-3.8312370400156017
-124.36216248156809
-124.77255587555163
-382.3698828169004
-238.67803714991754
-130.15105230595373
-305.8445349863199
-131.22953304459557
-119.39586410030292
-126.7418847390686
-241.200429225859
-117.73978418824885
-2.2124235365267815
-131.4272101568715
-124.830151499108
-3.3373626471447695
-259.83924590509736
-123.93377235885453
-123.74309107392509
-1053.8452085378783
-1517.3820343022032
-9.878332450040093
-1336.4916118828062
-1167.2189696383773
-1166.8743652969765
-269.10681606172363
-140.83891376992253
-262.4598182061339
-1498.9925896935367
-18.745938873893564
-23.424699268732017
-146.0890218543031
-146.40031260717493
-137.83779638524874
-399.84615861367394
-142.2077301119209
-523.9331678022322
-135.64228424582674
-373.9087391656984
-128.96436404800306
-378.7454381655952
-266.7614238915319
-243.36601755999493
-309.8814829522445
-126.11483603269313
-132.4983713442476
-131.12302888313593
-239.11824114562364
-121.93583415335733
-132.6949811093775
-2.5681045109704845
-132.12151427537182
-264.42009336653837
-294.5191992414116
-137.20743488243198
-264.237756743073
-127.8836499700396
-260.22039705431746
-389.56105043051883
-128.29005057346635
-374.91431072168467
-133.27498219356926
-248.55206119559045
-240.1684121603824
-371.88964632726766
-132.1262061001862
-2.5093878188980767
-124.60214898658772
-128.9618349826812
-1.7654007957228102
-132.0760958315326
-124.3631009716672
-2.5210130734169947
-131.29280690932677
-4.071800937794557
-228.34946760324127
-130.08329942936143
-3.9873629293110615
-3.470409501718511
-293.9895812299298
-287.8159663424061
-236.6400748276395
-127.31678316230767
-269.3015634578998
-131.64765150840395
-130.39525348065962
-130.81582517063347
-237.76277506783566
-6.813902874183322
-256.4656676829811
-132.34487455858005
-5.40840853426212
-271.62411522551173
-3.469606810666677
-129.2484461120223
-120.024067092661
-274.68029626176
-127.44554381201533
-2.414397243562157
-342.1681027652791
-131.55153700442958
-132.75958780503456
-473.5376815903259
-133.13870629420705
-4.43356565802672
-234.9720340936121
-127.38666577715804
-126.37170347931978
-128.89491562506672
-250.85156517933044
-120.28837155659251
-249.66814758591588
-260.84755413928093
-265.6043838481667
-126.17689845362307
-130.1681982164701
-116.89003944526236
-121.96800198409488
-131.51376743691046
-124.05659715266437
-237.22845874187374
-276.0422201804923
-2.0685359905371548
-236.15490214394907
-349.5209112835486
-5.3092274143194675
-117.1111174794296
-125.43125961686387
-1.5217033582375603
-123.88070386185039
-131.3487516880224
-258.4617106585181
-251.14110843398717
-120.08613998373681
-126.99473038250397
-253.45825982862178
-129.1486788985172
-138.3635768466573
-126.68396155362993
-122.75791843749916
-129.4659588170773
-120.63525734537926
-126.23060039133227
-130.01976053072224
-129.55284076866198
-130.0355324123259
-124.10600761085087
-128.56634282449048
-348.6143192344188
-129.68939633492946
-117.20286077853487
-124.42239585370255
-127.75817777579033
-129.9435900773992
-128.49578507315195
-126.58668095671001
-123.38036278217959
-130.20751717010273
-3.1684532448037337
-4.061929435749352
-254.97983766473385
-263.21467175331634
-1061.4943720876158
-126.87492784319043
-1021.2745655029169
-256.5411924341647
-133.38017535988288
-123.87193221492218
-128.49782320607764
-377.8655549469876
-509.32480978339237
-259.63577097511603
-703.5739596076706
-368.7870898944654
-128.18756385045032
-130.66676995269415
-127.99696415801368
-133.11107986120857
-132.89542512523192
-120.55871376347811
-127.45382835376735
-126.62669216922042
-241.54097609372477
-130.22000205005344
-135.39448445770205
-242.81962958680813
-260.3088708418236
-5.86690083963224
-263.5475773641123
-258.6568746593934
-128.0187461312454
-128.23814169025076
-257.36527809958073
-387.4344439051219
-126.9426644421326
-15.424101378351793
-5.745771678200905
-2.6919038955663375
-366.14854092137864
-372.8534791214642
-123.27617328152408
-262.4150561352208
-130.29200273611534
-6.136826004841433
-8.217327698954552
-262.2707375379031
-133.704380932479
-130.89541591568292
-139.81662873568584
-353.5309725375204
-255.05302216214946
-513.5562399803331
-261.33768026216677
-256.99613564094676
-257.07160228151713
-121.86143721546956
-2.6618965352633284
-3.0316862450120383
-127.37907548954416
-134.19731813700403
-917.3419731273327
-137.37522244390107
-1039.927468611467
-7.0012963231167165
-133.21699347024665
-129.12320417413454
-275.21229669319354
-12.334674720856482
-135.23130799988297
-133.79749433611147
-124.86498727791995
-231.10851721800813
-127.74277523765957
-11.184898238557512
-778.8682489102816
-0.9797319771310186
-309.8536855103486
-361.5634465017241
-130.8359595284863
-270.7182986981865
-276.1382245439783
-133.19458589351905
-143.61064569834255
-142.1998412528163
-381.35020296738986
-357.1246932768509
-261.83682203334274
-380.9112449845562
-9.493972933248008
-122.07943718315435
-267.9741778254091
-657.0715905076174
-258.22609180087244
-391.3433240423813
-380.8444147896882
-509.5654044641398
-145.86023155849037
-260.71040352007316
-141.19673781883705
-142.32172320521306
-270.9825808306815
-144.23192128131078
-140.9793795713641
-136.47292726985125
-152.36160231644945
-256.6023487194859
-150.07442011273102
-19.47669456349395
-254.61460107982927
-141.7387974808132
-236.82878465045292
-242.48892601727334
-124.96622181373158
-119.20812283977332
-130.42142120539623
-139.02523854415287
-256.19456845985195
-138.50706200177618
-142.5927907149565
-143.89735073841305
-141.41133499545234
-241.4794222216615
-281.9325310720063
-265.56509232209135
-134.52404506381131
-132.9077300815431
-129.86901926004492
-126.72959331844405
-137.12905607374856
-133.3615275561144
-392.1986758270135
-12.402930415839773
-134.8125527115483
-145.07718484925593
-393.57457872810136
-242.4178776780806
-449.319670814453
-264.6339960279615
-150.29897136218133
-383.9966575267057
-141.54316531221056
-375.75829580927075
-147.49842650766658
-413.61101767392023
-143.52946991852218
-144.7991610137983
-143.97528269170905
-260.2054540029825
-19.042033071743305
-279.07530733676475
-17.39095827348317
-147.239738147292
-18.32281645818404
-148.6888146341846
-430.80803660244004
-137.16086225978347
-273.2849219601205
-1499.7531729004493
-278.2062887011349
-12.3852513143101
-141.69204159812358
-134.38996472868413
-131.49984604110045
-125.00404085600675
-7.134313789196761
-431.9716560727955
-131.97427869646012
-126.65174286000372
-128.7215445733017
-118.2027399924552
-121.56092229496447
-7.8641817663854034
-116.72222862534049
-251.1726573615787
-244.7878645585926
-238.05391659014788
-122.42387190891829
-1224.0208663347216
-1248.2283925926934
-132.70156840328502
-1279.1073585053068
-5.5145561129255185
-1226.898520420134
-250.52286741485958
-7.640374774746413
-128.78546323474026
-129.4228063497911
-1223.8233904363826
-238.82941882975592
-253.18937529053056
-123.6634544622081
-254.11839966222024
-2.2953039100690846
-245.3752913101946
-1.735395989424199
-128.61506336241388
-315.40604294719435
-134.066438935697
-133.46095760660583
-121.84231022627104
-126.32199145643835
-117.60567535362232
-132.29060590671884
-118.24720665877344
-124.28872378263395
-392.1255689214512
-9.236957765775553
-392.7060438677001
-129.91196646327066
-135.60023310747934
-141.03772907838527
-142.5744304659396
-138.09964863265137
-134.26812338154159
-119.95061315170427
-352.4103017041371
-254.59477205124315
-414.17128911555267
-2.73673735268792
-122.72733269100041
-127.99663803084194
-383.61451233653844
-129.3220557016992
-125.40600481404411
-5.120551041826852
-131.25293922578535
-242.16528075099382
-130.37215856710333
-129.4449691123267
-127.85471080727373
-120.99728543439075
-125.32609254628726
-124.05163816741212
-125.50305064586051
-132.78125655143432
-131.70026317414002
-264.97400996185723
-131.44912553944303
-126.29482297031032
-399.79466434408477
-347.8631842040248
-388.770707594672
-252.7367868712372
-254.14525419186165
-130.0328597487712
-503.9077474693604
-129.94456171788173
-3.6591739232490728
-240.10505296592353
-411.48183889576416
-535.4837742334413
-535.2687873403515
-686.4963264197191
-146.19686435811542
-135.78629285368925
-254.12052544596025
-344.1681720452508
-252.791028304246
-121.1256338684855
-129.38453667755897
-130.353908762161
-131.5493948956972
-123.9995681675812
-242.1737127494072
-133.78936361201016
-130.31766288224205
-125.32007580628519
-117.83010542385436
-388.2498800286299
-128.85631201871797
-127.79660660985384
-131.30744430796062
-265.9110528884668
-221.0259375435229
-3.3344818817493183
-371.569316087409
-3.7729115951923142
-240.99109204434345
-121.00351331494268
-3.4186885704565135
-436.6342790177245
-134.13856098584748
-2.4944150194414036
-126.11501394621898
-127.86782618678245
-248.97910395918436
-121.47151173711651
-253.1662650053238
-247.25254438358616
-235.49859801376226
-246.6290752130921
-263.20923324236884
-2.0278495439262216
-2.422423057571731
-117.5460801867162
-127.10528933815827
-129.4326830081426
-127.09870275124874
-296.08582807469566
-120.78147394148742
-257.8422456611417
-132.48799949261277
-284.8367265983239
-329.4023857110535
-2.1945624385383837
-259.05452856265015
-132.5344531579934
-387.30537232349104
-129.81068681892825
-126.30494863114114
-243.44208113627238
-3.460971992946422
-2.9948189128657745
-229.2249330896382
-125.69946624207581
-2.6608688475074036
-129.8308270859799
-5.7291959523279194
-237.11471033977298
-123.69482369276817
-1.9255631264019537
-129.89210897518308
-136.2361203268074
-915.0852538558541
-135.95539224211714
-226.3036025914852
-143.89105302343694
-136.02009627755322
-121.3696101839584
-364.68115770634967
-131.75583441465264
-129.19323992336922
-2.372689209020789
-129.80384901338692
-133.3083190160987
-133.30394853387145
-131.51996320996554
-419.5976907034001
-1493.7916999890806
-125.59532785753068
-122.29478846942125
-126.2183766356795
-1497.1088861587955
-135.3264227397534
-130.93784832385276
-134.11212778763368
-387.7281116937752
-1492.029516205217
-270.71682167441185
-133.89944660430612
-129.25992381623934
-545.4637112211759
-122.64038559941004
-384.77338689366167
-127.08129637348729
-121.64573144310512
-132.41762390418407
-266.9653801348285
-1501.8602546727225
-367.52655623428
-241.44311526500886
-2.1594532123051877
-116.32245039374573
-254.8212159135528
-376.52475598000075
-252.92102342088606
-1.6961337440263695
-246.49452627603821
-316.11861292209034
-129.4375721311761
-294.4456734127211
-405.3605360143374
-131.1630600428219
-132.64924617322708
-135.22740389745312
-133.37026800044492
-130.20241508773773
-129.16752728774168
-127.89762443287205
-129.2148125373306
-122.67802687922162
-132.76259942306643
-132.2988466031868
-525.4858791892811
-1.8053658979198652
-123.48583713132591
-269.2401841770475
-371.1668661536805
-127.53339176050324
-130.38739409779393
-368.94574203175665
-255.93798971433026
-256.8651701826462
-296.2129217710829
-134.00173145164058
-137.0462243231939
-124.95468824012868
-126.83045113000493
-240.4628147399706
-376.3319818298919
-1.5515679699125993
-130.25625884439305
-130.44141791325669
-427.17171979646713
-270.3571778111745
-339.9859941183646
-351.8812327398236
-251.82217343860353
-143.63647431576524
-525.8314344274999
-135.2405106902161
-9.53923799433739
-1148.8412026928643
-886.3943703055385
-374.31494747064943
-118.06144645727301
-125.46205995456963
-125.26771729025371
-139.72217563501886
-256.60088611703594
-263.8640914998596
-263.67776435415993
-261.50644654257434
-354.05409224916207
-139.6923642818924
-273.5686598688548
-248.9936362559797
-390.83704947249333
-144.23479213492558
-123.21882336511808
-398.39663727097394
-132.7206090833748
-126.12968252045209
-126.82193767143744
-129.01554482261105
-133.1588439911731
-131.92380487657417
-241.0047491642039
-2.5094461313705363
-122.1237626426076
-129.70286838847468
-3.711217253121985
-127.04413674870455
-393.59116711749266
-132.75784648955474
-235.06222401969745
-247.47284420108028
-2.191794896747796
-133.16466185469088
-365.7005445893252
-122.87940448951326
-127.90651333479508
-267.541741374113
-239.43980637816708
-250.92314703739808
-118.29788985757871
-127.106557116005
-132.42796951919777
-129.57345684269364
-136.84780454868513
-253.9003276943561
-139.30458371672026
-11.952046373152402
-11.620885695984022
-126.38769379695475
-133.67600582929958
-136.01753107484203
-253.83163863538448
-136.3869522129836
-144.78388221938366
-139.02984317100533
-133.63449522290284
-130.5653767411768
-130.26880690426842
-141.46917056773043
-351.5526328143114
-129.04766439560152
-129.46019395131106
-1.9799976607091636
-1.7787244169682586
-115.17449103273945
-3.0291846095857684
-129.28316514136483
-131.62244146512595
-136.51720886670054
-127.10220234144666
-137.64417837841881
-266.7374527326455
-127.92618285317627
-128.2592798287602
-131.8535747679499
-132.5949894438177
-249.58561338687207
-301.0329963817528
-256.3071283800949
-6.907129318739811
-132.5682236675366
-4.7136443644232
-120.87999672118694
-372.28005143318046
-264.2166358702058
-18.288425890111167
-372.9904598846074
-418.59684457583273
-125.49528618625585
-361.28691746578767
-261.13964608138616
-142.57448823052147
-140.6567267565876
-240.0887550979641
-242.10827244036153
-124.06757883810862
-235.89618826374394
-8.621139812877365
-131.74616131582874
-326.97555817642655
-135.89020590863583
-132.71253513003242
-255.57792520068764
-264.6719308696394
-257.09251854454004
-10.181281866748293
-259.1442492365896
-9.473109881703957
-339.5055061435179
-127.0065715936942
-390.7978184512548
-136.1727442521839
-126.43690807427821
-5.1126314546317895
-244.19719620358492
-4.562919754732976
-5.210046860235006
-127.97834780273459
-372.751014072312
-6.737478598660733
-7.910710255469219
-133.94927995382756
-245.05231661079992
-6.211879809766332
-1052.0404601318605
-949.3931261485003
-130.31963336960996
-117.32364386868396
-118.33064086435893
-252.57992165144356
-125.79707582708349
-121.51520754952512
-120.34469449655067
-1059.1147375370367
-121.57541534332591
-1009.1275253620865
-1017.0248116605495
-1068.63678451408
-918.6836995073373
-23.965071100870286
-137.4688099085455
-143.92171938632873
-12.84479000899086
-131.22612235599837
-271.7730498274859
-146.54088878703368
-140.88728740832434
-238.4368602705017
-15.246816689954676
-137.0932988967906
-128.4094637254812
-245.04578893475076
-240.25770890266253
-1.877440919451846
-130.21758847064578
-231.9015120366735
-251.2023983106777
-131.50039474366216
-130.0869193454033
-136.3651038785363
-134.53268160171163
-137.68054894350985
-134.34282829751106
-129.90606754226752
-127.08955981336122
-258.4923822176585
-119.7774269770889
-4.549865250955941
-1491.0451208654756
-4.959368480249658
-131.11515428678652
-249.69018846622853
-253.21139074173783
-250.5840279373186
-2.9894134442380658
-903.9904047535214
-1012.774122012512
-1039.8336115099135
-1.5500166064366838
-653.8966774057266
-123.58419866709453
-267.3825770537904
-126.40329265957823
-260.8609721884056
-131.5618290744724
-128.45437405465114
-6.653431915301727
-126.01146449156752
-136.99986266064812
-128.37047160964462
-240.06413429712327
-125.58346827215543
-250.90994751867885
-133.44601466059356
-134.17893012228632
-127.0722174670611
-382.1746363224751
-128.54926126614495
-128.74505415439782
-1496.790734496283
-124.18391077450586
-127.78582525837143
-233.62020862409813
-5.539832801902632
-135.9920122150548
-130.61859753825507
-141.1451129093293
-362.0861156010627
-132.88577598977278
-135.17678054995613
-258.0710078305562
-130.501241771403
-5.7666522117203165
-233.11644294885065
-6.72235898240286
-258.4183243869965
-262.4749205349856
-134.9281729870091
-235.59512382524886
-129.94622387709043
-242.9659378476024
-236.6312197526657
-135.34962097926277
-132.82978118942592
-127.54734142197898
-244.99696683028714
-131.05818703323013
-1.9308505011255372
-131.26019238041954
-264.95914198046523
-233.50283609192564
-116.40982909044239
-132.2212830961458
-138.40340738023477
-132.15976573811474
-128.19466128989197
-229.07685616328516
-275.20013567075375
-3.331494506448052
-253.44101647135
-376.33526338061347
-3.5957045068242373
-355.7567046871697
-356.28234310757847
-351.9411051241761
-295.7658723748748
-263.6807066219422
-2.798507646712552
-243.67736048947845
-243.9879272982805
-243.58519294775274
-129.87995092917888
-126.47603971828504
-132.6221615889374
-230.61374514212693
-239.77111348486747
-1.903411981683075
-244.26611501041995
-245.1026239251014
-225.02275033742868
-118.94985701580609
-371.88535318813996
-126.74943451006487
-128.06116003267093
-128.38068796819385
-1.5206650007775553
-2.224195388017077
-2.9430229049238235
-136.28764013545512
-239.06122287674717
-128.49190700697173
-255.83068674503912
-131.77173063833257
-136.12258085728314
-119.46252794546218
-134.4287044543324
-3.9593288290063713
-253.97191855033574
-245.5158337498545
-129.18689547148233
-118.486640132042
-121.4857812532513
-127.15672787063201
-124.67136905060302
-2.285451249087981
-6.8628457303726025
-125.7790384186392
-133.110701558682
-130.93260670377106
-241.10882856315942
-5.439469396868002
-133.73617562854113
-122.31858289810731
-303.2178426025559
-238.14248428256855
-255.05361890502664
-248.92271327120204
-2.0080008211090465
-137.76896745813056
-133.22821944253258
-266.7389496542458
-116.48440675398997
-127.68366108459597
-249.54856222700224
-135.68362597787765
-130.89728066849776
-363.27333527226176
-250.66698901861787
-134.99060031108257
-510.2510622345338
-5.536323786903828
-363.05605528244547
-2.759417691912313
-132.90206530704296
-131.9368487324441
-125.72256681587189
-250.89800519906902
-133.16332850496718
-128.37783705624798
-134.2805546578783
-124.95311942626304
-132.12767860891105
-120.64090328308895
-125.57591965836137
-235.81890438103085
-2.8394839825223137
-253.76867929826165
-131.6772532228783
-3.3069711939333977
-124.33440116078029
-130.31104955043776
-374.02397970464597
-379.2544680265651
-242.14765506855252
-263.6647710174472
-137.32748948760323
-1052.2386303728038
-137.22961869799934
-246.21666850788841
-129.59794422491478
-13.920799873976376
-1111.7561464186863
-1491.9406600909529
-1179.9902883952689
-11.352042846670685
-130.50581210086668
-132.10235212225447
-5.138113714236803
-1014.2404329767332
-256.91018336400384
-269.6283433119759
-127.5681799368852
-379.4960745006479
-140.32951257169583
-5.626296060824559
-132.9236466694422
-128.79492650452536
-255.48184011801538
-142.5173065462785
-16.557558905670174
-141.62016646624636
-405.45736256289825
-15.884603405084993
-243.3630316171439
-372.6067148212309
-139.563853067813
-253.5187750855673
-283.6969152995759
-135.00110429880854
-137.20620738634673
-131.70215006833698
-254.17657618847173
-138.39347833715365
-124.39789478970448
-119.19151977963698
-129.4432636920573
-118.63352986241048
-118.69119182979539
-114.52148751468378
-131.84232726988566
-1031.5868202950726
-1047.543734972114
-129.94909665192594
-118.65216743069277
-137.76281595755992
-132.82148427998786
-263.0509371688447
-365.0697602307726
-126.16164942232993
-144.3047861923892
-134.02543861080827
-148.17015773245203
-19.051737242893065
-136.19938498997035
-144.59563200292382
-255.51771028615377
-263.09842181961494
-149.58563382124441
-142.79665665504848
-272.58752578975367
-146.84860737115497
-149.68999560850187
-257.3215671235633
-150.20215105863795
-379.4937132147026
-153.3088209676983
-140.13470471205403
-147.08313039091414
-152.8066609157497
-146.61407959525707
-146.95877129355756
-403.86037198501595
-30.82386966346959
-152.43942359888817
-417.9173739364996
-279.0279427026356
-32.183827435662664
-154.35602183494888
-153.20342422475565
-157.14894749951492
-275.13396270623934
-152.48272196203405
-273.295673520357
-154.1781696615401
-280.1997056440455
-155.3511108818169
-271.0372753227494
-286.675857924146
-146.2750276796945
-155.60437916947453
-401.8898469885012
-272.9315713964753
-471.2287514808231
-271.32981591664316
-134.25411289719165
-378.8926030803486
-136.8242860942525
-2.5907828284070193
-129.33975731708614
-412.34117676811763
-1.7669483230779905
-251.95089538349805
-246.03263585749696
-240.43063953009394
-134.86937481398493
-128.78375938483302
-132.61765513404583
-363.593840839223
-129.32497886353843
-127.20740083813759
-136.45081464603942
-136.40342760151435
-1.9150513404695952
-324.7418241569066
-124.84366225586196
-236.91044019184446
-355.62565617816995
-128.80625389569622
-133.98172573098205
-128.01556329041827
-244.34988385571617
-240.93872441998187
-243.90514772036988
-248.3043513816572
-128.77677242603676
-367.1179055816605
-256.8016960704875
-123.26482349253756
-240.30735290559872
-128.2954580108213
-127.09309080862381
-231.29590524203698
-2.5529802857109773
-126.77817720998725
-130.0976467798998
-128.6457009229715
-127.43699986198204
-133.00317338981927
-132.17557748633428
-1.6693463309401386
-129.7897862971465
-1.6682703781189314
-253.90921846404473
-118.9774351127571
-358.6857786703405
-248.93544839582057
-414.3805157956685
-126.7263686545137
-1491.1216033195578
-130.52908758493473
-407.57574068092543
-386.2663100752274
-248.623592659418
-128.97194465417303
-244.67193246307318
-120.14439819508742
-124.70759347915971
-254.38812014785296
-3.2602185944698414
-250.09506591734612
-1490.8640446996435
-249.140755481393
-132.7139122173673
-121.64096985676564
-127.67627954198673
-2.4470012606304854
-257.70494920886193
-129.21263645181455
-117.81590404561173
-115.39465920913318
-130.1851357822923
-2.2626563967579894
-136.72899486451286
-1.4764586313796915
-1.6827931801937324
-132.46344801005003
-115.77222772710259
-130.480080246682
-117.74676360807719
-127.03001844274087
-134.36808720777313
-135.5338721152866
-134.87985443753433
-249.94776470411233
-245.67758865614934
-249.60256523781246
-244.9104723224565
-240.07733634661366
-242.73253097388175
-245.32210717240397
-373.25218265456044
-1.7818077070384253
-300.9694834173193
-132.26986252164724
-2.090961416473642
-249.10466721464078
-123.29517216477963
-1.8488505592135327
-265.9291550636811
-252.4242756600438
-121.58913145118237
-262.63200422584305
-343.1190510529493
-128.55331822368467
-127.8023075373137
-132.32319488086614
-249.72884255513404
-131.88190852610228
-124.35051652048833
-6.2445717301983175
-129.03547324223575
-125.38353589819286
-2.2780189652960643
-129.57901204583197
-5.393488235082943
-130.31609690139805
-129.12541332614154
-129.99045954250886
-129.04049128358955
-130.13294905419505
-261.52758369721323
-128.98129705902994
-128.04779460404697
-123.31159971890793
-227.35150199756856
-241.36361825120338
-123.65280154248677
-127.70150710823405
-124.40697658203229
-398.7541765583455
-128.69740521324252
-247.78220870736027
-126.74922170877475
-523.3952501850591
-123.48935309618079
-130.4130698872243
-130.08631677817073
-240.3989998523823
-126.99873408176197
-130.06240216534934
-6.9766913022014645
-129.95922329567756
-131.55292006624288
-131.0315463877769
-254.30590228024587
-134.0348462672121
-131.82039305975886
-3.4550210461471047
-331.0927959460156
-120.32661150844747
-2.485136657043001
-320.07667268628626
-117.10314327115167
-119.24529141773287
-133.5280199922039
-118.40172162529755
-407.3074172653007
-132.59337152030238
-133.2874284702258
-3.6668099781972274
-132.88699177807274
-1493.2363704592738
-133.79639721927012
-283.35977737944864
-266.6961147625433
-267.7431020794359
-297.409401911129
-249.93463272667972
-1492.281949134643
-8.711442359184735
-134.23232452944114
-269.89434042987006
-266.5081436361138
-138.1421299229304
-276.15012081188814
-386.73511165343785
-145.40102140376834
-280.816027170793
-1495.560596387486
-417.4406861410848
-674.5843182616321
-1494.444282841605
-1511.364215009032
-257.11276771207156
-1497.2152782408534
-139.29407137943633
-138.7312802424653
-143.31264151755616
-277.53191653302304
-1496.273754179394
-134.17798417759658
-272.5578667524711
-386.77683648497106
-140.53754940495753
-272.40635725198445
-141.53960924538475
-135.7415432485213
-269.8507143896239
-261.4999131431596
-142.21470959306157
-268.0756838880631
-144.58430194739546
-265.3258312972028
-146.56671695008077
-1500.1499829165743
-283.2950027431526
-129.26076825406784
-14.337334187461225
-13.16770647906326
-133.93695855636773
-132.84884480937546
-12.607487723019872
-15.071907790213427
-383.6644470401487
-270.5121949737621
-400.7075795146807
-146.9304844694106
-398.42528162996626
-1522.375234080181
-131.75296406313234
-138.3348600980772
-388.174843516583
-1086.4752629716925
-378.9913377083203
-389.4073176482358
-1.9194660251514997
-1491.8308613836355
-1496.7226853770956
-1562.772655036467
-1303.2858216478853
-1.8226206083501866
-886.0340969090167
-123.39693118518677
-1178.1729999668787
-245.19254951280334
-1137.247543689363
-1497.750152975519
-1423.980022217242
-481.74672943163233
-361.3330529413311
-117.81061268760949
-257.8655181022795
-262.9470629353122
-244.02287830824014
-257.7575055316329
-254.4301168623609
-137.67525289818326
-265.5971798762088
-256.96267291221255
-130.8650402357757
-117.3422901263883
-133.55207596823837
-256.13919627017657
-241.6803934373067
-808.3026267783395
-371.617008167925
-237.70006675605205
-121.50135856428827
-127.23851920375006
-238.6904453230722
-126.21643334351414
-122.21152625209646
-130.24736082342514
-241.1551283048689
-130.42245810655143
-119.7219616862508
-243.31769793784446
-134.7858568534646
-135.69276729498714
-133.8146050862611
-10.727502899115242
-134.13712041777984
-12.15212827518963
-249.84830590563988
-131.57231446676636
-136.66823204720632
-135.43202958044375
-136.26452265667794
-121.02865939203296
-126.29295138011211
-133.2514240555512
-10.52514421408209
-247.89888523393722
-139.72223361548373
-134.855188443444
-127.53347999856237
-141.9243555682608
-245.80969297353033
-127.47818527399994
-11.19727719665858
-256.37577203413156
-232.66572117412412
-9.17313761494282
-253.24972377156303
-350.2406033942383
-10.346902867302566
-373.44803042559937
-138.77419220729354
-138.44391718882295
-307.3746891695501
-8.894917966713637
-8.310690298937379
-252.37040249369136
-129.55316908881647
-138.31193180038744
-134.72324694517664
-133.98545481387117
-121.9379598019756
-260.17304668097944
-11.522775444337649
-139.39425480689417
-132.7229668558475
-134.68352386599537
-131.3301952680267
-230.0545790835509
-316.84614980838035
-251.2218640831388
-139.41359368052832
-135.4066869744647
-134.11705699285588
-252.79146749833623
-122.41728299828961
-138.05768155689714
-134.64704244714974
-117.98796294094791
-3.1148576192054467
-120.970240703204
-133.71600444626037
-247.01986776925662
-134.44475508304802
-314.2941635470608
-251.0364981976232
-118.04859877235765
-128.73990549843535
-123.69024314128478
-257.97725494680344
-227.61275726484106
-230.20875954771688
-128.54226334657952
-128.75438492308123
-129.54797423835382
-1.996361617470424
-2.1303885294165092
-250.0750790617083
-1.995584472462788
-131.27563516443308
-328.33303353606476
-117.3468612083595
-118.64933733670212
-131.05431347556163
-117.95687439564252
-132.66845100974086
-119.464877513658
-126.92462442640691
-5.646569310108521
-242.99848689354056
-6.172506238904031
-132.09891014306658
-367.6818985486777
-121.67381388036655
-246.12913626986273
-119.43580505845262
-120.22424560335895
-341.52116013048806
-219.00827067180924
-235.23125123100692
-125.78978855173307
-119.25159037651053
-120.89656642848082
-241.6708770886689
-130.0165175551695
-358.599746078837
-132.43697181321767
-128.48302779479806
-3.1115747230979265
-119.48207877726026
-236.83454447073703
-240.2429109852175
-129.71202422799715
-115.33139965908646
-115.33025972416358
-223.43845031618588
-375.70146059526576
-1.8115884052655133
-4.245551600571556
-126.75090652791043
-116.49741674996659
-325.3456064064178
-120.26751503569942
-380.0400321608523
-244.22543057025018
-135.53028692037745
-121.06588545832369
-263.21286142221606
-246.0129573485524
-127.9901903092201
-132.74054233533445
-140.3841430239615
-127.93429209627664
-8.619918608864392
-138.74471260707088
-135.16707971626337
-124.74956820258772
-258.06748335167276
-131.8867248914144
-122.12879687038092
-134.38714841113915
-122.26078376928007
-132.12671358759926
-115.58097271629806
-128.18601674825658
-130.69665063053114
-128.50467377050583
-240.82510468138454
-338.3878654557672
-121.87850517560089
-1.6545820556910225
-128.63361668306558
-122.01981479384324
-127.59144310988859
-130.49197214931658
-385.4386279068735
-127.52589384074903
-243.59669129845383
-257.8876154883454
-477.8745621667341
-414.15149820868953
-131.33874310768564
-136.1870483203174
-123.83121459809792
-5.0440753515447385
-5.544159042424887
-120.73521847658641
-118.90472255388768
-258.8060700846564
-326.5295695662474
-4.180263563619855
-246.47178476743372
-134.88418815920647
-312.7005405840824
-236.59818236739838
-129.4213304610831
-246.97721267657042
-126.81651796712951
-245.53827370917296
-250.58202107772053
-125.46672614261556
-131.9331095403439
-2.217001554239593
-117.71783021675043
-370.3549206530177
-123.68331433712228
-7.271189954644182
-133.75150890541437
-128.37457758935747
-142.24367612255688
-139.74452187092254
-274.4460627025513
-402.42882783427154
-140.48406850922746
-138.41900675080893
-128.80811341878268
-128.2898830482242
-252.33762866366433
-134.4899069590957
-9.22779483252765
-125.99462790269224
-136.97835014059493
-249.92252412206716
-11.631889804801668
-137.6760528421108
-129.5879927652321
-139.22745042408215
-142.62101836252754
-255.51585971159773
-143.95388106552213
-126.120044914377
-127.47031691860712
-140.41837656817515
-13.25977729257443
-125.30868417303746
-133.25104349109745
-129.22848152212094
-131.38002238796318
-129.66480308161567
-260.99459912370713
-357.5384231517297
-9.721879204429483
-920.0871926237658
-1069.411375241094
-1160.6560597953612
-1070.2128430829703
-1054.689695391891
-978.0319716075528
-9.869719346909276
-365.0610575098554
-393.07193279061545
-146.9752801188509
-148.85909957945785
-267.54574745296185
-270.6655269428731
-10.72221259519158
-125.69204121208078
-120.66020374151665
-138.2386510947479
-320.86005367047227
-245.2580328074206
-1.9644250652777024
-129.2117309088993
-254.0206755568621
-132.24364598032108
-128.03054549198458
-239.7469123321709
-4.447253703309032
-132.91925673320247
-125.58830251523304
-126.53463585350207
-130.98317078187281
-129.3977063504618
-258.6404884305457
-129.46621701935916
-132.53862216997516
-249.68458855369573
-131.1848756040621
-137.004539742619
-138.61505157137583
-126.6234019472735
-138.78986676549314
-137.67308355787574
-139.70980550592455
-133.88871565406788
-13.235253681449603
-244.1128390192803
-13.809267737840285
-139.9496955222066
-137.96375524681505
-269.200002447841
-253.16034864889218
-124.5729194406092
-126.81003948571414
-122.82381238958321
-224.05316190392006
-344.96191129434766
-2.229128945960278
-250.7760859266764
-3.0546959022658102
-135.915863171116
-128.87115778470022
-9.03463853061934
-135.87558823277294
-135.63666821332066
-10.169189665010038
-246.68459350631636
-247.79145744341994
-137.50122545954414
-124.69046575949268
-355.5487726013919
-4.6271248599098955
-135.6235021540151
-9.034914162502513
-333.0997813986351
-286.11891995428624
-247.8220918842952
-131.523925481564
-259.06698893347465
-125.99315315850116
-139.31786077418488
-131.22345572936953
-248.26341109114853
-131.00864750031238
-142.22995642646572
-264.82663304492644
-233.98845643887458
-14.619474217505456
-257.1999085166339
-135.6102466767139
-305.68700865739675
-142.79325578818535
-353.09673415980376
-258.6609950614314
-136.94254780988985
-255.6753557786309
-126.58983436807983
-136.59768920943367
-16.262385471716602
-250.35721106102568
-131.56192959733508
-128.39249812747286
-142.71200122396397
-260.7695264270532
-294.70088176446274
-15.892635835259025
-17.15640995133591
-145.81833637428798
-390.2171541432328
-266.33632302194513
-133.13747898791996
-139.84996940401928
-264.1150126730996
-240.74608501120278
-361.75077002719445
-132.42222528182074
-265.264845816981
-140.25907030843567
-150.28271976374404
-252.6104126474877
-15.311758137019114
-246.23623414322475
-16.56394485147047
-145.94501023234977
-379.24643404679546
-143.73802600251435
-266.46583020169373
-382.52267238085705
-262.0780221139035
-407.0860698308819
-311.5704198855013
-135.16023839317322
-139.1495245714699
-15.375366629799704
-270.35896213503645
-15.139803982668727
-147.86131843341613
-271.68000492545826
-342.4084673119084
-266.66542287672814
-400.4429576257911
-132.79550566052427
-267.8181528520747
-263.6259428688168
-138.52020208565307
-124.06731683381743
-143.53098433432683
-258.91031271009535
-140.01565177236043
-9.820838650882257
-8.338901791925577
-123.1543926219137
-266.67883491004307
-265.8564888268556
-134.480652933099
-235.35479065562248
-270.9845632359214
-403.50158123501933
-15.698358519534704
-18.33895782417538
-246.01676007676267
-141.16469487003624
-424.8034979442859
-16.71770749930041
-141.39177553516092
-250.78280531802895
-254.88889744785712
-124.41785394136498
-129.02160279544506
-121.22113270343765
-252.34567286817415
-131.5111375427357
-233.84133514961528
-364.5589568172737
-131.64494093868706
-126.58527807310492
-3.292745723237197
-127.24138403559692
-2.186404050636957
-121.79322103500748
-391.2318105276301
-622.8730900226301
-378.90894902892927
-12.977667433332083
-133.33675486256053
-240.9727812265999
-116.95059523003347
-120.71201877067888
-1063.9389190883364
-243.19062524698273
-263.8419293280162
-122.7784530070412
-5.375983002378639
-243.50392868686362
-394.5417765789939
-127.11254683286309
-130.8154390684743
-241.37545564570155
-239.8701987138839
-947.6067897186801
-123.36404975431697
-1188.801110184361
-130.88616486721196
-126.68824277590085
-139.12299530196307
-16.855696002915828
-133.1991017545368
-137.2520062469769
-135.57014231728147
-135.27477459887868
-20.473418540932126
-243.4911914995243
-266.00877453683586
-247.3639586978173
-640.4476264818937
-499.159364217272
-22.49729764485487
-255.42267328986534
-247.26954799477122
-352.7144467261842
-235.79067380786591
-246.2732585616572
-246.42659998266055
-254.42163952519593
-254.22063039984246
-260.63983815525535
-131.13736452722912
-127.21740690252996
-135.30664669911692
-131.81206726863846
-128.82944393607983
-124.72391138488157
-248.1159141351132
-128.64550788719754
-131.51469000625985
-123.71359862635708
-377.62499106808474
-126.49294733673325
-358.6921498876246
-2.8755843230690865
-116.87098219595005
-116.68614134861619
-1.4298139920946287
-124.33162251678387
-239.48774897683063
-119.57369962078464
-249.61636799610315
-9.830063053850685
-122.69169136695938
-10.540460379994988
-353.37118659451136
-126.29601467898901
-136.82571998689215
-130.1161061963696
-376.7105011568935
-123.37925965238735
-136.7316293624188
-386.6326863511728
-243.7299293124918
-132.5550240788764
-242.87032675881358
-137.05496964403127
-128.65444128347772
-129.17796268775692
-135.74903082359
-124.28697595936849
-134.0632553180181
-127.07333056373697
-240.57651459437096
-12.178536690634807
-9.705732372997588
-133.4804510440451
-250.25621003468248
-250.86644783600417
-135.379633176786
-133.44403117769252
-137.37224256885932
-131.22935529385353
-127.99236174427725
-231.47323978231222
-261.41740113631175
-131.35348877142224
-138.24490961029363
-248.6316800655849
-138.50539437093093
-138.8514468411473
-125.43683343701001
-301.3016879909837
-123.65617040947228
-378.27499306391394
-258.0153673241403
-124.1664679100023
-135.8941324220291
-130.20099774404858
-263.54733552675197
-378.62123079363397
-234.67549506748085
-7.911516414028556
-226.21004363666577
-261.0970986585568
-266.4721431300358
-265.62020352099694
-126.1430674293367
-253.06612034717796
-266.3454346135486
-248.61070144196165
-260.7993213198652
-265.3602195894947
-258.5035562026523
-383.552449539006
-261.8161704874167
-378.5256250442202
-479.2296649629039
-388.88950094784275
-380.11949598726744
-132.7944086432955
-129.76521688255306
-460.15668358976694
-264.1543115659296
-130.2773508025733
-375.66248179745753
-255.66599752752052
-290.72041768904967
-274.4537778232489
-136.70239424751995
-127.83203100134824
-129.99397837508147
-260.93833147780646
-254.0625719441566
-252.36814417159397
-6.441285073923133
-261.0383076949689
-8.087585304582522
-136.34770066319896
-5.259496636773984
-4.075609015198959
-1111.322026055349
-259.66990262366704
-135.558795862936
-1131.9323353124994
-138.2740485512929
-1074.8763210046488
-525.9107788927358
-131.01744285519746
-116.38593263886911
-122.43463434049156
-131.21917379027616
-249.22955332756533
-245.53085881514096
-239.79212694198137
-253.55682388301165
-117.33012206095442
-2.577691854852002
-135.0007125359625
-117.84231206827253
-129.8310083243461
-246.14130323137252
-124.67472606038038
-247.26273919607226
-134.19858513782242
-261.7180137395893
-138.08742587525174
-151.67677333349334
-131.9375008830241
-144.0391931826857
-138.9495766263801
-133.4058475655639
-136.03867744399886
-142.35482552154525
-139.2137547922921
-263.4808183001914
-18.906409220144464
-137.81849138936087
-138.30552312829684
-140.8404589937648
-259.51731762095875
-384.94781538752824
-137.74653363225704
-368.91377978363613
-14.741028544242432
-127.60848974853735
-260.3968360779836
-134.61489045801454
-244.43870053499654
-670.2965589043222
-5.321734690712848
-120.97387663994115
-125.12614467282272
-317.8077393638498
-371.0307662568401
-3.4210844922982493
-4.065973948744616
-119.49341858340303
-2.112370100710541
-126.23291321255438
-119.86730652582149
-127.7396053812082
-114.79155238526687
-135.7380424568118
-2.1712943207590696
-254.443266616183
-124.3748172510016
-115.63765619142904
-130.60036897305133
-1097.9794515978494
-1211.3893525354624
-130.130481816511
-233.5288865446845
-126.3587267271801
-133.5433044848863
-253.76724643300903
-126.3892137938717
-252.05972303863584
-130.4155375152013
-266.2434501531573
-267.0217763390438
-129.00522432321316
-267.33322382015746
-134.4748745591171
-141.87115293862067
-130.98217886814905
-141.78016386409487
-398.1234814208392
-272.59209795775723
-139.1610320508591
-128.01812493184207
-1491.95356610412
-6.836561579817804
-140.7174019484276
-249.91029686301164
-134.34075851232194
-1501.1225500605758
-263.4294989471939
-124.2424104607049
-235.92938534705408
-364.6424474396922
-115.95299438898684
-128.87067860255758
-123.38110039562893
-124.37216161295315
-243.4661330705205
-325.1687972239694
-129.71191038920765
-266.55800010911224
-271.04112101011697
-127.3329842863956
-237.1274338750525
-258.93524273751564
-133.0648506305268
-137.03821920526298
-645.2088303677818
-270.10498033419464
-288.4384642954098
-335.80685828643277
-129.96931467225087
-247.2383181793772
-136.36284590678383
-4.252963768023472
-3.074804132951334
-121.597158554099
-136.6959760410416
-5.023520523228697
-1.91118114323099
-261.4441735989684
-264.6557999272303
-2.1229550700985484
-137.02319399972924
-140.3695418700097
-128.11629065579024
-132.23400069544394
-124.12626135958045
-132.70544710038195
-131.58687021698645
-11.350382615020917
-134.78255585790512
-242.37525557356477
-133.2094859309186
-130.434595050013
-7.165333320802838
-130.78379367151487
-139.73159613718326
-127.08597193532432
-2.736853103171712
-126.48041240222649
-2.16884580321108
-125.88121460331166
-253.0424312523413
-338.02364851754345
-247.24759313814658
-348.88841068084935
-255.63006063178065
-129.4809056874065
-263.4568984207042
-249.65729867597872
-262.7250989155767
-576.9992854750171
-140.51567366760742
-265.0383897350727
-134.1553002216604
-136.35090004857398
-138.1776175703418
-142.0609752707508
-135.33714056110045
-140.35153114795216
-135.14177900091588
-251.11850528367953
-137.30571955118106
-128.47991061871744
-360.95650960992344
-139.01830661511
-137.62361227175256
-5.699213087634051
-5.161240936753128
-132.32956532577694
-128.5586015085471
-261.90653123264485
-126.37403133212831
-3.002409292935325
-362.5067155500029
-137.9851815511574
-252.99469905156965
-132.74242858412563
-247.76124597595867
-135.7449800529142
-271.89208463495646
-255.76433418946678
-3.6750214520695152
-284.6565626813301
-129.65847914250813
-248.10926100902495
-267.6234447060533
-126.52558528745085
-132.67675648773294
-1.4675985639155442
-240.28904164694018
-121.38888360424171
-122.25556993370014
-267.7424563167867
-504.9307945074914
-127.83369258150923
-260.1604467911118
-132.66404806127727
-294.8431162476765
-135.89440427103779
-244.83172162737355
-3.462194589631311
-252.42392162957765
-117.64879898669759
-3.0107165050504903
-115.71858554114752
-134.70271808073878
-138.42264797339243
-136.7015096452603
-116.51679793395043
-3.9191008319419547
-5.933930006712495
-134.68760497711506
-243.71170986107828
-252.3585553192882
-12.301021089524202
-132.9396731077511
-141.87686922298573
-127.46832464503184
-328.28680110703743
-133.21407540088478
-134.98741888860536
-255.24570305397498
-117.36611465573975
-389.36777941876437
-254.32101552233146
-122.54197167777468
-255.43242659809516
-122.51223669925882
-1.6749778082193445
-118.66347483867695
-120.51358920577455
-232.97497761299365
-117.54847909549457
-130.03968819019306
-1.4801368465673368
-264.81258727502916
-5.103275120167346
-127.91033108607883
-269.25786901644744
-7.784351459389153
-135.04383234722167
-148.21855905751357
-145.60154995113476
-364.087603937285
-123.78122199860854
-133.48156573769674
-118.77773809889064
-256.52096099887734
-264.281453629936
-263.20398136832824
-263.7203981706561
-276.7462880475705
-1.5458391022147089
-260.16924071993793
-2.735173602110406
-123.38094452080526
-125.50059332542257
-652.8307449604316
-261.8174766289856
-270.69785410714144
-274.8369119990233
-454.8354940066271
-634.4636841144592
-376.11321817150025
-647.543229175217
-139.9591742928331
-266.06407807745234
-917.022061249921
-500.807885723689
-934.0846595803473
-648.3511202334225
-2.6268262490485292
-267.9845250073885
-4.651473981646413
-263.456483743372
-130.57104951506716
-131.04539516755017
-121.90289049388434
-137.28254086061483
-252.08622006940857
-423.62542150228285
-140.70797629112698
-121.1226773819628
-387.7784045725089
-117.38353176410284
-121.46003858056964
-125.13383706845073
-122.12013672612616
-264.86329328830243
-136.4321338918685
-128.36020450946197
-119.01497490145621
-122.38940905049603
-122.28062858893698
-238.45522991283306
-2.6776970125242414
-119.47430470411881
-3.9295966263953135
-361.4145011064171
-256.0021145574444
-4.084331645589428
-125.56655512534263
-129.2279283664213
-135.14722707122004
-115.78318131700644
-131.6904497988994
-4.839488771444855
-230.45880145130232
-254.3186930857869
-238.24971350606464
-127.76976284274751
-133.08904194624722
-342.94321993367555
-3.2169994155020123
-252.96136600924223
-919.6148779564037
-133.63300765695243
-129.4266511645533
-817.3277573429721
-127.46139517066268
-918.6937773580094
-890.280685277953
-320.8571900768752
-126.18718276303686
-1.8170178227285845
-130.2255388033516
-255.5713873741188
-240.4766573124201
-395.2044154078939
-375.7749362010048
-3.4502341432919756
-2.254641266103723
-124.8049556159802
-134.22939339015733
-5.254211038082037
-11.128770614107424
-246.12782336432664
-255.88568021847428
-132.11252905473876
-137.75282622806228
-139.3861883294203
-129.82604156055461
-246.00309239129643
-134.9474251017087
-136.30880739698065
-2.910041859370342
-137.267102442472
-126.48542275978878
-127.6076247173676
-4.219120574933142
-134.8816818092325
-136.7349804945885
-6.371825410625776
-266.6730726707035
-141.88095270860137
-341.691099459524
-6.004142511126445
-118.57817593428445
-277.80177574783363
-140.0327297489231
-126.66842187439464
-134.132948344621
-254.42395356443217
-139.55638326900313
-275.52988991788203
-132.41139263950447
-133.26017761097785
-124.93339242684057
-250.3524699396583
-128.5270577446896
-128.9788701947385
-2.14890249643077
-121.94343154609584
-130.58354930506655
-136.98425797235177
-128.08019516314252
-251.8039271269549
-122.94434244927729
-129.9529398452111
-133.07882847338726
-120.87642053912703
-247.22873563876428
-130.47187919426307
-259.4601471481267
-140.19197285976233
-393.0890546591623
-12.462749905358306
-140.73915067017816
-144.91257215755402
-1491.120321559091
-142.68392549483102
-874.856072307032
-363.00868174914086
-256.0933185904778
-146.1967487231723
-146.4248956963148
-133.4685215699049
-132.58841764335642
-6.090996836748076
-132.11369182628937
-256.11917550855327
-134.48454421566632
-118.79318106989601
-4.165593702099406
-237.02244029877298
-242.7033227488039
-132.05724905028785
-247.18565937338647
-339.27912225752914
-127.66547069152679
-130.60228587524674
-130.38655716209183
-365.837450096132
-233.4964880551277
-123.96377765215729
-128.0614010451599
-352.0252240640533
-256.1384682892792
-1045.2986904280212
-248.77693803627514
-654.8329912145413
-117.88740535906243
-342.69667143536196
-233.9048544103746
-241.31919983273326
-1.8299802039095074
-360.759961570693
-3.346528534177149
-123.60921932893332
-1.9214152463250593
-381.9225701749422
-131.31121355946036
-126.2232288916554
-126.6359005423154
-239.76040190456015
-254.60802277114084
-129.5275274450148
-256.4760982222486
-252.87189469887795
-349.6838639202349
-230.73779260572636
-232.97051506126164
-122.59714318637153
-249.37756119797564
-128.30234294648335
-2.3858002821078186
-7.37353863984587
-128.35195021544556
-238.2156713433801
-130.7999608994268
-135.11677316241827
-140.35464717957572
-134.66728814816983
-261.9820668566612
-128.44147204217745
-264.2302325979546
-261.00660004401243
-129.99841336991582
-251.04927042242346
-253.7587271134196
-5.588626817042367
-256.9415689791576
-134.01167923483405
-8.359309653078359
-256.6745569581724
-138.763326384169
-145.81644482647235
-128.181126699516
-145.17963168560055
-151.14760317046628
-145.8177184090306
-270.0179785164758
-468.51592088169537
-21.382921396778137
-138.96753106541348
-132.4455848793518
-14.377404785957067
-9.912599215102698
-239.4599161337331
-420.48006805496925
-135.0148222326535
-135.3945255692796
-126.8562483567987
-245.89618414428386
-121.17114641510769
-116.94880580291013
-4.276176986050853
-3.549852161226453
-1491.5273916514348
-2.5483157118695017
-126.18038306165926
-134.3315693887058
-119.89248254870492
-1494.1034649685712
-254.80737970378578
-17.69109876879662
-148.6630263581792
-149.8776226422164
-193.80659236972622
-558.9348019094575
-1491.5298859084453
-147.804708675748
-135.19804043702572
-1494.3157462685758
-128.5140260153365
-257.3067214527402
-127.78151256500918
-129.81341220580657
-136.64587054245706
-1495.1564410438375
-130.68652150997795
-139.83199156294435
-383.40398309286206
-260.01921778972877
-384.41379355880855
-259.0701688428466
-3.563348471044405
-394.9991079935732
-122.32769615963359
-1493.286899244187
-119.81795058338211
-268.35059130730275
-138.25873061469272
-129.20999311993646
-139.7404489484717
-121.22679117145007
-5.032891203666124
-7.242758653266914
-134.80011514586613
-1509.8624727444899
-253.801201523022
-1493.3728358633912
-134.76338743455446
-1498.2195926975444
-5.111087970434939
-131.7371942733828
-145.2706138246125
-371.19520155174894
-133.86911926641972
-135.53514303981981
-129.01927415484886
-261.4894211290241
-1492.8285765138705
-127.26739888149001
-374.2768722780536
-129.12663999138738
-245.6616010790327
-3.304992965230307
-135.20934265176612
-253.75697132036817
-285.12356925042565
-260.1104401548375
-136.0692885200226
-391.65222567000603
-134.10779180110717
-1.8560570442030941
-115.08753799389085
-132.66923340155904
-127.47469599996589
-123.16916470206739
-1497.446685809845
-127.82712875250189
-262.20723048621653
-140.06812208346003
-136.50427901110828
-136.13640656326578
-1491.1800707901587
-129.4736454186133
-126.72972682928831
-122.37799338968975
-10.301510195793966
-129.8463148053044
-121.99112911860894
-5.6086993285312925
-121.4782681439961
-388.10763958914833
-142.114033533502
-135.83126924672516
-137.23624802989073
-9.057700068645186
-1496.8051209769067
-118.17899310936458
-249.92782068817715
-138.35291284666758
-125.83084081298466
-130.15764029364794
-120.64249895730227
-131.34975272319215
-8.228239968360251
-1498.6495042960273
-139.1826500476336
-123.89299960600852
-7.567281009467581
-1499.8669690742013
-4.126142773223696
-247.46494899139245
-247.39686672219622
-130.43178217220185
-3.604429179454857
-124.32915510369837
-118.8832697377317
-3.812393026890353
-3.5156158824453936
-132.08330821765406
-135.50793273349748
-131.69996110459715
-1498.9977350131726
-134.46581450437034
-1515.521570956007
-252.39834909775706
-127.70051881158558
-123.04646473391217
-243.42452432323836
-248.8432491840585
-132.85253382827878
-244.5831037270748
-122.29515380386763
-136.01127560061448
-1496.8786511316193
-136.6356081910784
-138.70891327790565
-135.18493670447796
-132.33050210292248
-141.67218356716566
-253.09349216484404
-251.60875392089665
-257.80345379570434
-249.59049473242447
-133.3718671489861
-9.336747644538573
-250.40161106597546
-137.84049455084656
-132.252509192069
-259.4107971966455
-143.70637840155717
-138.0499385672441
-133.83355526386256
-136.24399438417726
-119.65892896620305
-259.7552249506909
-4.233833816198204
-134.55225058826775
-128.29249636654978
-130.59232064909384
-134.79335498874372
-134.2362240453601
-139.1519204394719
-137.2406342753176
-1493.0300249432082
-138.39682021232906
-3.8352086605689935
-133.43871997990712
-3.0267857709599384
-2.8314905891050737
-120.17836494113833
-265.7684575647087
-378.76532145814406
-133.37732346623736
-3.3846996359612533
-133.75595595624307
-247.0603838479944
-250.79355821660363
-10.161521707195998
-12.500021053309991
-269.6016783001905
-257.64950817428036
-136.60169835781338
-139.31556911171455
-119.04103627101762
-248.78444995391087
-133.44575946672978
-245.52894323844578
-129.3171680555618
-3.82823996032778
-131.1371217853641
-131.86044381879032
-131.26041968133842
-529.0291714895332
-135.37480919191236
-225.4097619657009
-1.8233331209710602
-1.6681893323769217
-1050.8312086141775
-127.76380812968524
-127.08395607513386
-129.87302906653935
-2.2425311325139976
-117.63088876840985
-130.09415504804318
-132.11265368701302
-131.02312765644967
-1.6798951288407646
-2.0927174381900784
-131.93734216132728
-116.55106505917567
-127.5850685027459
-2.464874393681001
-124.65921559273005
-385.384748096013
-246.5513911828385
-116.969682328989
-4.8004021308470906
-134.59236642590142
-7.192470343352006
-133.30105619692822
-397.2641995927389
-267.9883409258239
-135.32158146149217
-17.57821476496721
-137.491654175282
-261.02710949014863
-538.9524930477271
-645.9289795839312
-631.9146547609022
-23.529425046298293
-147.18573129220988
-133.7496312150474
-145.56671414705002
-146.35631827746263
-148.5812494063743
-261.16231290514963
-143.15688455332938
-16.66184308881619
-143.4285907406126
-269.661109995885
-133.12177285265176
-127.19488852543577
-135.31395013940252
-130.96163764758816
-268.34481564139054
-139.10727011442495
-135.9670013385411
-255.94690855116704
-6.996257086709013
-374.6625950785022
-5.27515980890241
-133.9698522216519
-9.82180980330914
-8.27419724326896
-8.084441417413894
-304.49727788788726
-133.09092708843923
-135.76043717826047
-130.17391214400698
-135.18212956328526
-368.5708709090163
-125.04074759656464
-7.9364563661805745
-359.91458971782777
-135.50921542380004
-248.2425450664929
-282.23251088456465
-133.49073865372557
-372.1987341229117
-330.2860244100798
-5.931924690641382
-336.0342426801483
-136.13794322203975
-128.03016150957708
-250.23411194734933
-135.8622266366063
-275.8800455773068
-136.11867027846037
-135.98541742124021
-283.82578756502704
-8.122640294379305
-136.0709316441093
-248.86873587613155
-133.49455886117087
-257.7978447961643
-134.83681694914313
-275.60448403677947
-128.20740395712255
-252.74321254765454
-238.36305652110977
-3.334954481864066
-128.60866823215773
-2.239790623690212
-133.3743473421997
-128.63523789374256
-130.7211919687502
-249.31184857222698
-5.461377450742576
-376.62130939490385
-131.01328993207895
-268.19830316181003
-10.043636762601492
-245.41275524408832
-128.99616081699375
-395.8173369682823
-131.09032556544074
-265.44304125127616
-257.20595216084575
-909.2983902712397
-131.77133046536602
-123.70675787934645
-2.2881258884370133
-127.7271221803342
-129.15859061837617
-276.433905656635
-143.77465297201496
-139.75390740705495
-145.0295673309562
-1243.5116250636386
-1319.6965882639608
-9.012777284452515
-131.6289147350891
-244.8163058505459
-1182.1737359791437
-128.32075633014367
-354.53497728295014
-244.08079123835225
-1092.411809204406
-123.42686332573888
-281.97436034490175
-250.9836113916618
-131.00631825217474
-2.9631706806084352
-1234.0066139021008
-1104.8118288051887
-1145.2251835460468
-130.16479180271074
-135.10020817911766
-1238.219026714914
-128.26212981117666
-136.72479634764113
-127.35841032220355
-1327.1252604989763
-131.76273039652918
-139.66032385618408
-1.4606773074555324
-348.7752257390797
-135.10856366633507
-133.7259573678198
-270.41072921011977
-133.25353144736079
-127.40755092061904
-121.72010677407825
-2.039492906681187
-248.8630143675104
-128.86656798407165
-1384.8277474057977
-124.38752639841454
-1373.7903449518162
-349.76023869889104
-115.90458046397714
-241.99346794624398
-1359.1395616858001
-244.16153103357698
-1323.5976502268543
-1064.3752688625646
-3.271829220276568
-4.10320739451948
-300.4639604040424
-137.44610785430498
-126.94374472932452
-134.55665014135874
-138.8358104222534
-137.55934433361648
-10.02197413647005
-256.8799197865928
-143.81255440012416
-272.4063649304882
-141.29483015216516
-249.5157230663053
-144.56561817094803
-141.1654694768948
-140.1272239716455
-142.0018221783155
-141.7847418864878
-139.45948161176176
-138.8714672160639
-134.87162641671057
-4.152057681648085
-127.6209096040476
-230.45983465090168
-343.08146467140756
-236.87347430308262
-1.949665307994396
-1.622253459031867
-1.5753941899969153
-129.61403067009581
-294.75527315170865
-1088.8804438856405
-245.66059503350797
-1252.962747386906
-129.98818439254148
-121.87515871209014
-356.1291574146257
-1400.9926498575453
-300.4822475004102
-137.50546959250966
-1248.7798547484022
-1308.2005124065638
-132.63081138618693
-1346.6058884006866
-1233.38379306234
-1214.9511379915632
-129.96408616660662
-1256.9905685705535
-120.05823080153417
-133.02336421120984
-255.00234635482568
-131.22509053057595
-134.2517223631231
-129.0013403821668
-230.4976439671059
-1438.213573380987
-135.4729679516879
-1333.1387555972512
-1318.2810830151227
-7.773028526084186
-289.4940400643858
-246.94692531190924
-137.1822754791724
-138.7512406476298
-10.840832705227742
-249.0811507037746
-1205.1510670083044
-132.12476935978088
-132.4150786547463
-135.00761886317773
-132.56404004735694
-256.4605301090548
-141.5715269066146
-1183.9022181729065
-1094.340276528564
-17.975615246651206
-1051.280564770099
-128.60115279489017
-145.3967825222748
-1085.454660542097
-148.01636795840454
-256.65380647169536
-1202.6730813859135
-131.26869687967917
-332.8689934118104
-257.3686269788336
-14.813864112057521
-1269.7185434093717
-1293.8915908634785
-137.45331681717275
-134.6189865425462
-241.14983799498958
-138.42567076309783
-12.70549860304556
-245.32671360471042
-145.7515416095022
-14.153747551188856
-133.7306187967966
-132.20982750988938
-143.31112630000558
-142.22235259160627
-142.4285982431266
-143.08079594412666
-134.25467020821975
-242.85724598338396
-364.05404181667154
-13.225859592123285
-355.8758883519648
-272.0714179441039
-140.13729412803121
-136.5932922459146
-331.676566384854
-137.73671814660008
-245.0680776977952
-137.39205322716083
-136.44370216316227
-129.00076584948098
-129.22938258860233
-269.4147296775726
-254.21226451611295
-136.82255229113483
-128.27861733661666
-134.68548712114375
-253.35435237784458
-260.5869510577852
-136.042153268609
-120.991024044398
-126.07814864428757
-232.37069099544203
-128.85078066473497
-384.1382847432934
-132.86545191883624
-122.63920599682095
-262.81785471056884
-259.12440586234777
-288.6940092779541
-253.42138630213535
-127.63543144743109
-129.58532308129742
-4.417015577393626
-121.63862091604662
-7.767588255340354
-127.09408188768292
-406.65715276611405
-8.246822207054418
-135.01370302235765
-131.9536849774204
-238.2215449278286
-254.2966884032148
-915.1715758824464
-8.375761546520156
-136.8529944890193
-259.86107311399184
-271.8671575840384
-242.45456437756334
-123.30916131557672
-926.1067042484244
-6.738397046338164
-255.7937903912716
-132.8844826963258
-264.57905927778796
-6.942089804618711
-130.79066142354327
-5.316555183137792
-241.44322600611147
-4.125633153140296
-1027.712714579724
-251.99021877470938
-340.20897201779815
-1007.4950463380183
-141.10841254853412
-1491.8997677282857
-20.489478369609998
-134.61303303988095
-19.522694361516226
-130.34119906508073
-793.3294301383258
-388.0897923939966
-143.2930159337086
-785.8047847414643
-146.9598478238198
-140.5721282069072
-141.8653654123548
-139.56434294036748
-274.5675767581367
-143.83923342539597
-131.86639247418856
-256.57409529463496
-272.2464151850642
-425.108855850673
-394.06431239207024
-16.824261961574777
-20.382274525100577
-412.5526259035956
-137.67308290908542
-138.48099928206574
-241.5423121089019
-251.24379858155373
-134.35359439424653
-125.39984758880628
-248.77751454829436
-128.1487642431935
-120.23729846646012
-242.59785909487783
-117.38794395307785
-943.6594295648031
-3.886008527286583
-1181.6901260081427
-239.1453808735956
-241.59249905224627
-2.0430429438000073
-1198.9306477641053
-1285.8542110761462
-1230.119985825485
-121.52959536052255
-239.00668227534817
-1218.5212413601216
-877.1832398876838
-1227.8897515578801
-791.8528355374657
-886.0024450270631
-233.56144956670008
-2.3845202531499554
-2.8763638344841294
-146.43405998226788
-817.9820256848053
-1194.8410420164373
-1325.546656137388
-133.54075737458325
-361.36130180510213
-1358.7736989738125
-249.28231530225858
-1238.814738948775
-10.338391271877864
-1001.9299727518006
-984.4736989153088
-1351.7218913919917
-1380.1390044159084
-242.61233815075008
-121.91352420386234
-1198.8357344220167
-1.6575008742426522
-1183.5075862499762
-122.517690245743
-1197.6597791142997
-333.41375303984825
-334.395715659797
-1217.1513872481596
-1195.6059585150742
-1227.2140048088793
-117.43225589711886
-1194.760613546282
-1.389390706120593
-1192.529553906297
-1041.176007468417
-116.53470669347132
-1164.224915924534
-886.2466822746126
-235.43940293815544
-1205.5928334873365
-117.37350171486463
-1203.0304075426563
-125.66537323229582
-125.97051044761416
-1249.8227953747607
-1230.921339760826
-124.01641008013905
-2.5804986956137017
-781.5190586650705
-1240.1650691973248
-132.3414843945808
-1.481069651735244
-126.50326133571714
-1.520044011607809
-1406.0509933521707
-1390.6354034390697
-1245.929013606211
-236.0372048110338
-974.5534068047536
-235.6410092621574
-1224.2980192049397
-259.25463877873864
-116.65835358203017
-1206.8096315405357
-118.25197375625022
-119.6318786079244
-1040.4715899195382
-392.5257326247549
-496.73223075361904
-8.340902293195779
-134.02629674393538
-922.5449076409362
-509.52429582472524
-128.13591149970094
-136.30702205661873
-654.293980970495
-16.35443125815019
-142.40190203707624
-888.6233561918754
-276.34257882467284
-10.235842688406692
-238.1820994644613
-136.9306335122901
-247.95504530220688
-638.7922383021189
-144.23199658912534
-237.9533246704237
-393.6098933425039
-131.50553184670866
-263.34215098293805
-126.10822864839407
-121.55544045092283
-128.84133938029592
-5.4108636624257205
-506.693949227833
-498.1785528628281
-244.64522801222486
-121.25345593199236
-134.71026481381153
-128.06712713756647
-8.628657362531923
-254.87094591725122
-121.92155132920257
-378.4548122794603
-257.3680536703632
-7.1942871680442355
-245.38505395955406
-595.1620070575653
-126.9539267135095
-380.9093750681873
-1.8054881831006535
-299.42491634391234
-613.0073888501087
-1.7991673207483532
-260.1729347111575
-355.6671054310235
-365.3383044975901
-131.5843285672968
-262.07365642068726
-384.38639411176047
-328.23378683293026
-242.4448662286123
-242.27675886218572
-246.77388065185212
-370.1928075128317
-651.412818699979
-374.5664916491846
-115.1047784204246
-127.00909134531054
-132.6785319548653
-351.309043940748
-357.96675493082745
-252.83166351075104
-133.80605608300942
-123.56670914473821
-134.62681571067645
-128.4315065748367
-134.94455520941798
-138.43717027080186
-253.1061799368894
-267.6582354498101
-9.231647882939727
-132.80883208977724
-390.0648622815842
-235.49775023948382
-763.4246977409368
-131.67128603856898
-132.91551016397653
-119.87706587056957
-367.52608539949284
-359.05332759604914
-318.82257004504504
-250.1398553454489
-258.0708415380092
-247.99134855374578
-130.28724034659263
-9.099832692992686
-235.65867765142238
-119.78300853688245
-254.87410038021403
-245.67203195557127
-246.29477100765487
-123.42948717590092
-256.159160473976
-127.47646340901211
-128.65710924228725
-117.48837331920578
-1.504343825032659
-128.78752066021724
-128.83609416930182
-366.40441864293444
-127.15582742518365
-245.60161083923595
-353.96730260960834
-361.54548947075966
-120.39762243805738
-321.264848878238
-3.248706464892475
-2.4276813820742147
-247.93129844866948
-385.0240076367147
-337.3753934123262
-245.7859218798742
-125.26073359624385
-357.2389756204577
-238.97682412392766
-334.9065077528693
-260.7771289094285
-123.35002373681345
-122.09450472662756
-2.9805894521352227
-126.58934347560346
-130.35839515413645
-246.24129368300657
-128.99486029494173
-260.0709902994891
-234.8292575419864
-121.56519308521341
-236.73723952771297
-129.8665216351118
-115.02883980734975
-519.6973355708377
-129.65195102238377
-114.05417434838945
-234.21107152065676
-116.50486969312117
-1040.5376859621285
-129.27602203509517
-247.3185573886757
-1.8311510244427573
-918.3186321437177
-130.06012478854532
-1.7687787094460616
-115.66713319355924
-123.47765927578315
-273.93318361034704
-115.85326917155741
-119.9832046320065
-128.11019068920058
-127.16009057260054
-118.45304107222502
-371.2392492547836
-754.9686188369668
-128.21692516545002
-10.690280726372057
-246.86817238512742
-4.352058540964196
-135.59913168828126
-128.98431271007237
-130.7175135506527
-132.2206980654666
-126.27333392122084
-349.0047716251577
-124.80567564443145
-386.5420619554835
-909.5430802916112
-890.6974220226689
-247.69303504823168
-226.01176608825094
-227.95180103544809
-2.0012823611610147
-127.23891549745143
-124.26401924070535
-243.0002552557265
-122.58940912245617
-123.66086082909888
-126.35468578654522
-129.1526282511856
-116.12075386253127
-240.2851078769622
-250.2024642624602
-916.2719141652642
-791.0920404347087
-131.16396201184077
-117.62991169698066
-905.6309227618843
-236.97129633147634
-250.20324827977004
-127.86894133696808
-121.37130679094993
-251.52362412278777
-131.04437077867368
-130.83124852945738
-120.84496374075921
-120.97749981027683
-650.2817919900474
-385.87384720699947
-642.1125306051152
-129.10510584729246
-261.48118808295595
-356.9005645239937
-232.44156274200822
-128.71941803218266
-126.68965190155977
-244.73410509288772
-247.4817438214754
-118.78470317241572
-387.80387538928994
-387.0528032180593
-129.16265150733454
-248.7612242006191
-3.013451787217603
-125.44856550204976
-128.19252403568248
-505.6222722049034
-244.8351207523991
-116.72508692152938
-124.01225302288366
-253.00519967069712
-130.8072875227351
-123.8726109617004
-122.90137067763393
-259.3805303499979
-368.8850812380142
-251.43725426156078
-368.55561848799067
-3.329688219670451
-128.54021748645178
-240.54559883677774
-264.55253597374406
-237.86649323219368
-118.5057721090655
-2.4399992006239155
-2.8260420339391885
-3.654583563248187
-116.46065652888399
-313.5324997333899
-271.0938110183632
-129.00965286016105
-3.2873324713738286
-287.2741530612674
-258.9691000765426
-120.05551822551948
-238.3550083645587
-349.1736279795628
-237.9720298676407
-126.98324506288192
-241.61733434245937
-243.23952188896047
-253.14366305464586
-118.4756023942994
-125.96678058935825
-2.4456525023174756
-124.67207208829086
-129.2433489264926
-121.36876085628617
-127.53810849901282
-127.59679540825934
-246.40088461865508
-326.79147348075446
-130.10334514666792
-130.71790466207662
-243.56692028828132
-116.61444847765442
-247.10734727532653
-2.2853347487645386
-132.80688358693405
-310.2860115498302
-124.03748771714132
-125.95602891942656
-263.48694891671323
-3.437772478223767
-2.0628485868840256
-128.11612207595306
-1.7522500285143083
-4.188560243714774
-132.92474474641241
-6.729004580006396
-122.01431884530068
-130.15185295511483
-121.02971669323124
-124.89992425431589
-125.58535825209152
-129.92735360106215
-127.97450288418945
-117.56106752979613
-379.8891169789
-240.06563870530056
-245.3130253963703
-125.38235155436674
-133.11198872028285
-128.45717919746934
-2.017841202313717
-126.98404601685047
-321.2193997361126
-127.9752516797124
-274.49003523701856
-1.6994259870877904
-123.01422394879397
-241.1872743599614
-263.3911307659403
-114.18927161280388
-132.39081660130518
-251.03459533633398
-127.56954062409636
-251.70395892484015
-6.811461776196597
-243.68547055775383
-135.23599464134867
-131.66550828969358
-655.011620543277
-246.8279810386123
-403.0754068158004
-138.31006697513934
-129.5789843050062
-280.4697794675924
-261.3239527639319
-132.27839922595675
-237.46022162208294
-247.2380116488694
