-1754.068278041763
-1501.2000890674362
-1492.1080901335813
-1644.452845575739
-1664.8148845557243
-1586.1876594790442
-1583.0298771990142
-1664.1626957270416
-1528.0562292132788
-1562.2352016550003
-1551.0672303338474
-1475.4157312641676
-1392.6159423385668
-1429.5280461333434
-1554.9097524132483
-1545.485519914527
-1591.0437414165854
-1539.4458518886943
-1509.4781668465762
-1524.1627022473663
-1530.193704777846
-1561.7785295656763
-1505.6970863166382
-1495.79082089257
-1492.0305198661838
-1507.6639337711943
-1481.7238428177207
-1405.8343846549592
-1369.4495371280748
-1505.923459342246
-1371.4133821201935
-1441.9985445302996
-1494.2615765733262
-1454.4701659885561
-1479.8677720326714
-1475.7106461734736
-1473.3871757664963
-1451.6726743960107
-1412.5236952659388
-1498.905162673416
-1463.5241664492037
-1492.27042424991
-1444.3616451098833
-1412.6638624896152
-1499.5869078605638
-1481.2745915430114
-1473.070928625861
-1499.6733007961561
-1495.714279174754
-1494.9201828783662
-1394.2496766406825
-1466.7158208994765
-1492.322155861033
-1467.5747657280592
-1354.9012628849507
-1494.0206736039713
-1497.6286432428938
-1487.598860623471
-1478.4748830986405
-1223.8585923649034
-1375.36491806905
-1380.7055824637916
-1425.4427083053222
-1366.2888091416035
-1488.5329822703648
-1219.1884005604772
-1496.377576788734
-1489.7602976180785
-1448.2109422303133
-1289.9180227898414
-1263.3630279123686
-1197.9309946593228
-1375.3260411526553
-1494.7449076217615
-1248.5938275212932
-1209.9320247454336
-1494.7573657458775
-1481.748119249947
-1402.579649067316
-1288.2721098310496
-1212.160763469372
-1499.079563697255
-1302.3044078569903
-1513.6959505010916
-1501.26834793437
-1341.7935653250736
-1275.3999614493107
-1303.3531836556688
-1185.1794747578554
-1172.9813339277457
-1154.1666001556766
-1182.7020437081833
-1057.7995990767645
-1493.8899651189008
-1190.135406641224
-995.8608877367964
-945.1231696071518
-1152.6824388010816
-940.6546590927796
-665.7968222638237
-963.3978429765891
-1494.2619448798205
-662.8258458538572
-947.7119024037173
-955.8672298418787
-1024.0187393293954
-1073.7587055382326
-1494.732180195938
-850.6685652650667
-1502.5273705348118
-814.2864840512995
-138.27386102688578
-6.129075432061669
-1099.4118329923315
-707.0256399211553
-141.69793165725238
-1497.81117662333
-310.06025564622206
-727.0272267680056
-670.0524462387183
-276.7210269457322
-576.4696929215114
-727.0893987143919
-730.7857246924053
-279.49338083981536
-138.47853791908108
-1491.6724634281968
-725.9482384358168
-423.8353351150388
-581.0691491446931
-273.84730789521655
-611.9499741734677
-1498.274010257691
-637.6409962535672
-1498.2659270681543
-286.40782676459236
-143.73841790868636
-1493.2224272332246
-153.3939288295577
-1384.3192376800084
-422.09696901046334
-1498.9715828684941
-399.8725998918557
-266.96180436589685
-390.7646953111623
-278.6949658513436
-141.08662408324759
-142.32746397613738
-515.6912482448844
-19.073140471966603
-474.0437072687391
-139.17022220679425
-143.12402554563747
-139.18473605337374
-277.09713311344774
-149.85451155287655
-281.3255833574392
-556.58580833973
-406.9894274011017
-148.1061261422629
-147.04603220322596
-142.24108092472565
-146.72567933418762
-142.02288201763108
-265.0652339749431
-404.9351718070911
-268.7514215707193
-451.0668883639858
-145.5923772100433
-284.5350256481712
-173.0097731252021
-1365.5579428449023
-408.7965166036188
-19.57779982918902
-387.74869438597665
-147.58515800266818
-919.1516400743913
-405.40132323177755
-131.1175753043327
-1053.579546983403
-805.8131118927383
-310.18251986576695
-1493.5988185473766
-1491.3767157803363
-396.98792254051375
-257.8601787292185
-507.65516155138977
-518.9192658028785
-139.86031024878014
-142.09639722546459
-343.9061811127631
-986.7638509696562
-135.50204426175463
-911.5730263751819
-127.76869463226453
-266.7084336453257
-252.14077518162497
-252.4574257267483
-8.738000039541511
-129.76469272534644
-3.8180962767931343
-128.40787973430847
-256.20955465541385
-242.6039035669546
-128.03768979108878
-9.619280740603278
-371.51659879179806
-136.42676849970556
-134.07900857363717
-264.8204957231777
-133.84885680651038
-14.665812925137272
-121.72865436787924
-137.14289515364322
-9.892055198627874
-367.8808267253504
-129.61547968617734
-128.23896995785043
-145.9351651141785
-373.5917932825424
-282.8296893400297
-247.1387667847996
-124.52064081378253
-133.17662038307037
-257.4257294222183
-258.92132663070714
-130.0568395480299
-886.6584287188967
-261.69229837077427
-266.59584370151947
-121.69498900455527
-127.415558216883
-132.80798794741597
-128.90973029694314
-5.857820823209046
-134.35362528149795
-246.4381638056594
-129.60069052076022
-251.0574145266353
-133.5256748739435
-1492.7290028178502
-129.4384684313666
-243.72104945535213
-389.2333181944479
-259.2011350487723
-245.3976995304104
-7.66029053671546
-3.7593527480824473
-4.556734590248331
-126.32604231416195
-1.693496239968566
-258.3052937768025
-255.02499652588918
-449.02845579986075
-121.87915394397025
-1.9870021115281538
-130.46583953012276
-2.9489315566218206
-120.23435750213211
-130.06813145303948
-365.40395853729734
-4.119386285385263
-262.21048476719494
-5.892242696283437
-360.98904080799605
-250.29483318181042
-116.0734623441218
-129.47021279237902
-129.76057953605869
-247.72259254518016
-245.89668074035885
-313.02725839815105
-128.5912022868633
-126.53123510066764
-129.30630743454134
-132.29143694369984
-119.14087999552444
-121.87538716343715
-120.28226423375033
-252.10163168063235
-249.75400010695515
-123.44616115703327
-372.39245652397165
-250.18900273694112
-126.47747987244487
-134.1068048649438
-261.95786497617706
-133.90845879515368
-245.29222548624728
-127.40649035390034
-126.4071443884809
-129.05050340771433
-245.9617753323566
-389.27149679325646
-1504.3621804641164
-253.34618682910815
-127.02846305416811
-263.8561322562732
-0.3239659425598628
-258.8325469729868
-128.1799554859577
-136.65060430304226
-389.4431072861906
-134.51514919787112
-265.59067783579934
-123.7093673340618
-124.45459771578993
-246.42605419755512
-4.54178538732345
-131.7079567638276
-273.1437304165496
-129.02388254641238
-129.62894258483107
-246.26266782185317
-130.33032890924807
-131.38106829916396
-129.55316811557526
-122.99740799124956
-123.9032444413299
-1362.9417883707338
-358.65701525651957
-126.20577319864228
-950.1467603956354
-1.4935457575093027
-120.48305919422376
-119.10187892522802
-127.89004385207852
-130.22883569363103
-133.9254147757506
-256.14481771995315
-116.5017564916391
-124.0396434309522
-125.38195227078145
-1.4565314422852025
-132.39407735233186
-121.45189423014104
-235.86056435433645
-283.75375193960946
-117.25962764817797
-130.0876531234144
-252.01023686753078
-8.500420817984594
-130.28713932694185
-1.1026634646455904
-2.3263162280891048
-240.3337990102846
-126.85433886109271
-129.73774596815136
-126.86287653375425
-253.72160390953462
-125.61471396658003
-116.76246785589177
-242.02090081516116
-440.1052710468677
-123.45005764432997
-121.7455869211631
-127.18168641920555
-126.88272608972429
-118.41834843199686
-244.17163240232082
-370.2897080894902
-128.46976578701015
-262.7568507403337
-256.43299217969843
-7.4281124839923915
-251.72498113247178
-131.3748142042224
-130.5715046654611
-128.04579798264447
-245.47967474381684
-2.38761709698461
-263.9351026125039
-255.78347655101834
-3.8043212107661657
-242.08655252405552
-115.8683610267036
-240.67246328429013
-125.49058949707404
-2.2120903037955193
-122.68379316714488
-328.70165272125627
-126.26200728730744
-394.3917186583388
-254.94984147458314
-1491.963274077939
-2.7653929802674075
-265.4524055623944
-2.9378792360631656
-130.8163671159873
-265.1723425260626
-1.7065727880306478
-130.3514986584991
-133.2298463692121
-129.1732046940811
-526.8155285669263
-238.5047497426759
-128.95606224799712
-375.92020622649886
-263.5222080744727
-797.3170383813034
-238.6691810610037
-1.170871000012764
-130.3529107339357
-134.28915115757033
-437.40767306125707
-1492.7679693166533
-1500.2065924144085
-257.98644594723055
-136.3334806229298
-134.0553147576092
-134.08341130926806
-124.85735804782477
-261.9831138848147
-134.45489082776848
-250.8287482999884
-117.96231099614313
-129.56449413284375
-237.8283215539218
-367.9646872228941
-266.55357071763154
-129.22407254301177
-130.60751753942577
-268.1077762573553
-134.6810556653482
-133.2292434823438
-136.26360049577022
-121.76716492587052
-130.2824991222721
-382.73233150994395
-360.39180308571633
-229.64718459649973
-275.7607733514233
-250.43087283256966
-2.3434052924228537
-125.46003993180025
-4.253274261412205
-262.3810745790056
-122.48235231848035
-277.03706763517425
-127.2437546300635
-279.59593667631503
-128.6610784728199
-125.57660352106775
-126.76882286392559
-129.8596284070379
-118.27581691100559
-128.9304856546588
-5.301483446685306
-132.20942160167144
-130.6982229454746
-419.3669928245763
-428.3013523453322
-127.1296319648021
-129.8346002314241
-918.5703828492219
-132.2729284769001
-1093.3665167335728
-1043.8078825387968
-369.5616491529685
-121.5903650501737
-246.17041819452643
-256.65946053018985
-134.26806659806977
-371.91696321861787
-138.53520779792228
-134.4052564943868
-237.99446802983564
-135.79063314524737
-132.17196802680954
-128.42676512261562
-132.75332533380927
-136.4752120150533
-5.0009656654957295
-4.593726784716291
-367.20448435591015
-3.8295364492646455
-4.45770113191002
-254.19408403679947
-1491.833589115232
-137.79097432333518
-124.19032823164358
-334.997473151189
-268.6572088641641
-134.54377775329348
-288.70731052240745
-135.62720428101753
-117.63074558397334
-129.59305764570595
-6.019751782511427
-126.02750542196165
-133.85374081765573
-128.88132506000974
-123.84249703689923
-5.290871814103149
-238.58198253325912
-327.81828420204715
-126.21501071384087
-135.18865580027648
-119.53863385270763
-132.41195860376757
-129.66901042110814
-118.9755402002467
-139.34025781028782
-1.3857255630057168
-382.0083168795768
-358.83332972143097
-129.97440547360853
-270.5449259071709
-351.26585256678027
-127.60175338032577
-130.0812254133757
-132.64016155160311
-353.6700107349028
-229.1421610237933
-137.7662479094369
-0.6021530328202357
-122.99640389208828
-4.122932173784121
-130.66571078495951
-133.04601040223247
-2.8395543483323173
-2.3167131019595324
-128.97037096594525
-119.45286090929348
-374.9834873662315
-134.19973359815572
-117.92988206793801
-134.5449670918871
-119.72920144442013
-280.05009854659716
-126.38401465823596
-232.20120803817312
-241.07812262184132
-257.35344042654185
-232.371802227475
-129.97676077439675
-388.0701996800265
-4.083800116031339
-136.04618140593533
-10.268897980399865
-253.57544892020866
-347.5936904290379
-132.06185530832624
-134.8845170885257
-247.83965368160807
-248.91498569944758
-273.81377440981055
-282.36369571321893
-264.8282406932191
-262.28082771038027
-128.3151610007848
-252.88885459936054
-3.5641305121223947
-246.35242141945469
-254.23894639814606
-263.3566607397696
-123.56454929616717
-131.2738864177469
-129.60205397838163
-138.45344178398597
-126.42624765322711
-128.56730995901276
-254.27002934484523
-128.98903464187305
-248.09482523728917
-129.60680020136985
-5.011700583183015
-128.69352792713119
-121.1404998730129
-247.41686952063264
-133.63234069966043
-133.9428544763947
-132.8555625550338
-262.9499323076606
-322.2165245073421
-237.81204326571145
-272.6243878867747
-128.54807487780872
-131.58818229341492
-131.6423115350573
-253.30491831031745
-243.3136419586525
-132.43320652033862
-130.28353490316925
-130.61200849985386
-350.31091466552255
-127.31139310847402
-124.14301107301159
-133.49855200735166
-129.02530640634677
-134.86370958166597
-135.41710459312324
-133.16859312984673
-125.78868639714707
-132.97467671070936
-131.10770819857885
-383.0871494663111
-122.20312672902287
-2.282976475928394
-131.79294994509291
-243.71530389043085
-263.4436549917704
-129.46256262730162
-392.6875451620524
-122.91288074645011
-121.8970053867158
-137.47177557641706
-128.23958467467446
-127.47726479591044
-131.7577187517106
-594.2614763412831
-346.1055551075197
-242.0546286613154
-133.4161230423601
-121.72357628433498
-613.2565769167734
-228.77430037277145
-125.8989085762798
-127.78050447745032
-243.2665250306045
-122.73176477102197
-119.90061859828299
-115.04273071255592
-121.20577952452922
-119.47107038964899
-118.24853238512779
-129.2418494459443
-126.06679174322538
-239.89713957960396
-128.0758750677815
-129.80504222551397
-4.562606883180108
-118.31900124935213
-255.48910861053938
-124.72456956235638
-251.36878944619139
-359.23427077453675
-273.6401043366353
-249.29819301109126
-304.60403580797515
-132.8461214370772
-915.3145329140498
-777.0531582797055
-244.39141216441516
-253.90485307069017
-356.11505796949984
-242.5081173086398
-132.8149818493551
-1.9285640677095912
-132.64686201084461
-126.05909680641955
-288.37625578730973
-130.54715461604997
-134.52454959027492
-127.22405836485896
-132.49542974348321
-129.15327642090674
-254.8604041830663
-120.3732053818811
-252.739327668168
-121.44703624857094
-264.9927101078691
-115.84101100210894
-252.59534042173854
-117.73673283304196
-236.55385342831815
-1.7178152722308955
-1.8650947892421905
-3.0676067408422556
-117.24927451086066
-251.87089099756403
-122.83545343382625
-125.21630413971748
-115.12897180571098
-141.56171388706497
-244.7148527957938
-129.09541378674314
-248.14839894521216
-370.2125493405688
-253.88783659464667
-3.5267779284743725
-130.47303933350227
-124.4531462042047
-134.01839641350796
-130.02334065283802
-322.09244591409447
-403.40913540686694
-226.7822310738909
-309.69912037490894
-251.47904574660066
-1.5647784334958112
-125.82448274183248
-129.38018755732372
-249.56506557179725
-4.866906208376982
-122.27567774055595
-5.250593281985884
-377.46478228345836
-260.88958867381604
-131.24115966460903
-130.56267010914982
-341.7542409059651
-240.02500111278098
-243.95723544547408
-247.83882082774215
-263.6504304772959
-127.92734753863726
-236.27092555513107
-2.1020253160483606
-126.65966750990825
-238.09498308286274
-127.18696766482832
-116.49314543264194
-126.18941211620702
-1.7234745807926464
-128.7014798227863
-127.39063318359237
-124.04998507266473
-117.78658336474582
-130.04210677927938
-130.37802231877808
-128.28316434076305
-130.12244818896195
-130.7474753497441
-134.9724716740685
-130.35211090484597
-126.16129736969738
-274.7669729711971
-128.4792474033471
-230.73275822149955
-242.0641116644137
-131.17095342017447
-311.77920115426156
-128.0343726779705
-254.25835512222105
-245.60894001496956
-131.17961944783002
-227.22292888728524
-124.1908852033185
-130.9717081305831
-131.3991380694525
-129.43844976538819
-383.97853069572045
-120.66382764973672
-250.20995036432447
-116.98983477699389
-254.93310386522023
-130.41530981214112
-117.52586930926074
-250.9113260447858
-6.722945296869992
-239.30569084596598
-247.38246128763674
-261.1120021679306
-131.13960220036165
-6.804466932325008
-6.7376251408763075
-7.440206296028042
-132.09308029075385
-338.92967550983604
-133.67508117597197
-6.923792401792301
-7.477255493231388
-135.73973014787427
-134.43822038151413
-125.80397749276143
-129.58875204610897
-137.5964969439774
-246.1465118675113
-126.11962276818355
-135.19281910780418
-5.384701289105469
-130.65727142318556
-244.57540751237306
-232.76781466221476
-135.11809100157868
-229.15355770971868
-120.17314867785542
-133.3322609862603
-130.08562487847072
-356.99384444393434
-129.03948692194973
-244.6543823319872
-254.81484324772026
-358.36888798814215
-124.63215731008009
-234.44379863864086
-119.96102140028287
-123.31548829830321
-130.04385200947792
-132.9083745131523
-130.0968368113419
-263.9238823007205
-137.08895777743922
-133.57353427705274
-10.61318000851391
-130.5218257002168
-137.26269897725945
-11.779552290517598
-298.784683834881
-242.20694015965833
-126.48834601038385
-133.61497095272995
-115.1786178066678
-257.9553918704796
-240.52025438406878
-4.735912185168672
-130.64665942471112
-116.84119775988346
-128.73805343492538
-248.2637697538725
-136.43099789161207
-131.0095173881479
-132.92566547371715
-240.1050406311122
-298.04657076083896
-129.6209717649837
-136.17650936480294
-253.89449505779217
-244.3374669564798
-258.7614146333424
-127.0030343911332
-384.8204978796478
-383.6964689929576
-357.36182544581254
-126.0584696313019
-384.0736362570512
-134.1509578324292
-128.8996668701327
-137.69699421235893
-132.4706607162751
-257.93806400185963
-131.8077559655283
-249.09599349919682
-270.32354845297385
-127.52107270153796
-372.06375296478825
-135.4708948827452
-4.264550774658582
-126.1053361768355
-119.8798460142866
-131.20338534406136
-241.44837133476176
-128.86596958492441
-241.11967862067826
-115.19475497481834
-282.3532327036681
-133.42556554849185
-332.5855533720592
-128.1277481435451
-244.93993839045734
-243.9232630125935
-364.77356595872425
-255.42764244313167
-133.7666196578658
-127.12842542290838
-130.19849467122202
-379.82349169167
-246.12390317470812
-0.7318316860575632
-239.89842872339705
-2.1657015029703155
-128.7419514509996
-127.83096907744397
-123.69714514603913
-249.42909931120047
-118.88555317318621
-123.21377747396396
-116.48640230449381
-123.90898960584366
-131.68104661725235
-127.07960538739631
-129.78816235328063
-353.8982308035951
-129.90667536818003
-128.2042524357144
-130.2847160530704
-240.35913928599533
-128.95439212883275
-115.05685708219679
-132.47936785106222
-122.17665786894236
-239.7339783455294
-129.1399765088565
-293.19982730559593
-235.34448856929623
-126.79736061828598
-128.74207483994496
-117.35392573212151
-126.93464849204848
-126.42061686297161
-348.4699844043895
-125.38042849474678
-245.7988550926832
-2.7386566900427813
-3.3410722401162056
-130.78215506613606
-117.7552950165073
-233.75205555384554
-130.65233821310062
-2.383355808206003
-1.2054210851958174
-121.52648144131443
-128.6948559726246
-2.9390676543787126
-130.93745825942324
-118.25103784267118
-122.4337353726059
-117.50550648788874
-131.62852430127586
-122.2542625444283
-133.24204956901738
-122.62636494042681
-131.92799349360365
-129.41760836120858
-122.17912216446946
-226.30035549173343
-121.61653534220956
-256.28384562444637
-135.39094350014534
-125.67299286631146
-227.07338330810416
-242.6794029914922
-133.4307100317206
-5.250804069841435
-118.92464495847238
-267.52676685908125
-131.39738823567967
-384.4395812319206
-241.23234384463305
-256.1444173593714
-267.4437984517364
-256.0138982362505
-119.77609082043767
-233.59576727798145
-132.5617395904869
-239.36832279736365
-136.09143810945653
-339.0802744322865
-130.05452588913286
-322.0011059142694
-244.7882061112117
-259.3078484467129
-124.10129800899958
-4.68083031307942
-127.3432626443067
-126.97803484628481
-114.35685810401837
-132.2659428116039
-121.65742390345748
-229.7161273374947
-129.7989332050245
-129.83915588840716
-240.40803084274674
-251.12721150225215
-284.1776562835472
-3.034743413017588
-2.789109519833466
-374.1039228464766
-119.30935327908904
-1.1036860271714737
-1.9371102877169912
-130.9561537444498
-268.3245807800508
-126.8814492641907
-353.5861888145911
-129.43464870971133
-138.98497763162698
-6.120274409748961
-230.23685504396363
-254.18441734803724
-11.678470584253056
-254.95836070324955
-129.2754575054868
-1.3799220930174185
-127.92755937586185
-121.52387304714453
-120.91959741324747
-238.9826042904052
-244.79511118475995
-121.00563668189557
-354.7368201888486
-243.903961647662
-238.81020023842092
-340.35828504629126
-119.18034122314917
-131.73779653109986
-121.82239747022335
-131.30027824528025
-369.12282298997854
-118.42140205137393
-123.96856097022145
-117.10382384696089
-1.5652747103613063
-364.2903988299998
-122.43445999326113
-126.81326370358337
-245.75375030186473
-128.8650984252463
-115.1931017728057
-130.96755728354535
-129.33908193553413
-126.60037136478611
-115.06669991421363
-118.81189025034311
-119.76398570071423
-128.71516302647666
-1.7714141592062975
-234.8105837442644
-1.1043551926882826
-121.32329050313848
-118.61459086823689
-120.06654157606245
-120.7162625269547
-266.8767827376392
-133.62565867570265
-134.00601060663064
-124.56505681134126
-115.5700793906223
-118.01556840416093
-354.4519543986216
-0.7070176629341934
-242.16631873439135
-243.66536783502883
-1.021612236155282
-348.54759668572143
-4.9251624765911375
-2.6692832162532554
-129.75745865396132
-239.56716957313114
-133.0279251695836
-131.216595922721
-124.94748230843948
-132.41432329119067
-266.01524881313827
-8.457977373076867
-2.6436688932922574
-135.38891194484097
-248.92697570029733
-134.56682509875557
-122.63680498292122
-240.93126771168693
-259.5573690612416
-126.64234544786048
-247.62126464626198
-127.43138754794406
-117.75612246984818
-130.6490365582703
-136.01919495615275
-135.44672479162082
-643.2201688283124
-132.88169318661426
-122.2844139749675
-237.1195954527728
-246.725064170711
-132.70248822373836
-134.31035833293402
-127.11645297189312
-250.72827579053563
-266.6481284718522
-132.63597650979705
-252.30769712363582
-0.8841575386169841
-246.4940624248452
-246.70521669071218
-114.43210760874567
-121.35723982398902
-124.7603068464148
-251.082680433068
-265.378672611249
-135.74234740294014
-127.23582023702176
-137.2075917811631
-135.71025063558844
-128.4990815165411
-133.14678872143764
-131.90128629737322
-122.30081499575698
-239.07187337455005
-118.98944001047141
-124.77301602466454
-125.47411675881865
-8.57236254537201
-339.8178004328638
-135.112669051672
-123.08938271388867
-130.86919764705968
-339.0925195906336
-256.2140452230063
-133.1529199134211
-6.826702731031442
-130.73373699061037
-132.9585264760903
-300.90144870844415
-251.36549631923916
-247.92856200023877
-263.05301824411526
-135.58633073896524
-249.89144044317925
-4.5465412067525515
-122.73182165560263
-118.12287703612539
-119.03346889190951
-128.63695803046775
-124.95161204311842
-128.6010649010297
-128.02599287180027
-130.90532938302172
-4.9503142992151465
-257.11011677798194
-140.00314921903538
-376.57774951840116
-246.19132680619333
-121.3903055804586
-120.16279229607257
-122.73128041522301
-122.08851102936778
-122.64190382136921
-124.49046690242535
-118.0774761294072
-243.98486657058646
-132.7598792091428
-233.73048749647
-246.35172357912137
-128.55107394082196
-119.03847714631908
-0.8068854454461023
-116.46699939350682
-247.14138609524318
-130.1084495026365
-338.76742525508087
-129.23090448486695
-250.63440170493237
-1.6570489313108427
-343.81426455908866
-243.73929636419393
-5.947951112475343
-294.9047839551635
-114.19643862597822
-1.6685236872504492
-7.835909012433723
-238.42959407392703
-246.77764717163095
-251.00729964520485
-252.99143591869242
-246.6340035650983
-134.74144346597868
-261.46605380833233
-130.42642198221242
-261.12976959567186
-344.40015652386467
-131.28602486339767
-131.29678507335422
-125.43868622496998
-1.5271080103899066
-133.4374671199629
-247.69214556628117
-331.2152138429466
-123.88568265921587
-128.52103692184113
-244.29147285225312
-137.60442133745693
-280.076533680455
-130.0287541527298
-332.7751461274556
-130.93534404558267
-127.158624075794
-1.6410688272734268
-132.06172663127876
-132.0754628952507
-129.68582716882582
-21.500014398274427
-14.735673268667142
-249.56874723833505
-1125.6126034515848
-1138.3799594249565
-128.26429791459614
-141.42110971561308
-1164.4530454123512
-1238.335193550642
-134.14544335329222
-260.95467322614644
-16.2330311957138
-137.69321784971095
-132.15935315942414
-140.35966024415615
-1366.9692208571685
-133.9152815685485
-1366.738778285861
-512.3895693653338
-895.9162824630765
-131.0568722050675
-129.54217234937786
-138.60880994890812
-135.7738915091913
-129.13341817379109
-243.66332979973586
-5.979812449170316
-377.4851991725381
-133.34807719937308
-247.9303705935929
-5.479093245466552
-265.3728455356198
-4.410414119164624
-131.93909673919077
-130.19250120645927
-246.66117757577283
-134.59763473707105
-132.05514689445482
-127.71886253174263
-259.2376048092956
-137.92406137116834
-132.64703536151805
-262.7317086968371
-263.0887915028227
-114.51119489498885
-260.2202562323891
-135.70346146817653
-274.6982177088916
-138.95487560234213
-235.78617621422262
-245.13974920861705
-236.83372863151973
-247.93483188847378
-130.0193916880584
-284.57654526755925
-266.7041393121405
-283.51548635953753
-132.90662361609617
-6.748816663421342
-125.66879910149908
-126.70093651718489
-129.42581531330947
-1.4849481980317227
-7.391708153375224
-136.19556079311067
-128.45130250591205
-263.00531322924223
-132.33731982748773
-12.546397133626977
-124.53184968193018
-132.37434406217025
-134.41688591614377
-1497.0918774802699
-268.1293249446806
-17.487853165838796
-146.1745889034389
-253.40119382112283
-256.2381886347704
-137.70472642034366
-152.9024256689793
-145.6505629397555
-136.69107229415582
-143.48121387022374
-119.90480073353596
-152.2586578893155
-268.0099523056869
-141.93385673622475
-140.3354406168701
-140.6497337627512
-141.19536765323994
-133.8744502490372
-4.0117758290552
-116.35667485037739
-148.38835853783408
-136.37499668373067
-294.2259345574724
-133.55893696010932
-134.24919146364303
-6.213848294662292
-119.96281782289307
-137.10353321448284
-342.1119830856301
-259.00794517909816
-131.00641175924147
-128.0716432165105
-144.21948681890282
-128.89106140217487
-249.5810564821984
-311.07717414444335
-305.2118075099246
-230.88772074714532
-137.9514723323863
-238.80949374260416
-1.7497292560660656
-126.55527399269621
-124.43648589610865
-243.07357655081753
-343.91470909801495
-261.328989579762
-121.24958629883704
-238.79981605039865
-132.47062407667843
-296.61094783095075
-262.86250549822194
-121.87142783712181
-276.8420611900116
-129.7720212456088
-245.94492657161803
-248.7808535657738
-243.71195322212432
-137.52351853937554
-132.19539704541572
-367.9731766617221
-265.33880541559256
-240.7509971645817
-136.62310086882772
-250.12053583003058
-262.8038353374755
-137.6152256940891
-134.68501489205343
-318.7064223931402
-247.1583448240997
-247.76454085668155
-139.53646819653343
-140.30208140844746
-298.7071894499139
-237.0591880263512
-256.89999222726277
-135.4801618557017
-276.6402726386389
-271.43814480483036
-272.9381092347495
-255.33808707205566
-492.3334715955837
-260.8823632202163
-147.35243481818557
-365.46251405667147
-506.27245098649644
-128.23208648101428
-250.01305977277357
-251.62769733206875
-137.4916382498329
-137.99456798242775
-525.0823657719262
-21.711131898638506
-9.673038263796958
-253.11595881003385
-135.3431662393337
-126.91823156800686
-139.04431179493085
-140.328715148478
-137.51624171883086
-140.94752512663348
-257.96472947510284
-21.23272733218393
-382.8452771201615
-283.6314812315279
-146.76911280104545
-5.928408551587402
-139.58591202812968
-140.58295645289257
-146.1621130537948
-255.1278634173545
-117.67860226178028
-15.612850161071623
-130.06698027669327
-254.24308517228087
-260.23029730843876
-17.846340129540135
-141.26905211749505
-134.6232332364735
-249.16339721809948
-130.21297152755974
-21.802901190900155
-262.96249992354404
-380.911143403025
-138.36765509390952
-128.37727930601605
-248.28915663908285
-128.7046423910821
-0.9439089635950633
-127.87621789578834
-135.8798889009505
-247.9317751180823
-120.56727842621
-131.29853043626863
-127.49498855466491
-131.36653445502188
-238.9589813817332
-9.580093948562132
-254.67214489739294
-136.1220139070479
-240.5765341722736
-5.535387267276855
-124.77258052512815
-146.11397822519905
-132.78958339892546
-252.03175593211967
-125.3188538050459
-371.45639205952983
-2.093305864062748
-6.124959848521975
-229.22291770558144
-382.8156473533736
-138.55775933876203
-122.24637385627992
-243.20230925307277
-133.17403456193315
-264.3799075425894
-132.76381977457376
-11.427529656554071
-246.70692269513333
-133.33712195664953
-0.6393998234185775
-129.1612764662832
-141.58346126999328
-134.18278256353585
-291.2408464480872
-243.70411701161828
-144.79254730637632
-250.2634415138707
-269.09877268856155
-139.8293650419002
-142.46126346767193
-363.97068846566117
-128.7198084337532
-138.73938423759813
-10.951858780501317
-131.00580978025897
-127.8655872084871
-134.66360298637133
-135.1030957440033
-8.05357009025382
-1.000400461892643
-123.67342525385878
-130.03468550420874
-238.39636211699735
-134.16746385883235
-139.65988743916625
-255.19898337695707
-134.6871079623325
-136.71540976804235
-291.59434993301875
-136.49636031936728
-130.98264481859877
-122.80638485969456
-262.78380445036987
-138.8453895611341
-134.5632889697968
-134.4417691009918
-139.38426831923374
-6.4727689696195725
-123.66288303779066
-133.66646532673988
-140.5315149398079
-266.7256412549608
-131.51579026976282
-268.1276936287445
-259.2636716584948
-248.37712205460235
-310.22454648456227
-252.49773923410618
-136.43794859583141
-258.79883105700964
-137.47050545644402
-131.99251187420376
-126.563175470483
-265.3968170779108
-1.9758292962312256
-132.92645317306443
-120.47839077151791
-129.8094015602096
-130.93925848959995
-762.9856621188228
-826.5913612062113
-547.4245553598113
-257.20633441229563
-284.5016235130656
-1.1503874657798303
-116.88392857120179
-132.78201730513712
-128.26312143085264
-122.10983703277317
-126.36986018729257
-251.09937141508263
-255.58501860121459
-124.92311055570833
-236.93310129737478
-126.96400001502822
-292.2559835108013
-247.1774083935205
-124.96725670514573
-250.11966937161677
-239.97833629308664
-129.23250737759298
-128.8390367372668
-276.0475163279029
-133.48229047137355
-128.21523465750573
-121.90619126714454
-114.87650640186783
-244.0372426360584
-132.75203737830836
-251.366773755228
-133.33158712174367
-122.66797191161204
-270.04547269408545
-132.4588703815048
-9.608337049963046
-7.350034600993645
-408.81275032170896
-120.17570638031877
-132.31013705394685
-137.0138077216073
-244.06258183226143
-385.52841817679746
-391.69484810953855
-125.02367556563394
-121.2821150268155
-122.9148378542593
-258.5977083619263
-135.67175786848915
-126.28212803480024
-4.601070110030867
-3.4536087181154413
-1492.4954414873246
-127.73549713037774
-260.4269453297268
-4.484343973679397
-368.3035155646423
-422.19534230463955
-132.70331506230733
-1495.7629032751552
-257.7664714513888
-125.63556807795241
-266.88225391029385
-363.6410429793367
-123.6294646756457
-132.24818041943982
-260.92474858570023
-5.927908224755222
-250.6105024616778
-255.92293109008165
-11.360748662492432
-135.21991562998545
-134.3129760443405
-273.7856397616125
-140.00356319981856
-128.99800044773795
-121.32329612522348
-234.57115905568017
-256.2405431888066
-132.4254362389253
-126.36956078093414
-243.45154562385622
-132.71475544609913
-382.1974097201737
-120.84074704704621
-244.14804316722436
-387.43835443412036
-132.8539073597718
-128.21646762407457
-241.67611846172204
-2.465399725641537
-131.02909377256708
-6.552426450769439
-131.35194888627478
-378.1620331886369
-131.57020073778676
-4.952329472062648
-129.37980289939156
-237.2614222568236
-259.7221476859022
-14.328395094744874
-1.513840434835746
-131.70529437373506
-232.6985204290659
-353.0277024709187
-244.62641996079805
-129.50882336879232
-135.65868660604912
-246.51518461170917
-129.9140873554634
-131.43187518081047
-241.65576959078476
-129.54368194876966
-264.2551158374552
-132.39270396196494
-119.3216152305431
-4.41054044808702
-116.73032382219962
-243.14829116999695
-134.08405726801095
-126.05520529027861
-5.736208778134168
-5.413422482887044
-130.28671869669225
-341.075406802463
-243.4796700127378
-134.9228438429981
-257.62991766560697
-131.97447156310503
-257.46845121291966
-137.31810863817975
-129.97708949063764
-131.25021441112702
-126.17636141664984
-249.20795327933425
-122.11597824408564
-132.1367515695416
-137.65418245618835
-131.5040556807782
-8.862816035414626
-132.37760845060092
-131.21422048137867
-124.43876579037824
-137.33140640360506
-138.3400050921792
-251.3256181394037
-123.12789796390965
-245.11719549229076
-136.33480557961326
-136.14481144987698
-245.07140682936313
-128.18751766687635
-342.29796394730704
-129.36792615781198
-341.8081111058905
-142.30824729752248
-268.11837108544756
-132.49706151162303
-121.11412382423774
-132.99236495263438
-135.81698207750165
-129.87505018755428
-393.7536833109026
-135.56484787197806
-120.85254329630953
-3.373579242926138
-123.3400635851405
-135.65741807277684
-6.8154152840406645
-137.61446644228
-121.08337693460203
-5.998656359096053
-132.9852692843151
-119.6276340394551
-133.92909196237338
-138.7527881487989
-9.798759229998158
-133.20449289164696
-135.9162539160794
-916.3066699757436
-133.83735432078703
-140.29710123298216
-131.66972543913937
-118.29611193216206
-235.71851182471062
-138.08953526185914
-132.24335728100255
-118.19345662103497
-224.93021098683883
-254.5247071598193
-243.921221277968
-132.24167350526773
-244.17166426821868
-134.18892983084717
-132.89361288846894
-139.38571895456013
-134.27714474915769
-255.19983219304223
-241.40604172411383
-120.05275783339067
-132.83796489177593
-4.556099087009919
-139.85701863831656
-7.338180156380892
-360.2565999978117
-117.83159310221998
-250.69593733173778
-246.0162055319464
-119.31049829157736
-134.9391506245628
-245.80396938499788
-127.44998212059699
-264.4609380432495
-2.1066701141782063
-127.94761247564614
-128.52940505856728
-115.81790686274114
-255.39367821732012
-131.05660563527846
-124.57055113218915
-233.0867841535184
-131.2206503655846
-125.9035536600276
-134.16100122838307
-373.6132030575511
-784.2250127946596
-785.0799190208667
-132.88193403416514
-359.54193008866434
-129.28043899592578
-395.9166764738385
-3.19360553280854
-309.8817954604824
-131.79657710603297
-123.02432258092041
-133.97306032753445
-260.0666690305445
-127.00420282827056
-131.57323718339129
-128.4565641472861
-128.39785181161778
-126.97391138059487
-131.9750698892665
-3.3676381308455303
-134.64603963343444
-244.8162551705861
-246.67297743026626
-3.511863067871469
-2.726811454840292
-272.4404984135859
-128.01479535850171
-130.26095641096884
-128.54409617037675
-130.399148779285
-131.42121693608382
-132.14599877148646
-124.24507953448911
-351.16333567379496
-259.49065256865856
-131.76722678401975
-132.73270628785383
-372.55723008576064
-135.6153036996794
-134.10829171912252
-6.779906835425445
-124.29815703050622
-131.61150139432272
-127.90210998948625
-132.6382851579444
-131.2239268177858
-134.31106887777526
-130.81989993556488
-3.813664164776846
-133.51292579147818
-4.666127671478123
-120.41326838030015
-3.2946377804578812
-4.473026134298196
-3.859458728637632
-131.10288971200615
-136.18426083669732
-130.53593795393078
-130.82636802501497
-357.0213199117264
-406.78705657472295
-272.71131085740484
-266.4699275819665
-2.465152160412681
-2.9818526580607956
-131.19471302080925
-234.23423789890418
-130.33429534636977
-118.11105282748336
-126.54307622772087
-122.73582390564049
-244.38444673569614
-237.72309972665607
-251.73720357378846
-135.87589945236576
-241.74054491832968
-241.4706036528238
-131.0871855930547
-135.1309508706393
-243.41202448316182
-256.9662397762256
-120.18126539698963
-250.7833419781515
-132.19998414615688
-249.81594047439856
-127.95426534080322
-238.42762840999603
-117.82821051486603
-125.70192190060266
-127.65101362732797
-1.7954202649174023
-1.8992279824579237
-125.58387118353872
-264.1505124789239
-2.586970869702232
-256.8085086172179
-136.94461423005708
-241.87840831402306
-3.0962754100262195
-141.5498065801868
-128.10010715015227
-2.0458711662195395
-120.97698032749058
-128.26670184078063
-131.31864224772357
-3.549282994028664
-122.6357129812289
-120.29064020899332
-135.9563747141712
-137.10621871960996
-374.23642958853753
-386.23676484796675
-124.5470894600613
-124.21232122438424
-127.00013412419305
-136.1223805365548
-130.30465463229822
-128.3843140248296
-125.23169675104606
-116.06045857061078
-389.23370453836554
-132.9594482485835
-128.71273027919676
-258.7525437871965
-125.21813413034057
-250.201669566596
-251.05906563046935
-134.86118054196874
-132.97912338206268
-129.69294595165536
-130.9494102273864
-339.78042256553783
-8.240746716492009
-358.98901895381556
-252.78732042977285
-135.54138299062157
-255.83641929256174
-272.80982721065544
-385.2093004257535
-132.59394476285024
-260.82713613860193
-135.80092616437472
-230.50960348805123
-243.9042146561588
-322.54373531167244
-127.98812884873271
-132.12720367374868
-125.79494434150259
-250.40928773317
-132.38448495119366
-133.70528014377055
-129.60268705268538
-126.94194276687561
-242.46659001995712
-134.77760745086462
-128.6715380240801
-262.4753608759709
-234.5879095940666
-127.77815725465787
-134.59097682788962
-251.16692329394394
-376.6689461509676
-132.44377714976298
-241.29142431732194
-248.35970006266905
-356.6179866618286
-262.7345030373072
-3.1520124567565393
-134.2109032515943
-130.79645139414788
-3.6758108390902886
-125.0527155939675
-273.939181750181
-2.5540049309867316
-1050.314211779837
-118.09499779215277
-141.2046955251963
-129.48842123654043
-130.89373143275884
-122.61316650037986
-923.7762947946403
-261.2926938407462
-1048.4078786332127
-1411.206044035169
-1474.6022015393808
-1329.8036202638439
-5.499898373322906
-1258.5407401722982
-117.9134774348922
-130.3022881161079
-932.8615728942953
-134.86726727018416
-246.79621483137112
-225.35396410598412
-137.52863349196426
-1.853352484224093
-119.54451842844877
-133.21848978792374
-253.45560774458232
-136.29022041279313
-138.40937106112804
-134.15960431580882
-387.8603193582243
-266.8070772131464
-250.502374760956
-136.5377213377687
-275.2098296290889
-350.9286217631094
-278.64496093890676
-133.26262971926784
-262.4427941035553
-133.55877599170995
-247.06869889613466
-124.80348020354384
-2.5671371176102715
-460.69994602103935
-2.7703409669794463
-260.38523572671585
-257.4096407005222
-120.52408974867923
-264.59012085257604
-139.15386864703052
-532.6375407044337
-141.90440791622342
-140.18761455369622
-10.085771264929347
-262.1483552444295
-135.86820481341712
-133.38260821939627
-128.1088502178245
-129.09886216078394
-320.74693535051466
-132.48517735924923
-119.14500436882349
-334.1777287550152
-13.793715954383899
-133.2756473655371
-140.44181065667067
-138.47242659994563
-240.8371677805097
-124.97720049555922
-132.42207318935226
-11.914591002557001
-141.2988130435814
-323.66351732060264
-139.90423826816047
-10.901074259334367
-253.50056143624573
-344.85752165871406
-9.523669231154752
-138.3480834219377
-132.51485996892595
-300.63603619371924
-234.77247567028513
-483.7775597743748
-354.5786658111202
-145.77243998537742
-245.75830294806653
-131.38570518277015
-140.3774326070167
-141.16277985015208
-274.6546945209788
-378.9829261202816
-258.3804706158252
-135.35275201485075
-7.905056645677094
-149.261054810342
-266.3655643551992
-135.7468016936446
-6.176456541517272
-253.76846372307756
-137.17913854873902
-122.99127319076945
-323.2111210408708
-133.80708161763033
-260.23730056502734
-128.70528375525674
-134.22977784564773
-128.9516029949989
-5.583055117071356
-129.4112275212178
-134.9732603189259
-252.67758232571472
-127.01938124507218
-134.56405937421232
-125.21315051981564
-128.21460109911752
-129.39642686013988
-247.55141141687474
-129.18843879379844
-130.41986639706099
-132.87326640293153
-122.8265737714449
-280.261366335856
-126.37146810013213
-244.78083130198067
-128.3281016563121
-128.9447728804072
-261.56088066328414
-127.72599175339765
-1133.349583632739
-1057.7177326747997
-127.93249895390574
-344.1454539755856
-122.34484543044779
-131.7174838235106
-780.9837162226524
-129.85744591582832
-360.86486512704124
-660.6757293852081
-124.06005869457704
-123.44656799237607
-241.67744420474426
-250.03264753236945
-129.45953047180285
-129.95411728496066
-131.22457119729674
-1.671220804598568
-130.80111334365463
-129.03770845153323
-126.35079918774943
-131.07719066940973
-129.4744284656363
-122.78276719837612
-281.5093734362202
-129.47221053548935
-3.4195916159398196
-276.024759753476
-261.8104018865726
-2.847093450582887
-1.5969694843795028
-127.72799186475174
-119.56977872869341
-130.82217365616248
-134.82114204466333
-127.7226666034757
-121.75533102403472
-2.018434812488435
-255.38652250497373
-338.05075147353926
-133.63106561785744
-129.5966570903843
-134.50310088813458
-127.24637236039192
-275.17641373941717
-135.5442919119121
-393.75302086752083
-135.60610907540203
-130.4266071871284
-129.19867427602907
-129.37312838702584
-234.38583706434468
-8.631756169295768
-4.962349512699824
-128.1246585197784
-127.11450874485705
-127.30926096031565
-123.71645408744887
-2.8815908540197004
-124.5250109449445
-127.8791473248763
-125.62144620428316
-126.08980668609922
-127.42425513312902
-120.30334651525895
-133.83104047334115
-130.86470300683942
-315.38352861582956
-131.12687035781397
-133.4316707698059
-1.9460582494305543
-120.19386759193831
-125.71991187235434
-242.44892124605653
-240.5373844507858
-5.299346164220097
-1.5943101616359687
-123.53719420733343
-124.76072096266098
-132.00312450948545
-245.94752795313195
-130.4113801826581
-249.85404352063102
-365.47355073917504
-130.7645361237448
-132.66336805870873
-128.2073868000635
-127.99291618480044
-130.19924355205154
-311.85921558819007
-382.4587889408753
-6.381933256586829
-269.8915661072624
-130.39083195053212
-122.78987894389034
-134.58430578670738
-132.21478810146618
-2.844984315144891
-125.23446017406137
-138.2797134663591
-125.11337192181968
-130.97398588368947
-131.37368641816838
-246.6883951060635
-133.51328004971592
-130.0886774799846
-332.87497958771837
-245.90697178547074
-131.82242148916475
-2.8129777973923633
-131.70875335927357
-3.653155462652465
-133.98849245170877
-135.68799080280067
-238.44199107960188
-364.86992569338815
-252.77977099714127
-118.95549649937382
-130.12394204071023
-121.40816349801905
-117.01799870989768
-121.71618296957999
-248.72315368654859
-1.8401337605222294
-129.48144645421203
-130.85390837963953
-240.81374339507332
-2.508259134856155
-129.58802625290946
-117.64236911535885
-4.527021627522155
-120.40755537202544
-267.3213950585199
-129.8655443216532
-127.23007486942355
-128.7907012066303
-240.07870679720085
-130.4953507957163
-262.05143473153214
-121.28912669007207
-232.40877951995867
-127.85040463544769
-130.69687697085533
-243.3709537390492
-381.9494073510702
-132.16322646882372
-262.6675199147782
-133.10795532356434
-248.69689337168546
-127.31635381181061
-364.9002455270845
-358.8254351853379
-118.36191095274597
-134.01299567736115
-128.77665277061863
-128.17238641620105
-244.51463690935122
-120.6248166529236
-230.2994295148477
-245.15121590536626
-129.67528926523408
-125.46350736333068
-128.2881592268163
-123.70996673601853
-130.44831184062915
-126.87661342344616
-121.47106544945565
-129.48524650368154
-238.6573828491636
-1.925076717514233
-117.57236528702887
-127.02233211584047
-235.7183310506971
-367.7631317700253
-130.30356141134348
-125.91361691962474
-122.18034472573328
-230.1034212611476
-127.47871928217036
-1344.6481292672333
-2.2514752718674598
-1237.4673212766893
-269.24328982471326
-125.91836730280386
-120.79609852302178
-1231.8841791861196
-269.32017823095356
-12.405102250406792
-136.9469698403493
-135.93674476192646
-267.54417333590715
-26.303915841332426
-376.3368344262963
-384.84671008202395
-1044.4171763082634
-1406.7279728271371
-1426.4036337543043
-1387.7903300209475
-1232.1228646165719
-810.1693058271217
-898.5827235809264
-836.6979656368885
-782.8375379654802
-676.2766554111221
-659.3736337235808
-743.7060597925997
-608.2931686849543
-642.1390197342843
-753.8401008341808
-650.2212459648242
-629.2478020159783
-526.2774995685559
-639.8386377008401
-756.5925115231553
-646.5291699687326
-540.3557080058166
-629.8961946913697
-355.3249828455347
-122.29833544866224
-137.7354850769168
-130.63499334061308
-326.0254854279353
-123.22427039985212
-278.20214223548646
-237.19408947569798
-511.75923406051345
-132.26482139052
-257.2289205363604
-396.88597198233083
-5.801172634934895
-141.5348019119994
-130.28103707008628
-130.42454247530404
-8.43814745984402
-265.6024257590481
-773.2236037719141
-316.7870748055097
-434.5272504612836
-523.6804520388863
-6.68073647225966
-130.90258264874285
-285.0396779716234
-6.98399350946436
-132.92854849248783
-127.64835574789134
-281.89970022866066
-518.9311353488401
-282.59607452919107
-128.9825836833635
-9.68633636446114
-128.83540414088588
-266.7065687658837
-274.0736045954156
-129.1203454114253
-135.94242881791126
-12.92644710031989
-262.5899745721019
-135.26512574759448
-134.20300028059668
-277.326311129109
-143.36279727846537
-254.59931517474897
-269.64594768146213
-141.60220021300583
-139.81032174065362
-273.71829390360693
-137.9214844045802
-133.57498181208217
-280.54549134925617
-132.2740621269907
-10.900420494208143
-267.99643502045876
-291.22566463633945
-401.86877311883353
-255.73189455453928
-140.37419229564296
-132.78864305635378
-267.1589474495069
-134.02817290173917
-267.7547686727222
-271.38615842147544
-133.9684720747803
-292.05056964823996
-486.43642449213047
-257.04859393360067
-138.67738812520372
-127.00514114170355
-414.9326673355247
-301.60512349097587
-10.185453090412317
-9.776518812873938
-135.95371678537924
-275.77028590398584
-267.8750846337
-266.02879656859886
-593.1922318718757
-683.5025540943768
-592.1504903879004
-136.40806015272153
-132.34244765550446
-536.8804919024354
-377.7825101203726
-393.93717744981427
-11.594899136310413
-268.96980398808637
-241.7551420318043
-138.6050294478232
-415.5797910553522
-134.6109249970778
-265.6159695503501
-406.01434596199704
-389.8301986583793
-273.88036063018285
-378.76905769330125
-264.44265703023376
-271.65160135874686
-377.51378950165616
-248.88179151785326
-14.358705198633054
-265.74456345521656
-308.2616994769158
-131.5269830554609
-270.5391112005614
-801.1154818600428
-8.754885258878252
-269.75109195373443
-140.8007423542653
-131.38809280506845
-268.5851371611206
-141.84607991572244
-143.22916710063242
-130.39570588136323
-418.8618847696171
-401.0901156313869
-519.2268511927975
-137.30809336901666
-482.8840603383953
-266.6084476259138
-12.407568832012526
-132.3288159782937
-276.10338623874753
-266.489720331066
-526.09468906318
-280.3867583568223
-127.00266604755006
-10.303539899782992
-9.267620272022477
-145.43526517970554
-269.31063557784233
-265.82738340688076
-127.89145484266909
-266.4250128613363
-131.35244111304922
-274.9300064496222
-128.25179832879468
-282.4631047496885
-282.9693839282619
-266.30487974717613
-505.67130767914426
-268.25500143568155
-391.39981329485266
-247.67092031392616
-128.31761290500924
-271.91225043570097
-1496.3175534419781
-4.929163267776837
-5.583207248558609
-256.7763916093879
-2.3648088019192133
-2.7777775393599433
-125.40644089989628
-124.42403404370584
-537.7390376408983
-254.29472697310922
-386.77697997126137
-128.28537294367428
-326.3734368064022
-286.62848561477205
-262.14410043758414
-3.3385284005402918
-127.60833445301465
-421.19066398476446
-541.8178439165551
-260.87272574993506
-383.2413758818175
-268.6739042661878
-9.92186823369783
-13.37666606188852
-270.59630124989457
-390.36313682955404
-283.7756371896265
-125.22335739325585
-265.79247974767844
-127.96900925803959
-121.29111651398526
-266.5460852004311
-265.06300147667315
-9.973218177961693
-10.030750374127413
-1492.5627013617511
-10.300620479406383
-416.58900732288686
-488.1531472984704
-273.4755492904265
-264.45821871837194
-123.81989150034534
-377.6695738430232
-127.32061753692146
-266.09618439783543
-131.5421699465401
-403.2238093557293
-8.651899590506964
-415.0700459426321
-527.636555002341
-8.446709020294008
-269.7167778578319
-12.509632274721689
-270.27919410499624
-130.34192153265803
-270.61476191928904
-395.9383730173844
-275.9577367974294
-267.360510020886
-10.276838761185699
-283.8746169676375
-265.2929740758785
-380.04889677064307
-271.60116892170146
-9.098756605457378
-377.17783032302503
-268.009080890771
-130.13782513513
-403.67313527020207
-258.9796362240953
-10.215492401466753
-272.4411624877355
-131.34381743083097
-123.24588339864184
-245.65736728858184
-134.0651373946837
-517.2659728809016
-528.8262680877102
-263.3355221377365
-293.82441987509725
-129.36697710536205
-264.43471625373314
-128.86760306729408
-279.050997804435
-259.64497984067356
-5.357194800401229
-264.8505748650873
-130.5771521939622
-8.927063987370618
-250.60594636715066
-130.51059075201056
-310.962360244733
-130.2220583881603
-127.3782402169685
-262.4033603061235
-257.6218915593467
-274.39582390057245
-11.319245968178507
-296.0418105491524
-278.3426589459618
-557.0010561715684
-265.3168649409479
-260.7824906174862
-480.12189771343765
-297.6675979246833
-135.93571196847847
-380.67957683632375
-565.4916654818867
-134.3687118899
-261.5808803823211
-121.14560815593657
-376.14132622733064
-129.87000006152027
-263.159102697567
-259.4134409916201
-265.32381217786036
-230.11730803685933
-122.69367045426762
-276.6852068186948
-7.339967557847565
-382.7328435857946
-9.66300519695546
-266.8148539510477
-134.7152054771135
-12.135591061725549
-130.69900167567482
-448.5226069189992
-265.2445506191432
-263.247452421406
-630.4354356866857
-10.648022133182609
-486.20586516009956
-267.35245488092016
-8.67416144502864
-1009.3262673537879
-127.52161447322644
-928.3753466943319
-1025.308934435525
-1017.9285674266866
-136.4134431593498
-1016.6071860913557
-1013.6995097628296
-1034.219633635466
-1020.7991093259031
-1028.3524621708475
-1035.739059820638
-1016.1665482091302
-937.1529018177794
-999.0144537311102
-1030.559177731796
-1026.7910453475577
-1033.0025995538067
-903.1943648060965
-1019.8176069846255
-974.025232193573
-1043.995360635946
-1033.250185322194
-13.580523262240193
-1001.2303175695031
-982.5112499421999
-12.79475015896923
-1491.4141457108587
-267.24551027866846
-13.641021573676468
-531.3860469322532
-268.1893388419821
-429.41986421409916
-384.24058974531226
-14.01858379056182
-397.04962492021934
-268.7703629771379
-381.5011153983622
-649.5995034724774
-261.8401770492035
-436.1576243918963
-130.89752171261793
-259.1258359236451
-2.415635651617936
-262.8439092647143
-263.9909713515446
-2.880666372734347
-3.98054839732428
-3.7185177739600377
-130.63591759158325
-129.58402207813216
-124.39996035050058
-265.31766976147435
-2.5864992813863172
-528.515055358706
-527.308158633162
-128.05454258233613
-270.98187600658304
-513.242670642081
-259.5651590187816
-260.33483627368565
-1.7482983855096261
-118.5388610708458
-129.98142685641895
-442.17003760966446
-263.113413667392
-286.6168761172424
-3.2439437910689644
-3.0921508931886383
-125.38789206383396
-130.60922976180896
-272.254996796424
-128.0997732181511
-841.8811990007605
-776.6727152938663
-842.809167277369
-265.8015294868503
-128.35575390224392
-132.50014924855913
-134.62346784405207
-258.5890259838799
-270.347096904825
-11.6008839956975
-9.79591661192947
-134.86056772842977
-12.384802879502953
-135.94616795343444
-543.1923157391692
-382.470655582319
-293.4214344678649
-135.21975571160525
-138.02052519414832
-382.6418751179291
-264.8407902626495
-418.1413177990337
-389.61002901470454
-270.109913348312
-133.95826812491586
-130.9814954081712
-130.76449745318197
-316.72553084254525
-120.86249551696487
-10.419599631183885
-129.59581630463992
-525.2347397272458
-128.75170747371084
-382.2224808360075
-502.0259579958958
-258.9610823245982
-126.46965526386023
-5.113460733856888
-255.89155466025693
-281.99654515977744
-256.8967062100334
-259.0354701388343
-129.30021870497544
-132.66545852774414
-289.8938627498368
-344.08414974833454
-3.0550213538341215
-117.10053674113331
-122.41988816479973
-117.5229811581092
-128.85010600085138
-116.73644956835228
-234.34513518160304
-512.0118343825394
-648.5760799366728
-537.5763948029345
-120.98048850404034
-293.3223117811202
-259.79998321707444
-130.81756575392072
-9.637438999186093
-297.8998139501928
-131.51602175888192
-392.5254905120364
-248.22526407323562
-8.817013908306999
-133.63032995920614
-520.2879866852037
-130.0883429418091
-267.7316530306417
-234.50108412091743
-128.53552157308295
-127.00018526219728
-261.0460825393351
-9.317503272653989
-240.34421115704302
-121.54155638395318
-120.78980170713426
-259.7419228290651
-261.7110162144069
-268.1277399140251
-135.9927185762027
-270.34521599913177
-123.51755800613118
-120.00480617217
-130.29002014157194
-478.95716955970136
-268.0427891453994
-981.1576933940237
-915.3012792582527
-241.39335189277736
-4.532788864889513
-266.7936017554869
-5.1284275316103285
-321.7377906061667
-133.56030041306292
-132.54524706735165
-260.2536553945427
-124.77875844919643
-130.39537287533233
-287.0649424735683
-123.7668551960258
-128.5087159463424
-138.41136408748125
-131.10156329635447
-20.267222367233096
-133.91226009286518
-140.56259870835027
-273.4178749987451
-281.4090651184121
-401.8755176110862
-269.67821006208027
-141.73729059482656
-401.3721360518135
-246.80991592373098
-275.44575980157566
-140.24912827008393
-137.87882315415172
-258.37206407333923
-344.6514793787808
-264.22457457743354
-490.2673663739904
-1010.9898583950647
-937.1166385249711
-487.9978360495702
-532.8752464868589
-18.24226731557438
-498.9417696171209
-396.3444560302321
-274.83298137206714
-417.75021876808876
-15.833193237530367
-521.3624817148861
-483.2034215570677
-442.332688901184
-143.18190251490415
-131.28736512358884
-128.40714365377937
-409.4438273246303
-128.3854676851382
-7.980171717279491
-258.8298924407337
-6.549763546996558
-273.9402460259371
-258.03091652317164
-258.44002375872276
-447.5454320131099
-127.43839206783281
-385.2453320716426
-5.58411300858777
-127.91127434474531
-282.51213271162186
-125.62540254674995
-245.4015849465965
-4.887545470967089
-2.0203202710864208
-309.93685824622366
-124.57945657628977
-260.25995320432634
-377.24000484772426
-264.8515509353173
-264.4703384223928
-524.1969257099774
-248.07283515510463
-122.932141568508
-2.1237962793552545
-116.84353951061831
-261.611834160549
-257.4110266009031
-258.57194324889286
-258.92465608521337
-259.0396044988863
-266.0649680378059
-259.55549930001587
-2.3524904505136885
-264.64572583477434
-3.1577637994236025
-260.6183387217394
-258.59897571443537
-238.1494316755214
-2.025854487409284
-5.9385728186727205
-258.0988581171354
-131.8133181744212
-385.6115298810214
-270.15057605901546
-123.79779417339384
-401.3380757887411
-133.69599950148972
-252.06582487691605
-380.1217724523908
-268.36399509986666
-415.8048947179792
-258.3058212947681
-525.4837744913069
-133.04391194943065
-129.19195876984378
-11.266451957598528
-382.36706460540944
-8.090097154073327
-133.11410342367134
-136.64464941546248
-127.01563795839532
-120.62726080014559
-263.76218574742074
-237.87734739945435
-275.00019266979007
-245.4599134691978
-10.924985367925839
-133.0632441174871
-8.944597889046472
-378.1910539617665
-124.7232136879529
-285.2212635340351
-127.22617923856055
-136.16266986436577
-138.38854405893971
-138.5484960484793
-128.3714657693266
-7.19248000660268
-447.73743986078244
-127.8453114858801
-381.0334789413383
-399.4858581370023
-5.158069199803907
-265.60100590547967
-126.96752013631536
-386.67331702351646
-260.9539074669707
-262.0859987903511
-492.2188461170022
-321.20116504621564
-4.246721522054758
-126.78304543950763
-269.69185534102644
-123.43760852018742
-122.19064647122926
-236.15608835127222
-126.54235352075705
-130.68981620391514
-129.06209778251963
-385.9676659545283
-1075.017036723354
-1065.4704602064476
-967.9965284378785
-1.6620883581148775
-937.8958837224224
-266.10762657152986
-282.464231268837
-2.4796185165752003
-126.38118190531196
-254.58369136552088
-136.06338125083056
-132.0840961282215
-489.8643301682097
-268.08157167121544
-2.123649862494661
-5.386193733218912
-252.8031161827752
-133.90393546125486
-526.0075772993596
-272.02042614317367
-132.4535682586592
-509.5829928210669
-5.230876351556724
-127.97882751446345
-269.6462316649934
-245.17279485253755
-135.5626114139434
-475.0169191632327
-134.60009239000712
-399.6415282101257
-269.29790180557535
-273.7862304765151
-385.1648290934684
-142.58613530974898
-14.688259342180789
-283.02647602126433
-135.50314065017304
-270.0979004072539
-268.7220009338186
-273.4568556443808
-257.150688227249
-274.8977579089303
-407.9250887604373
-674.0162917915973
-677.8989377219516
-670.8823199913253
-687.1402761465529
-561.9295847678695
-679.2801785713947
-399.17515899952826
-802.2426888487015
-849.5990551092152
-128.5609755073077
-7.293479229646588
-135.2952484932155
-675.479383295097
-9.965231980829302
-129.59135097034752
-134.8233112633203
-9.199636676951844
-266.92603540806005
-469.7970108843444
-134.63332605649336
-675.000219755657
-146.5409310117835
-685.806893225719
-271.6050746536283
-263.44503847958237
-803.410064252318
-389.85517701267077
-763.1302542554005
-131.68357547297435
-403.8987304846602
-3.349520385503271
-129.27340625626715
-129.49430331185945
-128.87687039015248
-271.4543255219936
-264.4052488019366
-247.41583241173836
-1.6671393985533127
-128.58241228233146
-124.50429830517524
-269.2970829808206
-245.4590643339459
-362.95797625200936
-383.62490438903086
-132.93242299031968
-136.29420578792926
-142.17846396034412
-132.847239481546
-379.421377727086
-137.16311724282647
-512.734930304337
-142.9309492944366
-474.3090430763095
-261.2488513951058
-134.27996502461187
-255.56470109806472
-140.06427519888138
-9.755971988643452
-269.25698047912397
-133.89713846544123
-265.3368321340809
-514.3110189812263
-267.28069139691485
-140.55035416294993
-144.32523690067575
-133.87860789999976
-230.30940103544535
-117.62452430083705
-3.2846187882730686
-127.73335442629059
-132.22748751379825
-124.6333432482102
-911.8680717499236
-127.95901693668378
-310.24346229688
-133.9324711940754
-2.883450442773575
-975.4103389151768
-1215.824028997719
-1263.9402383586248
-1355.3511590187334
-1388.0307463753568
-130.03641870642517
-129.26875486789174
-2.1706636801784436
-132.60515850783676
-255.57296064492803
-137.33255951914802
-257.7920305226538
-1070.2252145921575
-1123.3291348405555
-817.5747623293007
-455.61817465204643
-533.4367253332325
-530.6310989600123
-650.9877856643183
-540.0436307776506
-782.4880392533453
-646.3399515640468
-258.2557518409607
-259.6485350648674
-144.47113033150367
-14.076454933500672
-11.510310255382047
-140.05738763141505
-13.870497377092647
-142.7391422738793
-252.23634348902155
-249.47948451110162
-384.527168880502
-144.39635202521413
-378.92234585860444
-133.0509621480256
-136.84781168066505
-136.05530977863447
-5.450086925331952
-132.52547749698957
-125.81498804095078
-260.0511935414502
-396.32035808733974
-130.1048467964701
-292.0972350311108
-133.92469625583874
-407.22094074484846
-1.8170225654155745
-1060.9409103568923
-1491.5657210801694
-130.93742483274596
-396.44544186973377
-244.5617403628239
-397.9180315686884
-132.6538840580911
-125.48361730056638
-126.53841103128298
-341.2646233098689
-130.76659135233604
-128.27794431604562
-126.38951940642308
-242.22186705383626
-129.2679676554575
-1.6203310919397793
-246.16256042595515
-132.2636010236169
-115.31811163535329
-257.24479101842604
-386.16844266245937
-114.96855767481078
-117.34086382660945
-128.19818067148302
-125.36954091067167
-238.13330951380146
-120.89442927739161
-1.8012884397355846
-355.3621211285607
-249.44499573527986
-253.1363830116286
-2.7949409996606813
-129.7352495164039
-1493.3029564992612
-127.96036768023457
-126.69300482416267
-127.34427520727381
-130.03249021370064
-133.3857044320854
-6.994432064651803
-125.0228342852811
-130.36336961802363
-244.58906667483632
-127.28302713324054
-278.7621538952496
-248.7526378049818
-5.763721604276002
-130.94300325411692
-252.93796950417075
-133.43641087156146
-259.9966950022818
-130.2663010322105
-1491.7082807399588
-258.65636502110783
-134.55651010863622
-132.90560139854622
-137.59195231882973
-133.34659664452334
-130.0287327992981
-6.372814649459664
-248.23149189039424
-394.79680270057213
-250.51698331557606
-2.718927330957447
-531.3416243709294
-5.646433493228079
-132.11662726816078
-250.52734009677985
-246.35195844147174
-130.97562389376938
-135.50683571494244
-367.52193457047514
-6.627534798631756
-254.85736521864777
-135.0725022452683
-132.53949834608824
-131.7342066094654
-128.92567479353545
-130.00201664890628
-253.69604774723078
-277.7717296905074
-130.98411997041032
-243.62319286130924
-248.73681207654425
-120.9271113245153
-247.6360606180269
-133.17109972114832
-243.51309927629103
-136.24582814854926
-133.2222629334253
-124.68611064551678
-126.7339704587296
-117.68083256964248
-131.47810606002315
-138.46038974265707
-135.00043648236874
-131.35843680622665
-135.8693574618135
-250.3703906953103
-131.38818340763476
-120.87256930869373
-252.6697989314788
-131.9768569402606
-268.7067327964685
-127.31514072789538
-121.82408547796496
-123.32432614600042
-128.01518236134459
-128.42676152105494
-118.82925936663295
-357.5131337617562
-122.73142273110405
-4.85732233148869
-255.88203437436556
-521.5509924148894
-1491.5575189278964
-122.42964984236283
-4.329945604868312
-765.614675180367
-257.62069609151894
-378.49413317850014
-5.332373759461153
-240.83449095886013
-2.086282279749383
-127.43395623353564
-123.93539475924707
-248.82013172252314
-3.0736116153251554
-256.45445796602695
-131.08202651094058
-129.61005896384225
-250.8378761950746
-248.28293075307704
-255.83775369226086
-132.98200178841117
-132.8644584865338
-6.495553600166949
-4.5242993122908
-133.93360012184044
-255.8868754224684
-238.93420221498707
-130.4676239062685
-2.8786121691643927
-371.15642599187066
-124.72437164805248
-257.55914684899346
-2.7196325341518235
-380.19615265866634
-128.2316296651836
-252.3983881419659
-258.5559788001082
-131.63603235404037
-386.4786983862293
-132.6312471418115
-383.4135205461467
-5.206378440289186
-244.22153692371964
-131.79776769227757
-250.3132697520833
-241.56048364874925
-131.6769792808264
-119.28032439239038
-2.4786344002273086
-124.62179014625096
-129.6244847593472
-243.52810449153586
-241.89608537124465
-131.48196128824867
-369.45319536808114
-239.0160558795622
-2.112212324351861
-1493.1397272436348
-127.25763278778125
-124.02385255392069
-252.58612638315566
-131.99303034339914
-390.40087114232836
-239.21186194420372
-1.830929740725106
-129.64485778013236
-977.3459392030595
-5.236142127359491
-1141.5137086526897
-944.6178210104166
-930.6730671839706
-132.64396703565174
-125.24032696827277
-307.4244961583898
-137.74406758600728
-11.686017818637392
-139.3063929039865
-131.68787350549835
-126.45187149642581
-131.07323001050085
-129.5965108099313
-128.36426545220885
-8.738683907020278
-7.442819255554707
-128.64012314109752
-231.5520967685312
-129.81761706693635
-127.44341805263726
-121.33165250236961
-126.51901793394376
-126.86198839757206
-129.48973992866465
-116.09594941246289
-131.28792390176895
-127.02957655997022
-122.65918575839787
-123.78042145277445
-3.0505205483765616
-123.9199083649707
-241.29047551721817
-256.5757704091655
-125.48941887718327
-268.9493468218401
-267.4105988119081
-130.81757183460206
-128.04182885257853
-398.4336775697998
-5.886660300968549
-131.20697887198065
-318.2862162468463
-244.35174234075296
-250.6277067913693
-142.1135063733229
-130.78210060536964
-249.76532549384265
-237.68599119618617
-244.72240514225032
-130.1054243244688
-2.6499877189061882
-3.071675558410277
-130.83106713931602
-134.04016680395068
-254.21596342906696
-133.98973033898042
-244.46805024038915
-251.92165617875463
-138.6138027529809
-253.3155508946993
-269.21957662652926
-250.75674853170108
-398.00494564577326
-130.66077534524928
-256.9905937588315
-271.98643255158566
-397.58383934955276
-129.61589348310656
-247.2775414783492
-925.3090720331803
-3.250571051894937
-1068.9268996399705
-125.6979220265776
-1223.9627685866672
-1237.7274540906226
-1234.352468488098
-1162.912034073021
-1160.9059287532198
-232.9763251175005
-1031.3859167100316
-1037.6243732495848
-131.99285784663655
-245.37017212234474
-436.00634971924717
-5.59944960647092
-242.19497384553858
-131.56741269097796
-382.9537096808152
-785.0463266446412
-1028.8721246353712
-239.6223900637725
-242.7294387494767
-915.3424330327445
-390.79451491371077
-825.8347902091682
-516.6428663463894
-420.1069366254227
-2.914856764625344
-126.44027305443409
-128.25943723598317
-114.83451682774131
-357.09596180250446
-244.02690999565834
-364.919877957369
-238.168588860041
-253.11385828812126
-117.6334737053068
-477.7603155154584
-612.8752185553951
-247.42903399990604
-1491.8698837979564
-774.1020630543211
-236.7402407641081
-2.006123649243711
-128.2904075740615
-256.1649320953962
-352.00575284289465
-128.5081273881294
-131.74358538136846
-131.52247311043584
-4.050083299944863
-129.77745812709244
-235.6319033869902
-129.9113141915123
-125.76736679391782
-128.71767096560993
-259.26800832420656
-389.18739443779896
-129.11891238882404
-121.4632136808002
-118.91318254104384
-349.7346507814801
-120.45909620934611
-137.04730064430547
-123.89324453310172
-1049.6599079138625
-245.95236912444236
-125.86343585700725
-118.77465183902966
-247.5908894180024
-130.5126627388817
-129.69792170408894
-254.99622457551723
-136.9152475182463
-247.40594349341677
-131.71675664266007
-375.48812359999533
-6.695336897718025
-244.22758270737702
-372.9574112484602
-8.713906952244296
-119.28918921101247
-341.3802335253995
-130.05352370289637
-129.8954858747847
-119.63329877158691
-134.2017710558386
-123.82243874968098
-250.8694102180701
-5.747626313154143
-123.17234101339368
-248.66448361333576
-126.6472377268094
-122.20647668628015
-122.3990447724062
-127.83071147409831
-114.90635136769568
-349.4245971947614
-127.10662733042052
-131.22136280766898
-241.69930064170322
-226.68294213897434
-369.4810956673733
-118.6268355533937
-131.15040087956467
-127.14017559019065
-1.6001454159822235
-258.8528240737476
-242.4992776080369
-276.2474257529425
-234.57311014197174
-247.9872822363368
-238.60936502887807
-114.84282913499432
-128.10773728720028
-290.27150323801305
-1.9877712286790161
-1491.1943245851123
-244.19745336899072
-126.11684990566249
-1493.8944922115354
-1387.2170690901567
-1364.1396546406795
-3.77660595778547
-1314.6886046470574
-784.2019324338588
-3.0279893468968906
-1155.7206806641034
-1199.1280667108315
-129.1158321060432
-249.38049507373162
-1204.7060946102595
-1082.134353268322
-904.5262367112377
-777.4882795349288
-1.970822445166145
-509.63923002695753
-2.256710285322337
-123.7653647323546
-1061.794119237209
-1.868727908970925
-877.7393863192884
-988.0615454387689
-261.46130001469186
-384.7598932306388
-1.7838107391179292
-114.8016528919871
-115.28257720556594
-116.63641720995014
-2.1237409292611553
-776.8793531277812
-4.276031179499881
-118.77624374414464
-120.57065239808692
-788.2984916389021
-124.10829505054585
-129.7518635990345
-6.7012038907508575
-124.03368085792592
-949.1640674893769
-3.828602172255282
-119.08213563505657
-1047.8455287369713
-918.1299287962656
-234.6316080643285
-235.99225012954395
-238.45581878496745
-121.82298654172888
-122.54634244467309
-229.1254895578945
-273.9070606449771
-131.21272949128115
-6.127003851618064
-244.64674572806123
-130.84628182850014
-134.18533422225318
-233.65466659876054
-316.5268085790036
-125.08866326852711
-124.96861563204365
-241.64945653641254
-127.5404848107878
-130.32052848374278
-118.82437935359042
-252.21141301646892
-119.89903046518167
-234.2633685071782
-132.38681326860618
-115.6365959843373
-255.35776911331465
-120.6550421739511
-123.84255076058761
-130.3902554628993
-3.714721134731584
-247.162440164804
-3.9260701205188133
-228.22228191614278
-254.39057095628252
-118.92097841695576
-5.348956916683187
-262.07460967827177
-6.328580554465059
-133.3046838907642
-517.4532750986108
-638.455597406666
-356.83458943542433
-120.77571132287464
-359.06259994419855
-132.29496438589896
-132.87477840412842
-246.10603745163687
-116.5952867707616
-128.8922953681887
-130.87863468116575
-3.7258668998101094
-126.31999756592226
-120.39561172387609
-127.62675884507382
-228.83261688877204
-318.28122700721696
-223.70340000045132
-243.39770098767676
-120.12496979176228
-373.10169175221426
-240.3595694715743
-125.75307838612711
-121.3086640909113
-117.82353353729037
-126.23166215841722
-121.46633081689589
-120.72910856352193
-129.3294568635971
-245.42730724007745
-248.97116103536476
-127.22860467460815
-232.61506477919104
-116.9479607483937
-132.0255681131148
-128.63867631995282
-127.89068749484497
-116.89720589740594
-120.18453509131274
-348.85593608382294
-122.5813173117367
-124.04811618380674
-237.22223332962042
-247.9530195088375
-128.4630172925146
-249.91743808120125
-6.210821612223824
-126.14971719294793
-249.80809783463755
-1.712117888521308
-3.745006857587976
-4.66437458227739
-3.452774865125115
-119.12446734204913
-120.5026090682606
-119.89174817081211
-2.6186097307671754
-232.95509442504905
-248.83662980856568
-118.56677866980058
-250.171408236856
-263.2977855171542
-129.58821144281615
-123.24926967144864
-118.65175374659944
-244.3205175245241
-129.59270592115507
-242.0074732566141
-129.36652055583937
-2.203059667298976
-130.2639108269232
-127.5142696409989
-117.20370015732593
-132.51597993919177
-117.63997989381333
-127.26918292216996
-300.4763900348704
-117.45475489323817
-127.0375897440195
-250.19003614309543
-4.296332928768814
-239.0963983026343
-238.00021782077914
-251.78465849148296
-239.75674142646236
-7.37209287398203
-129.95164267722367
-244.34797193698319
-3.690017090592265
-260.8303797022199
-122.72796658172774
-255.26234779330804
-130.65272221526973
-376.56190575506713
-116.67173879032387
-125.67190550918357
-348.2946640180569
-1.7994911238802471
-126.6109205000999
-116.00723502703467
-119.23277918065466
-237.73302997521037
-123.30941863927532
-3.963348944015891
-118.21839392098018
-127.64341780804804
-252.13872982639376
-239.83799417562122
-1.8716143970248402
-1.6436600908541643
-370.5827372749371
-126.8975239465466
-118.82784167579231
-247.22368080697083
-247.6620918525747
-3.106769775829747
-244.53332779100296
-4.332487979922214
-220.7209969485478
-133.19683137228637
-116.12025856819189
-118.02415497534143
-118.33734242176597
-236.30143654857554
-227.8078699730378
-241.50903139373142
-116.4677441451342
-117.70020120138064
-3.5573774706926287
-4.435050861199245
-240.00220296268188
-134.28164813324693
-247.6733591595262
-120.499242513289
-246.49497908329954
-125.53504288584756
-122.34261161389291
-132.14899927130733
-121.29710388238554
-129.32906488409702
-123.54205699954638
-131.06726499495085
-5.81822237103531
-132.43336438225157
-122.52454354599071
-123.42383675085118
-117.15178294328305
-246.2591142926298
-124.34632767973277
-130.61599621849388
-241.38944419951463
-276.16075853255387
-251.28039890418796
-135.93298928868603
-135.6935649565706
-7.255914411309346
-129.83058298720564
-252.43764367462697
-124.8049741546551
-257.7768077226951
-119.86378913304804
-128.85845598791306
-244.89812267195774
-5.559947283994762
-236.00156225417024
-258.65104770796376
-125.58623907987418
-5.451153286790089
-126.17804057705015
-379.2313564923724
-244.47313671056054
-7.399273227807464
-134.199253146668
-133.2877779256788
-238.4243937137387
-116.36662612836999
-2.6586534036286564
-124.80107310408721
-132.97605711266354
-5.480571686543663
-128.31437378713957
-127.79497392565492
-124.9879998235122
-2.4910116791190036
-121.8793571083067
-235.36932483882995
-117.02432587923752
-115.20906632208045
-119.53157897331518
-128.72380383981118
-124.70717462490414
-123.67031923900433
-238.55915443645816
-2.2682522530708678
-118.75585780699019
-127.4097848299994
-117.68512219500202
-130.29635276673523
-117.21469452045734
-1280.7890615609554
-1282.520116402077
-116.69484025508902
-118.48396115735488
-1219.4369674001493
-4.541802525231874
-1285.0851339940102
-116.18148312266361
-121.83569172485416
-1345.5879662038076
-127.35264800628319
-126.8828542347645
-1356.9179335015194
-118.68344089046013
-1332.4508432613748
-125.8789575631906
-1.9171761544611916
-1351.9293121735839
-117.12519312940458
-297.2848229505266
-250.6003308378082
-128.81376697784407
-339.88987561151043
-2.0034340736086227
-121.80638375355194
-128.40381845110923
-1157.1628924837285
-127.13572673979459
-1.55711308100565
-129.55699202162273
-2.312551097990581
-1.6252506412816412
-118.22861449954723
-4.29612109458889
-118.14997221727435
-383.5449821400036
-1159.6698026978243
-127.8971426419128
-125.35109724126579
-2.334581663581908
-128.7824259025076
-127.92982050438042
-125.14013754183179
-122.83410144816187
-128.43773037342928
-245.00497800317706
-125.8937344213739
-2.7944886991362443
-129.11292990877183
-345.37431925408123
-225.98950841362745
-117.41874305774802
-244.95778275314265
-128.4995121291116
-115.19302010668082
-127.82440975294482
-351.3732937584332
-235.769400278791
-241.5972672028767
-230.81814810373535
-118.76620339543797
-116.09159908858435
-342.6086032003972
-4.488095193839399
-130.1854282632518
-369.0265646074986
-131.05987774939203
-239.23333869929482
-236.8903448292155
-127.45865144536515
-115.21024437589348
-131.50532510766521
-127.8602839874911
-252.74950698092152
-241.51803360006906
-288.4876990275253
-229.868213777396
-2.626084760715542
-128.18156387457026
-2.2440662149830506
-131.7320089219769
-127.16071519175908
-128.94142410748051
-387.24779396524434
-125.59008984246294
-131.14969356263134
-125.55309728105435
-130.40885728354954
-126.77555851380673
-135.910815559087
-278.2147398100284
-382.19376605330683
-129.88973290743758
-247.82321448353008
-128.25319381977553
-127.93859157349985
-241.26746761155215
-137.6537618732543
-137.24524906074123
-133.57104078179165
-135.7649915161868
-382.7023216527876
-131.4776441565491
-378.1672203315248
-7.789723316202496
-128.5217473931753
-131.23760074201445
-129.45191345741821
-120.83335734441923
-267.9609242361948
-134.92427044718974
-239.3948129440603
-7.979857196399792
-119.70177812073595
-354.2847877746084
-255.34068066739448
-366.35077897604396
-131.8939979517473
-6.011422138185343
-4.1950620955564855
-237.45944218360881
-122.33000407783022
-245.38372600430137
-118.13361822314072
-6.2560241772243375
-129.4448114594839
-134.86502353278638
-292.5561153643753
-132.03584230006243
-9.512317605763403
-241.06163361912408
-136.45444402016446
-135.45024128992722
-136.52600501313609
-251.84427029264052
-6.621157116106867
-127.14567444650211
-2.6917655812647125
-125.78567388364269
-250.65866882097805
-380.89489109206403
-124.59355857663043
-118.10408481613514
-270.2743231061464
-126.0845047116401
-120.775344920052
-3.3183260498989737
-257.7479465483994
-257.72750712329633
-123.58675998383252
-249.49244927172353
-118.65127959975675
-133.68997057299836
-122.47578296872715
-382.55112311903827
-3.0258371027800934
-961.5079170511805
-3.121371628160469
-341.39595458029584
-130.70608902827504
-121.92355635817529
-2.1402378761658345
-130.98984846786945
-132.22564541833313
-136.719997192975
-129.8494422393681
-130.96819074099255
-121.35307491173216
-132.94993853189408
-235.93062286858483
-142.73452214068317
-132.52424781167568
-120.55556435692284
-241.15807377975432
-246.96881040282815
-124.58495461239114
-132.47002035085706
-239.10207439949545
-124.55034049906703
-2.332282880359135
-119.52845588845382
-132.34876611956588
-123.68843226980005
-126.63979064632923
-237.00984953932615
-121.91394220335076
-375.9048998689409
-117.21432499604875
-321.1281865577688
-130.3669910398024
-129.77342220882957
-116.085715462655
-130.5412544706715
-249.74649712149656
-143.9027925422168
-118.28898680733373
-2.0087556176949017
-134.58848985691742
-129.32631609859448
-229.3403187622612
-369.1638678665199
-129.89610641559005
-126.7170130731079
-122.4378223820184
-132.12935424421732
-118.11928727214574
-358.5919029425246
-126.59660952508027
-126.95575061023558
-127.19985179020038
-115.43074675851439
-374.3361308983387
-283.26135629218516
-392.48479194983184
-239.44474809538008
-126.90422351331794
-228.54140207410074
-241.07614688632546
-249.72984546231922
-120.53023349654548
-123.04627396506466
-231.7471247750159
-244.84473845529033
-115.53797033521053
-244.1422417584201
-122.30487304641746
-129.5600989129062
-350.50400953081885
-138.3409834440774
-130.25177225305507
-1491.8497151988797
-129.67107627629576
-129.66807427479858
-1.7709787335507978
-2.0789316754217575
-2.1877408256167605
-127.97290853558619
-241.4234702012227
-381.9440963657397
-126.62640855793549
-396.9551349105551
-115.65830011627894
-132.1396420825416
-129.4219298353445
-132.04463113303262
-264.5305779236506
-371.12989303666336
-280.40329091489536
-361.58527255317176
-128.38105953453524
-363.9190672394175
-125.59789585672121
-250.10137999802242
-375.0474350505685
-7.137742769668623
-253.45486810879436
-380.68822173669747
-132.53328843649558
-1056.1838137634747
-974.6602648444978
-916.4115347040483
-245.29047727365176
-118.20130973473522
-125.46668100351675
-233.591874175224
-2.55988384021561
-121.98777150760068
-2.203378667814932
-131.81729635983
-129.5447298286955
-241.35695336991313
-128.24429637676764
-3.53468774132546
-132.17123899169417
-378.89104973217377
-122.32257073943403
-122.47300435508602
-389.83679793856214
-122.56405637848418
-2.854557950740628
-244.5799525294366
-134.00454235536307
-356.4212547693481
-2.027029190738409
-124.92129371639244
-940.1715227161789
-123.40201019038679
-1.7093797731478952
-240.1097695953586
-117.29725088115698
-952.7087959724348
-121.50110316057439
-3.122315854176776
-246.0399032756417
-117.57756629641186
-119.12008954719505
-136.86105232880743
-379.1319002587586
-132.35401412469307
-128.04575664444437
-121.40872963678022
-129.7296609168363
-130.63956977145597
-273.93978658136615
-130.3538794296292
-266.3354851697174
-120.70682936271093
-3.9554863827963365
-118.75350122313795
-115.52153453480713
-133.15410503345615
-119.0610547988243
-133.016494799137
-129.0473311992067
-131.21581624456664
-5.061792373858964
-135.30547087175515
-125.8307861154862
-134.58748005089956
-130.7003244880074
-347.085381048634
-130.81421843386045
-4.5109027082828455
-1040.398261275242
-950.1023052271287
-1065.4794240386123
-130.1670137965375
-1068.7616485956294
-3.760325226019598
-139.69584298444306
-245.73351582223563
-136.7534330748466
-1468.4093658797278
-3.9316764311988384
-899.7429318961723
-124.65017821272787
-907.9607858340604
-260.89973925731897
-137.24995961871647
-253.03452003325972
-132.80672527713358
-653.1459334229514
-124.98347139916027
-265.8518990831831
-3.6490073997787875
-265.72790493516476
-133.07553096083348
-3.602326989367994
-126.8122389799476
-133.921011879125
-117.94621958150071
-345.52663993608445
-249.31871315831884
-4.385629370589274
-126.62279092892715
-3.814028518326153
-129.33327030814496
-130.4378699613673
-1070.390896723267
-925.8730391553554
-1308.4947452298113
-133.7016547264393
-241.32213947996985
-1219.0746282239097
-131.9593416309774
-130.36690324947355
-247.36177439388578
-129.72279119810963
-244.54925140327512
-2.463943204801332
-133.42148014816848
-246.66093622181901
-123.82348625767482
-240.3070831835191
-1.620698880767689
-129.87455094674579
-128.20486241656354
-230.43519883581368
-241.19922319470373
-118.11683739433924
-341.5581538383985
-352.1174581255474
-259.7086591022381
-4.647705519167673
-4.1448017808211555
-5.595037773004851
-252.27683320623348
-130.32042849848003
-132.03188207489794
-130.39710668362537
-133.42591332337824
-239.1898075326463
-222.68498923280035
-134.42170565956525
-126.64229420116374
-234.14857757431173
-123.93442177751876
-130.44531850080156
-126.60958469610202
-118.8153901753621
-116.60456193434668
-247.17933953302924
-257.245956054424
-136.70399024053316
-275.98740668164896
-253.3214453797027
-251.86589649988647
-135.59893383922747
-2.899596349689813
-356.0294555056545
-128.62576567468153
-121.8315581623418
-247.29738755430705
-248.0493377390359
-234.57396224197123
-116.41370619671982
-126.74275807775295
-121.13125056136403
-133.70161809146884
-355.1533757951834
-3.811364969711618
-118.388493003687
-253.79368798701185
-346.47111742952416
-258.4918038373338
-138.40160473957738
-1.601502988158148
-133.1423399556403
-227.2435168508363
-267.75508539688155
-373.0549451088771
-374.50388452822716
-259.51639900004557
-248.669848730105
-230.4957146796058
-288.77158081768096
-6.262865611039412
-254.4918201133194
-324.18926485238234
-123.26497376246945
-132.64285389332028
-269.32392388994555
-281.0692940045277
-122.58842359064182
-119.90059821755936
-119.02315131792906
-118.11605082911696
-236.29302874549902
-129.9901796832721
-118.02809087469653
-131.18399613140315
-133.91344390386098
-2.0504454998884167
-3.550752753273416
-135.12636976967917
-121.62576367655792
-1.7938974006279107
-135.8569071205606
-262.73349691543194
-2.1302535055588603
-225.65129452872205
-367.28224409465935
-133.42972830118532
-7.121511711141642
-248.4298860347248
-270.6683984682438
-137.99303306568066
-256.313782317604
-231.95981289761102
-117.50166674741338
-128.17622359118351
-128.4106982932847
-119.75097559486183
-124.38571715123308
-1.8960819263828272
-123.99937892937156
-127.60118537364805
-282.63625137134926
-119.16346756894357
-117.08601932280438
-1.6295138205201327
-131.57869271135215
-123.12234846572689
-1.8357349437811035
-243.6436632415619
-252.1474905881904
-119.51245079837042
-121.36631889289686
-133.1098356794104
-129.20902735475224
-241.43678030656076
-283.9042703892051
-2.950934919967373
-254.71992096893996
-122.84000985929029
-121.59015596653998
-121.35445307840132
-126.94779402314522
-231.33066639649186
-257.20642851238387
-122.19808522727746
-125.98590591296634
-129.50361802453062
-264.6673126682936
-351.69439487970146
-119.44022780699217
-249.81253626669894
-129.1526706066486
-243.5541271036368
-129.38147327153348
-119.19202845053388
-400.4565148297087
-125.38984185167475
-356.04765360875473
-5.422912151740406
-125.12385062284102
-120.27528718122204
-137.05466331504283
-123.0484729943034
-7.730647203640243
-274.3906889129216
-123.83324267447928
-998.2234829138292
-124.27119762360853
-127.30407078468262
-343.5375852266465
-789.7257863524518
-231.89242326950344
-137.13317544944596
-1.652905192254825
-509.91518858169974
-123.06482647293986
-4.3282444223101555
-241.57277246999976
-129.4920752648967
-244.11027922635543
-120.8751978376159
-255.93668650655337
-244.7638063560172
-1.5406761725582478
-127.8893283283113
-135.1910009498859
-1.5412535158732632
-132.91918700618538
-252.55609918695689
-127.72562348685422
-245.86616671557306
-133.36148715221267
-1.6676755954862224
-249.07029374687846
-268.68086688025426
-129.5843463084002
-124.3279777586339
-361.0655674043362
-380.0834107164696
-130.74191415095925
-245.1414429507544
-127.25807077055008
-130.20316407269036
-258.0588337055326
-247.92309002898043
-131.3184740301017
-250.35434528335702
-248.06156177674566
-130.24616465165374
-249.7154931566126
-348.9261599525368
-291.067000642303
-7.424538388342151
-258.0519739174218
-251.7439327436596
-269.8693293872226
-374.1993346022924
-132.31770061202985
-265.9382174204916
-10.3249122128651
-266.0959720113886
-362.0979571866924
-376.4507566009436
-10.325711417147456
-138.41744259900915
-471.92830749908995
-365.6734408085159
-466.82886750268926
-381.60642759051444
-279.3349767755905
-265.4846748478576
-257.7570022064526
-143.64371527552854
-153.5521750888268
-256.9165884611624
-374.37443075027664
-250.38908416164787
-134.5506983099623
-140.35848537013942
-126.94853346880976
-123.87004869727173
-134.47728325823942
-371.527595465356
-259.7496101030695
-397.9366494865989
-131.99576678724307
-130.22483983634856
-263.14258658372563
-249.1787625356209
-260.25993424833604
-130.51745166570439
-394.56133000252134
-406.11647719326567
-120.05331748260872
-3.584289991549619
-5.583511485713637
-245.91225933919438
-130.12520155113248
-128.49983819404935
-2.3371032674332755
-126.76545220822796
-131.8130981579952
-116.67837985592512
-2.8483045534692426
-2.4599537262329605
-382.73022845613366
-2.775283502495076
-254.17966731016313
-307.26512992125225
-395.95056989087635
-2.371165436492711
-126.94230912659731
-249.00824262404495
-252.86566711733624
-253.54298967575176
-254.59811513332323
-244.979579792526
-368.14560529290117
-124.58135991050045
-2.465997472605199
-136.3887229188318
-363.78501679207176
-367.1697788753016
-355.60515472744487
-124.91141188763221
-130.6309552098132
-123.61195661591515
-132.14615598673
-367.86857567710035
-253.22104875564642
-389.2829516354822
-3.9815238660248844
-131.90214369842857
-271.3261905268624
-242.97660171976963
-128.57252773014835
-4.110320094978855
-2.704546625349643
-366.6275788848552
-384.6804042373712
-127.57228289261101
-125.6011995351843
-132.21497963759137
-367.92041324209623
-246.34686280939908
-127.31838323962297
-242.14547090213458
-1.923585223107856
-140.53184583482536
-244.54732143774618
-396.16309784055574
-122.00246002178679
-121.7805933014109
-244.75656190053144
-129.22056687146593
-1.6055472558484911
-135.47535455258006
-132.29751009060874
-377.3205165280288
-316.5381197198683
-366.91542667392264
-138.9458806484972
-124.67130051174263
-128.5116709347314
-8.364716184970193
-128.35800078555212
-130.5041735640732
-249.20157586068433
-125.89224861174266
-341.6197457977155
-249.93219194092302
-134.5825249724176
-129.03071578828835
-131.50788554838516
-128.12993083405004
-127.91995969682525
-251.4467314762897
-332.9304521659662
-126.82491591530471
-133.82932314563485
-140.15483477779006
-125.84535948438429
-265.6444447896862
-252.8014399458685
-126.37705138317006
-250.40421795286588
-131.65889305762474
-133.16516740867246
-128.8934010971941
-345.6557664738368
-125.59454977205725
-131.79077433798548
-129.48678216871843
-135.33419436526358
-252.19425942376319
-131.51406631029135
-242.3067146400324
-126.32100394701393
-131.00094435431396
-245.06463946277063
-242.26851894655317
-240.51266193712658
-3.653072600967204
-773.157400407904
-257.9491351328842
-116.71902740109856
-121.90761906139367
-357.07827297619895
-129.00983201274073
-243.72276447507264
-126.20002167790533
-127.51704781003225
-340.0347156218941
-253.9579668763217
-132.38144073057376
-123.01605756219202
-230.14569081225312
-641.4792880805734
-5.2578830048960015
-244.40250738161325
-7.565005943715689
-7.95327611147767
-256.77150390773477
-8.95157510859841
-9.124179170600092
-514.5745775209338
-121.70423742566382
-130.7363124898125
-121.27071181733444
-131.9409336265598
-253.25752970737534
-272.0168224601824
-124.55355876671946
-117.28545864997564
-127.16559731777377
-127.27066369145555
-124.30190808675832
-128.92757629406296
-131.44747116256752
-242.23089110409651
-6.003064186641326
-126.60986721583826
-494.2480362305206
-2.127430199970665
-244.05777158726428
-129.0196539671571
-255.3619395661207
-364.13692586059074
-272.0316961215891
-127.07958894074523
-3.1081370138621733
-2.9538933698874335
-1.7581354690029367
-246.53611350085475
-121.52483226086551
-4.702677266117779
-257.5811959012587
-233.58141032510161
-385.08729489106406
-385.8831517565627
-346.39250966251115
-124.49597685372018
-123.16234648822638
-252.32442004652728
-249.2565911456643
-131.09499889274102
-4.827099527667095
-350.70581985512223
-254.803909400197
-248.43659669734953
-245.17095559255006
-2.1640133891946545
-127.51419782311247
-129.1084466078707
-377.65980769231646
-242.68408914961586
-124.6101199780426
-121.4914183006332
-2.021380491676726
-247.44235614741729
-131.73287016034925
-245.68419131034992
-125.15233627367398
-125.12526342939712
-363.6693998766404
-1.7180835441084388
-129.65765885817902
-123.72760864285235
-120.2473203858636
-133.49139773240879
-130.51518405069322
-129.00575556857646
-360.89072115604137
-327.935944167144
-131.52100814517036
-4.766541561468949
-324.05937616204795
-132.1210393966329
-121.53602272190366
-126.14348468319294
-251.87713274432042
-126.24339322105715
-118.88086213301291
-136.54856011486388
-4.629144638232241
-263.43841189561124
-130.88079582141904
-375.22814434034444
-339.4718399793685
-127.27033564962352
-128.2793640980412
-132.5353653967444
-130.5832991550171
-131.28957797542068
-131.94704727555526
-128.85153488475373
-262.904445995645
-118.60031184396887
-122.00514884420025
-123.58713157295061
-115.28996297582455
-230.3064682528678
-127.10839088980819
-127.30735355529136
-250.59300121916212
-123.45379324588752
-130.51248194723155
-134.043901925566
-129.02535837685082
-120.30041923432562
-119.05659606269279
-235.32853086693956
-322.1464373099117
-224.1175558737833
-129.41667307360515
-249.5607669720905
-2.6746307973482537
-122.0948927369178
-243.5493765414331
-364.35872652937275
-122.88064987710017
-129.7287815316638
-2.8626660399182975
-331.6992579690227
-118.73467864635204
-3.3626304825997515
-130.92551272422082
-129.91160306890964
-127.01176478024122
-126.48549788883238
-250.53316895040658
-790.6116114597984
-116.11495667952715
-1.7361266172964545
-122.56329422270971
-346.79193796941416
-122.3853473343024
-127.157814901296
-131.42768310512307
-226.8260794644714
-1232.9588938853344
-134.33626284712906
-1423.3087247183898
-249.5603062459493
-246.05873655920297
-339.35088645402914
-1241.630363815599
-1353.9034591281702
-234.45758182495575
-132.8685128011184
-129.74274654495883
-130.88602657091496
-132.24061013422795
-223.5630345226513
-3.1479800798835194
-1186.7494597920977
-129.04119582580762
-135.7909995928785
-115.50666486737902
-376.46452106233187
-4.267218413228324
-129.66183303664576
-254.13583491408122
-127.13053909920707
-1215.215397336175
-1060.6253141888672
-251.61652427353533
-126.15312666306303
-124.09555475232881
-118.38996393760951
-247.22000147244498
-257.1683835719463
-125.82003977802864
-230.13785660963353
-382.150394990217
-121.82291919210202
-263.5579253658739
-122.45888651061851
-380.0443383897432
-3.2566605291735584
-125.81401011997136
-241.61167183288006
-232.7024079351608
-263.84987524229115
-346.076042275229
-126.32922900622236
-278.6591427493742
-132.03894902434635
-132.46314839226318
-363.47143388414
-247.6462626587714
-138.9907672132033
-129.09261290196193
-125.21986777219048
-119.1934980098042
-127.92955514328344
-346.0109787676497
-129.53275783726406
-117.5231062762737
-127.14910507850145
-246.26508144215558
-131.71108508150317
-242.72276239327994
-132.11723330319356
-119.31552776644084
-121.3338833140793
-4.938369822579823
-131.45811906699342
-132.68217855999364
-128.5155088229792
-250.61913169779476
-122.32908555675023
-3.0928030522460634
-118.26008512795721
-129.79995319987867
-246.04416182106914
-358.7068616602055
-129.81967771011705
-130.07567679064857
-1.6989522811193436
-122.29945764486894
-377.63840601013095
-2.3340721981660644
-243.77552267359982
-120.51505133707265
-123.36624261922285
-135.3182151152274
-126.14279913554486
-131.27314348786427
-307.4393506189539
-260.56559059821075
-261.4359486911205
-129.26120590207765
-383.4156863463507
-127.7634151459617
-251.3553964869766
-6.52464776156236
-238.35858991514456
-129.50999181735943
-2.8052379084082038
-127.65993703216878
-120.79719353954351
-384.8709755537032
-122.124763085177
-128.94532010841107
-2.1074653122851026
-123.83229245879386
-273.4187952001557
-226.84652548614991
-133.28261705608674
-256.2119115273222
-115.09609526536028
-128.6994177035728
-132.69030355174803
-131.74000054832922
-124.62226718961344
-133.04448450749467
-390.61322891803104
-128.55385189104436
-272.21956701446595
-131.08549095970298
-129.1789990099993
-126.55296761648766
-242.4591596542561
-362.65883490127925
-133.2853221210581
-2.838567578998504
-120.31185876981804
-123.84117384681129
-2.2119966004934786
-131.2054475624695
-131.00948706796183
-125.69368618300874
-1.9096266535008037
-251.12407847819324
-3.973283695421935
-130.33425267453345
-357.9069269655823
-247.64924738136327
-253.3129539711593
-268.5150585053652
-127.96346306411958
-1.8616337594423045
-125.96969157584881
-127.093132671124
-2.9550445882177563
-122.0870460437373
-119.59075868200443
-130.50861808626885
-253.8423973878815
-132.41953448729342
-131.3718331337802
-123.01545036670964
-122.06723623403761
-130.49443629289323
-359.3083234542577
-116.92209619934894
-346.55793642322135
-123.83552856175001
-232.59121371865692
-120.6569503321496
-2.30475561234499
-120.13015025673718
-126.47099032816179
-126.27561537393478
-120.95088950706365
-119.6644381942766
-116.75933042982764
-123.77336501369254
-3.4989666887911577
-126.92653373000434
-121.69773617591574
-323.77837073196224
-255.7444657644043
-116.83204235604562
-2.471622141044697
-121.81306824271307
-132.87919997603578
-127.91013979155497
-126.81391375719043
-233.84055254452898
-131.04483844390055
-250.8917464706148
-119.59159291136183
-122.25584417090744
-136.36266834622506
-1212.1308151846897
-4.570283548149049
-130.38388299232196
-4.1212498178124095
-129.0875336080288
-5.579912818316497
-255.77132816850903
-122.11576367681384
-129.04741917511367
-2.870606878608115
-128.62138993729943
-126.29870817472525
-1.8265576962586405
-129.7274342709321
-4.823345422077
-120.51211593749692
-1.8133407591443922
-130.0227474672183
-322.6295218036703
-256.20482058996834
-124.1577144737074
-236.41745398581915
-129.66498963310943
-2.9461515536471783
-125.87803697325779
-129.47044352879743
-128.17313871078932
-121.43436034157149
-130.08274214835353
-253.13217554656376
-117.35822916092523
-129.33431886447073
-128.16804003864692
-241.85096163442674
-131.05450472181946
-118.74243593628697
-119.5910634188468
-127.5671313206678
-2.1929995117958656
-126.45468234220888
-348.0670802314077
-128.0200132161925
-115.39192415104458
-131.66401110431207
-132.7131935602729
-225.36063390437513
-133.1910855985132
-132.10953516580412
-237.81657416572523
-228.8314790274571
-133.06013766668147
-126.9446455103146
-121.17046602280462
-377.9024239831461
-132.84670314442448
-130.1977678627631
-115.00863062802019
-117.42147887078931
-239.56118532167665
-129.31080161138445
-322.7723021944815
-246.6378648552895
-3.446016910576357
-3.3000709352055435
-352.23293265854886
-124.69096684418712
-257.0778360737615
-254.25608100310876
-874.9801351270689
-136.7303515739267
-873.660852088546
-133.3124711731038
-258.98810988253865
-5.633555709243971
-805.9239034749058
-247.48561684936968
-368.0676305315591
-249.53888693343117
-127.65354640645116
-132.64015964967044
-2.296952453724234
-254.05933087159747
-238.65628601975845
-242.19862183307603
-127.42370184961455
-130.28176759586773
-130.04342443720566
-132.93308743755648
-513.4855856780315
-128.22065444868755
-125.51285681613943
-431.99380362030615
-127.3343906913761
-121.8849842527773
-364.5439251949338
-130.5180071897851
-445.8045639090766
-343.9649368116108
-244.86884808939314
-254.77375746573733
-1.6830397481744503
-236.12579329162827
-128.32693095752498
-268.96586783945065
-254.45253095478444
-244.34516373939726
-130.43172651913704
-251.23638421721282
-130.66482073960364
-129.97595185235488
-367.83756755541145
-2.1938967109571452
-125.1230320337612
-116.58597038651604
-119.19321927905843
-129.2649070952846
-125.22172971699018
-129.35398414161202
-131.92926833259472
-122.29133652686117
-231.85037175339593
-117.0909551296156
-251.0764672750637
-384.1184486098649
-125.89420533879279
-2.1406746010311934
-377.8795337398994
-128.60570213353685
-130.8521196529213
-130.56197107240308
-3.6214797415757474
-123.92791144505993
-117.9848765498328
-2.9694973567203404
-270.8866151228355
-6.008660054795623
-131.6489536619484
-118.44629071217592
-4.535181438777719
-336.8837088881955
-4.850607641900921
-5.267752323563101
-122.7694756333463
-140.41787648344174
-259.9732549472994
-2.0336293031740404
-130.52814195104943
-1070.0163066287264
-1143.7884072370416
-130.12784920478833
-2.457744331085308
-2.0671119163171956
-1167.9927275280115
-128.2427105299073
-1094.9732170457908
-126.5249177086772
-232.57778495096653
-134.02458602316196
-132.72044823215373
-1093.496823211111
-1249.4283571838907
-241.0528403134291
-3.985166249121011
-350.2993198539281
-129.4836741305918
-1.7028055131154334
-1052.894349262336
-3.427938804276554
-957.644782607944
-916.952862776739
-222.07408826292306
-1042.602882346608
-119.75371161630547
-1.916011180710067
-989.1518030794779
-129.3599845192844
-919.4330722391475
-254.4745349668376
-127.06458840117743
-1.8734570244029216
-2.0963146297624524
-2.5004430932563824
-364.4722938812096
-123.38201786825462
-252.38217104227815
-129.47306124116724
-116.65732806687991
-217.6843337701254
-124.80529540778134
-289.23607769418726
-253.3434530667135
-251.1662512487387
-237.7589974119564
-129.6991284219866
-993.2161666700949
-220.85417132867636
-118.98566992207859
-776.3766141913475
-250.85626960408987
-289.07875508120327
-1.7145509545935027
-4.6816157156734315
-385.22623735905063
-125.92751341595182
-129.1817615975782
-1.6185423927840705
-381.9358905431613
-127.50623309946667
-127.17271120233775
-131.55599351615027
-125.88168276106012
-269.4959957330862
-120.92285533421204
-243.62324866878183
-129.3056716675139
-119.17710907622845
-126.87570317039695
-128.55727592537795
-284.95935118881744
-373.35641587918536
-131.13768652107862
-123.58630896608557
-240.82355533334547
-2.9593373652366872
-294.7448090080348
-221.2210401202447
-2.9768713247772323
-127.75295545497193
-120.57534447178982
-123.51719506078794
-124.41270183957441
-133.3184898768518
-121.91411068460287
-117.64913297191178
-116.73649306020715
-127.71701587634696
-128.01149603739896
-262.8031550026914
-126.00448754194328
-264.02975954268993
-125.84363018781436
-254.91622878689142
-128.19177840249154
-373.2048076921594
-133.77149536408766
-123.39503918628338
-240.64326046726845
-130.35177625733664
-128.82857015198147
-259.7052446760624
-130.957671511293
-130.28230634861214
-123.18198054805323
-238.83717634294962
-242.0581981935363
-127.71734478871215
-255.2105627573149
-131.7205415661185
-129.403321002847
-1.6485590012860016
-129.24434820221146
-244.28773375715707
-129.46369893876363
-317.28501739956846
-125.92069327722145
-131.65918678784826
-2.079810532967829
-328.4003097717139
-243.11789949212502
-136.5059774782427
-127.07374461621937
-130.68564964218268
-4.558942235729653
-2.2232258717360898
-255.00637746981062
-250.06014530409868
-266.1464148115886
-242.85221641859079
-128.4066786907844
-261.57914370108114
-128.1139855529728
-124.44274825226503
-239.5896730216624
-389.21221162732854
-257.5141953457019
-130.67682153509872
-377.99556146988726
-261.04737250691886
-395.9632763310589
-252.08459902790685
-267.71506609736406
-252.9966340251757
-234.9448619473679
-135.41900265208264
-123.42492694212277
-256.2030609024148
-263.7148906197892
-5.934918754723061
-132.20124755421105
-129.8168834509828
-261.3710574655434
-378.4937193721827
-123.56459868330968
-134.98969461820835
-291.6622890167002
-137.94143234953384
-136.23509673978137
-138.14345477938494
-133.1663100137981
-248.53170271711474
-138.51268446861897
-7.368467196933503
-249.49276917807148
-133.31272918955742
-130.22761479581382
