-1355.4573093803126
-1653.0342248506588
-1548.640170516513
-1565.5954715828836
-1479.48577586803
-1444.5623761532336
-1245.0094150796726
-1474.4249658920403
-1498.0602623448801
-1519.8319341604827
-1311.190363601396
-1507.1682675088025
-1503.5345352390807
-1516.2515422948977
-1509.7466614783452
-1545.0114950089676
-1302.3776239988447
-1510.7171890301315
-1611.3581229593028
-1494.4689287139545
-1613.7858962744156
-1492.893774946506
-1628.3342020980524
-1646.1151024658275
-1501.158458836671
-1587.5805599646428
-1591.857161598956
-1378.3356081765392
-1381.892169855123
-1648.473377447212
-1550.9400939075917
-1562.4410324076046
-1526.8698200738797
-1575.6100458522958
-1580.6604906597768
-1490.931117310281
-1496.2788385921954
-1393.5455099701394
-1460.6331136601852
-1366.0210666553685
-1542.3490435547105
-1593.0474647168587
-1497.5917453954276
-1499.2497767146554
-1470.7591365479275
-1467.9053816155986
-1441.2902880484519
-1193.522024691336
-1329.1197416296327
-1499.9382968895259
-1420.9333740619836
-1460.9210768412909
-1490.504182836502
-1498.0988623449737
-1454.5978453340028
-1333.7540948860862
-1285.5647636117517
-1230.5943854086706
-1159.6098054838365
-1275.7037995299943
-1401.0770314753752
-1343.9370235453323
-1395.9355861242318
-1371.6523256822677
-1381.9345491390693
-1501.4129281021947
-1491.8103176548964
-1496.4933018822755
-1494.353380105079
-1115.0352689080567
-950.0326154834283
-1228.5016899811899
-1118.6251413376924
-1229.5464152343382
-360.79458258922136
-1104.2979122011702
-1089.5887797547023
-1491.7933868894024
-1154.1009466657356
-992.3469753693141
-1098.9493046669384
-1097.9280091244045
-1032.0439628106376
-1027.6128547878764
-1501.8769566604883
-1094.8886618175986
-888.6547929219641
-1492.218885303072
-1182.1900823537803
-1113.663571503574
-971.2074253051646
-1112.7833433232483
-1434.255494428388
-1119.644950578411
-1031.3400948281687
-1492.263017801147
-1069.0741357504849
-1169.1073369164847
-1042.3384855492552
-1034.9269154833269
-999.6055903801904
-971.0480901028494
-1111.6551252231313
-1491.8292090544142
-988.5874136317426
-1493.8117819675413
-1099.1115711920547
-5.323181279341211
-1112.0006758035954
-1497.0413153745994
-246.28512385311444
-904.6101863452434
-1041.2004543367864
-1081.0047385287537
-814.037904677919
-986.044376504053
-1038.0274731205673
-1121.393040464137
-934.9234223886141
-9.264555206763971
-1071.0888401981151
-1102.1433354146907
-1508.3722515501888
-1494.5682061975137
-267.11799770927405
-1510.483869145461
-954.7897772372835
-921.4868226927374
-673.8223785504681
-1491.5123457668699
-999.4401194209894
-1116.4337177557431
-1403.9916680348895
-1500.6922516569982
-397.1730327582194
-260.6346728655738
-258.073484490748
-390.7753619557127
-392.91749561388264
-143.50670169276447
-1492.0287827464465
-260.1017285125064
-550.5635941713838
-132.90284814288674
-125.09873402227409
-381.8747655520011
-405.19561093190373
-4.417581293674474
-133.5075278013284
-864.3233144424685
-397.2390490721477
-1514.0810640272045
-135.23843140798178
-1491.1165699393312
-409.10814206003323
-138.8443964058399
-264.75727878123126
-1380.1368384775024
-274.96157897169195
-2.1204535880626083
-3.056772365913981
-781.7863512911895
-268.97577957649173
-134.79414260634854
-391.8401387490165
-360.5785632891351
-384.32949094200234
-127.00734421162367
-346.1003328777713
-262.97620034123406
-130.59907436170894
-5.529154463796344
-144.60384752550243
-281.9646122036122
-496.1474572268416
-519.5447200531291
-281.31198334486186
-244.69471657818514
-271.40970974766344
-10.843114285329191
-239.48302708055564
-133.18206972466413
-9.64802339821211
-890.0830130428807
-256.0054901720871
-915.3194178431379
-254.42686995090452
-3.4335445021646263
-128.38803064144207
-373.8825428595503
-432.5984320312951
-390.5991295030001
-3.44811506085682
-3.4447696498962497
-260.31733590068285
-132.8674850550761
-1.9546033745245317
-126.86940711903772
-132.76062852943122
-129.1322838290998
-134.29631605992319
-260.94055825567193
-366.86461353686184
-250.1675233766419
-3.325470191618607
-370.9329079052161
-288.6703281473987
-130.43646451095267
-274.94651666925813
-136.9036385219325
-118.3807990104912
-118.34553194892315
-919.0494376240938
-267.7227410438011
-124.31392640404121
-247.1356469051862
-2.9924538232245523
-116.84968119938672
-376.1915450693645
-126.60921461093979
-246.74457345332516
-347.79639842159173
-358.56582243593874
-124.5271617107019
-130.6458707108832
-8.672444872565768
-393.6952803571762
-376.20481794078523
-136.281425082037
-132.2657003984751
-132.14714020602796
-132.39349231840055
-134.71181960927177
-133.27342076234197
-133.3766843415301
-139.39722087623582
-12.239439583660861
-8.485701435485673
-371.5278984243672
-126.36121965010499
-279.92097119001824
-297.08814997774766
-242.34729818512793
-252.8475367185913
-128.35866215300933
-123.50543743410827
-134.27957291820587
-247.0898849791786
-129.10705804754392
-133.58003548289838
-284.5930535842597
-133.34176084880386
-138.93817214908665
-154.714373136154
-243.3140403809188
-1.7698447958248877
-128.38573694164037
-275.2381178865924
-123.53903726882501
-397.05765426819374
-126.64760944703492
-116.80133807188795
-137.5832169319758
-130.83510989345254
-16.869379352334374
-124.65065150237932
-122.70558806640783
-126.23355957340256
-261.0709634664
-252.48656673689882
-134.02726285829144
-125.245263248355
-135.5176142495776
-1069.553290374328
-3.1736567285100548
-245.77571246978667
-126.04795355664774
-125.18591456911643
-268.95907450588874
-269.486669716368
-220.86990142863814
-132.0606436647656
-241.58262256733514
-129.27116387736558
-127.89349500227107
-222.21344341428764
-118.98325173512684
-250.38631923884074
-130.80792799896304
-121.29876769176421
-2.2285058847238743
-394.9824403808778
-116.94606153118825
-232.3167871360233
-254.08697637782606
-362.3710640420502
-135.0299026372242
-248.22507183068754
-123.34088610211543
-805.8724828338413
-378.49137176491064
-359.8865681466821
-383.0414009985383
-8.717744568538933
-252.88677016150424
-257.6250470854959
-4.551693019789586
-2.6180438397804022
-133.92716121381497
-384.4164171608758
-249.32054945092216
-3.316954858164126
-265.7889707451861
-134.62035058237808
-129.82582055662854
-130.1672804349404
-126.99161690791546
-138.83640885103085
-9.919605087852466
-262.2161297674004
-130.34732637096718
-118.51501479765709
-244.12784441888596
-265.62207927466056
-145.7576967801738
-137.53054517315104
-140.83733975757823
-365.94636476083866
-260.24381445103836
-246.00619782231848
-240.2802797035032
-128.92459196295027
-132.99610626790286
-134.32266002393007
-129.3391193319981
-260.2244633577295
-116.3223101413465
-130.07016189996412
-377.1176930779911
-132.96411752722133
-4.797060077499175
-123.4447881427892
-253.50248867049348
-130.3382017538964
-667.6145597971552
-11.203614514699975
-122.73451443415478
-137.01395392849656
-134.56750986726033
-130.12488012485656
-141.57898042922534
-1493.878003329644
-252.02430763740483
-3.5785524965722093
-258.71250653428564
-128.36168540067806
-143.20352119504724
-132.12381756134653
-139.6481393604255
-384.2066668142734
-272.4802586279571
-720.5552542020389
-128.0800122392203
-145.2354060214796
-123.50749787564975
-123.44915104379575
-410.7425551648301
-443.52748470221604
-133.45846570692316
-133.06953512909067
-120.04312714150275
-131.68096904094764
-268.74742470338106
-288.8769479880591
-131.92676726318248
-136.65361447679624
-266.1969891781744
-7.568198526415897
-310.6073799188968
-136.9449695845758
-438.6789447093635
-122.03912596115995
-134.96080002820892
-5.59798057296305
-132.35221340533482
-129.1121536503775
-262.2900480520155
-3.8476832125932616
-265.96620072748266
-284.1512833813589
-269.1115627144416
-257.22594825273455
-268.2947565157869
-387.77025673107653
-122.97389125858686
-251.971784030018
-355.7575335796101
-141.40922110748693
-17.019970217587296
-136.02160774735597
-145.43769387250853
-140.5390381568976
-144.79682739120548
-280.4081740305393
-357.65268937839664
-259.22709483127414
-135.33497251406519
-137.44138320095888
-257.61523840042037
-260.0246670790471
-134.53245382804405
-257.0416472702002
-141.43862567315338
-264.5542904338955
-271.9817566671768
-239.48273023427882
-0.14534954022050958
-339.3030429886358
-304.6833490492347
-130.64203375075155
-258.2195062659509
-19.663245505926387
-142.34330385579838
-272.528978188598
-240.4649652491497
-260.3067609192981
-233.9365934245941
-132.46051293048734
-23.56259323872834
-147.79040532895425
-607.1325114710448
-289.01980974728633
-424.12345886455137
-637.8584587001754
-141.2213168502902
-274.2126894496976
-22.92425787976209
-143.65165858982908
-341.0085291117983
-21.57394869139738
-327.25881906765665
-1167.6370874327363
-644.2362124691737
-248.35148910452963
-149.4016884314766
-22.998892010446014
-24.898346104310548
-148.84466518011828
-676.106188108469
-267.626131769456
-268.20642434017583
-147.38776448335096
-21.81556175832197
-270.4499599740816
-257.14430326742973
-340.7672337850769
-141.6061604562201
-314.65874377757854
-263.30185756328206
-147.20635560211838
-240.46276684778607
-1050.2376857420911
-141.10848831211192
-252.3401149241712
-143.202793652786
-132.40944917245642
-137.40879769250296
-391.2950766489271
-144.86004113919557
-791.0671686879531
-924.6658549617568
-140.45430444063197
-250.0465544441505
-13.872605778647907
-133.40822109685658
-250.08053629080604
-142.55345352767162
-135.23284567773194
-128.56917990074822
-137.90205521577067
-134.5362633155226
-13.550627412032963
-136.63735185174195
-276.67601365029606
-131.38775206607215
-138.6265432075721
-146.67666181558897
-22.4132001720647
-258.8726180102549
-145.412665220157
-365.45940872851406
-129.92561312058095
-128.78641038795124
-143.75517254368
-3.901371979768701
-236.99967091159291
-132.4739018747305
-131.74946262770032
-251.77839626311453
-257.61330988150223
-137.9823813100183
-135.60811678255772
-139.53682646429402
-267.6700950918669
-272.71843378560186
-307.6608828714337
-139.65512739812584
-137.99804251598945
-369.439224516345
-337.6442007568787
-133.75750412050937
-131.2227737937671
-129.84059005060791
-20.278082012605086
-260.24998935102684
-143.72549533784883
-134.39260850599084
-358.3468581265091
-332.1700851138606
-136.93587587596014
-142.9385663456741
-260.9357450153856
-134.91880202343236
-153.24436040924428
-137.2232535283452
-121.23337436009697
-152.1691553959518
-288.6583803467247
-140.33972281891482
-0.23760882205899606
-0.22895548028294238
-259.6855686832598
-22.808369807055
-149.19392503508377
-139.79826884377542
-127.27252115545582
-127.15217535551707
-274.6597675666209
-135.75185214671814
-253.02681749370683
-135.68204543597454
-277.75809684060835
-267.73132482907187
-337.1035442167341
-351.538111611233
-25.382678576726423
-131.54366049365777
-129.602802481866
-341.2489482058455
-130.60183703402498
-0.3535051151013326
-136.89933134994072
-128.36414901955055
-270.8741483956904
-126.39243049441377
-148.33087117494262
-126.07059440457334
-265.4059199411642
-1.2196166819894485
-241.99776226508237
-233.6927551127187
-270.8253626480954
-238.17843126482842
-123.14430072681117
-120.24112419006244
-142.1693373086003
-423.5847753748532
-250.10060480159555
-117.94588314704723
-257.1898949283554
-264.7161217238559
-130.7572964710424
-526.2114712810081
-254.2072432583338
-504.3189767537473
-132.08316990215843
-266.2426956532608
-135.06744432659352
-394.81596838487246
-500.80509407901434
-152.29537335286653
-135.90335439376926
-137.30826632242906
-134.4880716968517
-135.41088477030632
-278.737626056467
-141.00340701752188
-261.9229852029654
-275.32148952744836
-151.6337891567863
-130.5402262154558
-131.0583068134869
-131.4284648095957
-3.517046030059126
-1.1275083313428862
-123.40170776413738
-137.98340921087316
-146.41798169019302
-261.0788151309938
-1495.7800893713554
-387.80138256412323
-0.8446167250963926
-123.75061992643712
-248.58361274741063
-124.17933010222966
-126.53597215117449
-248.9657085479927
-121.59452065150326
-1494.7443668290284
-243.94395812027443
-117.79047868214714
-145.20922493314558
-122.62052262300303
-252.88226334765332
-124.14832645735066
-253.58066355551495
-118.57806270122497
-1508.5161709038634
-244.435160973128
-1.620178519093001
-120.9897738735902
-128.81288755127764
-511.1884038715621
-357.10635948675457
-947.1583651909422
-10.559679282686567
-16.685041014606696
-394.7785756248831
-127.04540557215519
-529.1486508696266
-271.64847296591336
-147.49305214698725
-387.7680055773657
-128.93686850358662
-127.58846437808322
-255.34475770764757
-122.05297630183411
-128.0756687364695
-128.94710591408506
-116.27360166442064
-156.26005707299723
-130.68745748790556
-1069.903323062664
-247.2334217135847
-121.55220219055889
-124.46937240116739
-130.9162073197724
-0.24709558768912235
-0.7600360396754
-356.1803223050496
-24.000172961127376
-0.6196104875887071
-121.31837211209172
-1.7775414908382126
-129.93530256862442
-0.37359773271688823
-117.9298986227306
-0.9037960797228131
-123.21155583851218
-0.7713429555936352
-264.10158645480766
-271.43467166498164
-0.5296223422560974
-137.68283852174622
-120.93208228416128
-115.06501269923344
-129.03638273614845
-133.1357294614654
-135.10520243070846
-1493.6305236210228
-277.01547194389593
-387.1645788054564
-261.07456276762133
-1497.975288667122
-264.70133420653013
-381.84265535312926
-128.65731880734913
-128.22305276340776
-267.102038746163
-128.3529867952211
-123.51187388647308
-129.47886968459946
-130.5139591008922
-257.0286308549773
-122.00965645050795
-125.23890643053566
-139.23249010627154
-128.5695042721384
-127.05663856578325
-241.43160553040863
-133.16765917725044
-125.33468703652065
-1.7107106420864822
-128.27961797831887
-121.75585345399983
-130.7311254683397
-127.85670430957266
-5.731352802271572
-4.729100514811038
-127.2194408214169
-140.39514206969858
-126.94001570822782
-345.55402572032864
-135.93254310805025
-135.23004315940162
-131.74449463306698
-133.71450055446792
-252.18605109619358
-128.3565022063462
-131.25266932623944
-248.93238429260563
-131.57446622481828
-128.96525833236944
-1493.0778145653783
-126.13859517723814
-131.44042348239847
-126.99793693759922
-117.26360955036496
-130.3264274019047
-120.19555951867838
-340.0304942759154
-128.36908470532148
-129.38438767198954
-120.23929310854247
-126.43370440293057
-242.4445820018932
-374.7628357771757
-131.7354507443982
-380.2995644647912
-129.37909083796623
-134.8309262360323
-134.9787434012722
-6.748205491008078
-135.24502879990837
-125.41054920826485
-129.345388367394
-248.67666431244976
-6.686546662985974
-248.56951976849072
-134.63050177545117
-368.23361565042734
-130.8017201291646
-1.8100186397355893
-130.98783551976896
-380.4519442469006
-418.93289824253276
-1492.0691584719789
-0.5899408822522031
-125.55861972481227
-247.04648125856153
-117.0226459077946
-367.95862014189765
-128.06218228318397
-128.30504871778794
-246.2447511187385
-4.174362520894014
-131.76340924872787
-253.0019482766713
-132.71362716554734
-375.5733005062685
-253.55953917335293
-125.26789620400955
-6.142097090224214
-404.1488222122665
-135.742486333771
-231.21389721714166
-393.9220439084436
-6.607154978287712
-137.97134322626297
-250.8739491145935
-118.04396853388184
-1.5981128422990292
-232.51890046336172
-136.16108702157965
-245.3624474488265
-250.1596505682973
-245.68027570588757
-404.07596993831254
-3.28941428973126
-250.71626426827237
-135.89842515025938
-131.86392950170327
-131.1126927721947
-248.94881932894967
-2.6251740069161005
-248.71934850332812
-250.19270613132576
-253.60841462517894
-122.18472457740985
-925.6092947596936
-136.04083912567637
-135.44164346660293
-4.698746893006841
-127.29402859075232
-238.28494532900012
-231.5079676058476
-1.7278057727598355
-132.991258165467
-370.4245541572318
-253.19939455161827
-130.73135368025672
-130.35690955938847
-375.3479275069013
-243.10660694923723
-247.63765880636902
-236.4473111003078
-132.52520116768383
-125.70378986264785
-129.91101813071177
-251.60788464611684
-125.48955922881476
-130.89456970544873
-132.17086386991406
-6.528779541688697
-132.72884090742411
-242.72242784419726
-123.48006632687165
-134.12331763411547
-134.82908120515432
-264.9678773208145
-133.5553514858553
-7.129319969869013
-6.3332304352344915
-389.4697465520954
-9.758302222506387
-131.60498233366775
-137.44594356595078
-8.114731860764447
-132.5948650316969
-6.615334772778239
-395.47532034349024
-128.26203821408956
-135.95574464929263
-337.75698334619295
-136.14797857278734
-348.75072156679033
-129.31133264520548
-234.28960816629566
-303.870145328926
-131.66221389669082
-257.4035348431288
-133.82207741955733
-253.4126845055256
-138.7035979345844
-247.7488428764144
-252.3457963096904
-248.80801071379832
-133.9257894016395
-128.4681732788506
-136.6693847694212
-132.44641010858464
-138.0620213135713
-148.50091554828484
-147.46251694463388
-8.635921960703849
-268.1676914117217
-1453.1214003430393
-258.7156073611355
-132.991755870251
-137.69002277068103
-141.73545957997956
-357.0692930706832
-345.84285943205174
-133.71592711058807
-286.475303686881
-8.140827564898201
-135.11477216319687
-148.12344498518004
-137.20170684046727
-263.2488108853494
-138.7772717665819
-391.97745957721173
-142.96779935340885
-137.92000568301162
-139.82480298473618
-11.553886483163625
-134.07280935489456
-287.0435469714775
-255.3108610366982
-140.15302726686065
-377.54535388783455
-14.719283766516332
-138.41093145592598
-290.23352273435665
-126.55887874451645
-136.61624392417096
-123.87553575360738
-14.013638312364748
-124.78256546290578
-131.43966499492677
-236.3924110270557
-348.849413486633
-140.04245390016195
-130.14187774378487
-141.20661389613417
-140.97712247508187
-136.97788487370764
-252.73175829795443
-16.488512770700517
-712.0237794205981
-243.59764599658288
-246.9392932905643
-138.67012682462473
-247.2367228193718
-233.19384433612353
-288.6110164690265
-7.355192746706431
-133.48409499941508
-14.604015607970002
-241.6969997738385
-131.8227847702334
-137.12736778135704
-131.45110611285133
-138.97323195072929
-129.35898777804522
-244.34724540028452
-129.0370682585222
-526.2229275698738
-365.6025675295126
-130.60715894246374
-9.45967629211038
-7.581878280345121
-307.3645718053848
-332.61946681600233
-299.9927028410764
-333.212805988279
-4.835316991394408
-130.80100118593305
-6.569999398064069
-141.02430709298088
-16.706625961009173
-252.35195680515824
-128.33099731813456
-119.58738910424228
-132.25833862479138
-243.92032019409294
-250.12678278600902
-382.96845791863035
-340.72356359088354
-131.33733872665846
-136.0620225742864
-140.85647038337837
-649.6928198410455
-134.6843083288038
-141.35771117854938
-21.05726865974163
-260.28633705733864
-23.300924481502467
-146.72333360037106
-131.42966256380953
-136.32590910642406
-252.13726371530666
-138.27675279242968
-18.071215567128302
-393.982534302058
-497.5002390658563
-504.4218382470391
-413.9095054962004
-507.6401172182078
-658.0430970282059
-1064.465739099951
-757.6382573375199
-264.48264782259434
-3.5453475653386035
-397.3620405476439
-452.98226097308
-404.674076527581
-272.5045973902361
-136.4308810146247
-15.73034910205734
-270.71822229248465
-125.0277040623433
-140.3179117959652
-13.105265864424405
-144.66085758082284
-369.3221127776521
-259.405019938325
-255.71264057134488
-141.27370589856454
-17.85368793872237
-139.5386109788107
-148.43259610876277
-11.487936377606767
-142.28942166308715
-368.5986749116042
-136.3596551835868
-138.51868322152635
-399.26143184009504
-14.396578937449062
-138.15145161892627
-131.28603887019128
-265.4658852635443
-265.3657180471811
-138.04885214969536
-135.78467038156373
-13.66031151252895
-142.1688186059864
-255.7703135080407
-255.50834148850126
-252.66575244105027
-14.090453334653176
-256.5179741658005
-263.30594020159936
-134.0413546956281
-264.3196206558886
-376.72112285114736
-127.72282659669501
-146.4841320367184
-274.128325555396
-132.7300138567936
-258.2050398109542
-131.4042170329391
-263.0131163464645
-136.09371753467425
-132.42015649164523
-132.23521745820028
-135.41595970684924
-138.96570428614396
-129.2965674929648
-120.97947976797526
-3.778943187750618
-2.9426512329631604
-265.3863776327727
-245.17127883264666
-135.27407785208584
-3.785706297274157
-245.56324680721508
-4.284348334460718
-4.432731449171914
-7.449371305451158
-128.13049197892065
-3.6278056744618734
-257.3939974099252
-138.62721022313568
-133.0268062992459
-255.8259149791187
-131.93784935841103
-129.54743636728833
-247.7930548287222
-138.75543379526553
-133.62872501828437
-10.14053683466099
-136.10838836018416
-142.22238787966646
-272.53549305058004
-133.4291051898275
-130.66297911129348
-134.07015283900108
-121.45020799459107
-353.49785527834035
-8.241902998467912
-1060.597752967673
-139.6232638296746
-133.39793373613077
-132.39520146077248
-129.54572227748085
-134.97218757550203
-4.675606843955448
-136.79172946701354
-4.357369734025999
-260.3964783924751
-148.63997488047798
-260.2913437192663
-247.4685084210987
-139.98304546218972
-138.4718253106608
-143.42077814165646
-145.7968776549785
-367.82702831356096
-260.37981170109936
-257.9734587008319
-334.3709526139479
-5.6239264696712805
-266.8599947976665
-1492.6811998503488
-135.13892150502434
-133.63923960403423
-259.9546663197654
-123.75403407443704
-273.1025595999507
-8.071207536729275
-272.1143792935948
-244.93618523737302
-149.91121943162298
-404.908635796509
-255.69494014883577
-273.90485152441437
-154.45396965812697
-137.8874958792494
-137.0035966257437
-12.2482577907951
-125.33956562484991
-142.70624695326904
-408.835819992069
-141.88940570020827
-390.88702542619626
-139.00768510437777
-141.45844540630964
-271.87734631667496
-140.57204576936994
-146.97747311429703
-14.798907607963498
-5.5354574214162025
-373.55777164433124
-130.6426639375656
-135.53626447596372
-261.87921848530823
-131.5155275043875
-127.9629416552662
-248.025410259632
-130.70565765294418
-245.19818576937672
-5.380126853254373
-120.7902577843247
-3.5734686830265265
-129.54540175810698
-2.6603708121213443
-128.22196346884596
-247.4108069162789
-252.83886763993036
-2.179452834355411
-129.5001881305752
-2.638676223413658
-122.84501292345472
-295.9064891437501
-248.6629237313112
-240.1196959396707
-348.27947236986154
-124.75526133360317
-127.60806649710992
-119.75164426538927
-224.13982385621165
-130.600910771244
-386.44249201504
-129.99009112670285
-1.6888162542843992
-131.7124204808081
-256.7010480559887
-127.44434223580565
-1.0768254585652066
-1495.2808253241978
-407.68497055852924
-126.72351937254479
-125.87952306982487
-124.05876210676641
-2.3485399607563795
-131.47577200914037
-127.86240250449865
-130.4317068093236
-128.6804905689741
-0.8473175714594833
-124.438153742019
-346.57726538684125
-128.70259678360745
-129.11614758332465
-365.6381896419132
-1.1265953513271694
-405.91226359122606
-127.2179408419948
-243.74124966798252
-132.20629467371856
-348.6588168358059
-239.131481879526
-253.24216697115347
-259.82063985413
-373.29646018259103
-252.6438724298889
-0.7610203966591627
-4.695562334275362
-0.42079187864331885
-369.0573267640155
-122.66330542981918
-118.99633468471038
-338.35751757431933
-121.94322047028352
-1189.196240366175
-252.5752471284917
-124.11196559116225
-128.0404588364244
-1038.0782701092076
-124.88746110087925
-4.650635395143678
-120.92757681631498
-387.1339201756574
-126.31723387279658
-123.1869445095467
-252.96324641154158
-124.14794786205026
-3.97625109017042
-1.6438278697897515
-123.14264582110918
-124.89114902695346
-238.49947319972728
-124.92960429941813
-125.2107754048574
-229.60355151132524
-2.494151451652081
-126.78586606829978
-126.45277720440687
-128.51784314999836
-125.86077760448457
-239.25346482713988
-3.488872374755737
-238.08106971918033
-2.756461915334285
-126.38349989770657
-243.81839932443484
-267.9560687210049
-120.86435409759312
-131.08791985777006
-3.972666345670908
-125.94273559002339
-125.44194910294799
-223.28531177348194
-130.16459913177758
-340.4575711283742
-129.3259090482165
-125.47019505686708
-243.33543224115797
-123.62999408576424
-3.841854933477929
-128.85799791257278
-255.273313965483
-351.7060737549034
-129.52022180066643
-141.65989882676493
-134.54753418823094
-4.06844390437277
-4.463151449248955
-129.62530012829887
-122.9964407486277
-130.1277457590587
-271.54744392522554
-268.96231786431366
-272.0336760646289
-249.21440137338408
-3.5766796283040683
-143.2958418620371
-244.00731260671637
-138.24044944060253
-130.5616105866281
-326.283043578066
-131.46884267521253
-131.4546061641015
-4.528344369981461
-10.88208823229583
-242.30568165854646
-146.3067230507929
-275.8511959004575
-1491.1672732848554
-152.68864704752923
-135.82578704441593
-13.808651319953297
-124.89101088560786
-136.6936115880122
-136.72306000094943
-269.45419332875485
-258.28054357016356
-264.55264440429386
-519.4933338915276
-256.7918800060957
-121.72965625390646
-226.79413958442856
-129.94350754760055
-129.35029987727782
-237.54814269953516
-242.82416038455105
-126.6903087504989
-142.1086240069184
-256.259993876194
-137.018605272185
-241.5924230393294
-0.9342894187746762
-127.39053609846036
-3.705826157198109
-127.98879727799559
-271.5311178236437
-265.84528089068164
-126.69657536140781
-120.71438780075346
-118.08314229298392
-125.13801246248629
-126.72634629139642
-127.31576676781202
-126.24987225156003
-126.25251027624708
-1492.6304525985215
-127.81489809601328
-354.56054100418334
-1494.5716027248923
-128.32239503362993
-411.86504671591746
-125.5504738165354
-263.9819707611655
-120.84896238338307
-3.615981257725887
-125.86634091422818
-116.68742591839693
-129.40679691078154
-238.51370383243966
-136.2140998467983
-386.32383733139767
-128.33731281721302
-124.0187547757736
-14.822507689406683
-241.39530483172453
-128.49024502875764
-127.20126362592379
-258.6207921939387
-428.0965114340132
-123.93684111320118
-236.54290948735039
-114.9308417941741
-4.495430110307081
-127.31232190529299
-232.08705324655264
-241.8947331696999
-380.9263701576674
-119.44601654744314
-239.1544415106534
-123.159249468884
-243.3456645135091
-128.12180722276796
-133.68958499607126
-374.5405653693148
-124.3444973568803
-125.93295326384937
-124.29270041127216
-123.035886817499
-128.4718892110639
-131.32482824253665
-311.2503489549841
-239.77771024990142
-337.05011275430286
-239.36286865269227
-234.50345298891338
-261.2825440575729
-340.95578389823373
-0.9882368195329685
-123.11718014426113
-118.973593823206
-240.96820863457867
-348.0408690301393
-222.47794741998052
-114.43153148037828
-131.89807186864323
-135.49975408656437
-125.77579822263918
-1.865166140723901
-128.82780793156016
-3.4945331386025194
-128.0829995850681
-128.569901156807
-239.96346184459478
-245.5173600190026
-124.95538989340507
-1.174329034736834
-133.70861982123014
-117.24750998105281
-3.882610179428588
-248.76815228252696
-123.62495661007277
-398.3587790078838
-7.724348367962875
-127.79612248118015
-133.30530975269917
-381.3734299511859
-368.564311998875
-128.2197672722469
-249.6707792421969
-134.07853766571483
-135.11793006031425
-130.43143155429954
-0.9710164118834925
-142.62403748741562
-267.26023157650764
-135.29381457173014
-268.8010181912145
-273.82720410923804
-132.70874726657465
-122.43022881634485
-137.71891654945932
-130.14694439025672
-132.88273663716765
-136.34345624430802
-136.76580715239922
-134.42060044310333
-122.19724236131837
-243.0635034335003
-134.1306550885589
-133.02237627077974
-136.93320266145707
-329.77841894717443
-244.40449230925938
-134.26253091304838
-133.93420205554293
-250.73948499546745
-8.341832829157461
-242.43838326410318
-120.40431102236774
-138.16476152730576
-137.74667066477613
-133.43859841939747
-128.59994667354286
-134.74173859798583
-352.08786218119013
-250.66184615995027
-360.9012344292521
-126.16342721617791
-10.322261490488412
-5.119811095418068
-5.768001300221714
-256.93840084282823
-356.1980495310534
-5.245605168936835
-132.951705565988
-3.921110484542126
-127.27240921969256
-240.8915955312584
-132.1668139851007
-128.37383519038855
-1138.9632806386785
-230.6777501896095
-5.488550099729869
-123.11707934820357
-130.2220585152439
-136.7504846034678
-117.96893934249316
-127.9359014579083
-134.46023986738052
-999.9926118710863
-123.24450332208738
-252.02595834527057
-244.699478639616
-143.77456010262586
-227.28579800143868
-6.394364147119624
-130.47116925478062
-123.09375951774983
-130.4848769132616
-140.92412264218572
-251.1163768371089
-399.8812651658654
-126.51228075768691
-146.99408853191574
-137.30426630733487
-140.63125174701082
-321.1207425187422
-266.8725818291259
-269.29262689090336
-6.630826203014673
-127.02167940992392
-253.86691716957637
-128.38966545765987
-245.2925944363303
-135.9934451944596
-138.03195879166003
-127.6222910852223
-4.39916306605068
-5.23418590888629
-128.4650748953532
-131.19905648238662
-143.93916932795173
-133.78842074073657
-131.170704016268
-0.9519729942042114
-3.5632536553204486
-264.4637794670323
-286.9444382766398
-378.2437354615032
-137.87757248248624
-330.5123482208613
-134.7487764695681
-5.4772287068500205
-12.08530676883959
-152.16036503993743
-259.2484472479483
-257.67578823210073
-10.891062882703066
-130.07297206984228
-281.9633700595589
-134.75477941844917
-130.13414778669878
-128.33674642933764
-134.9747660293619
-227.35360789027993
-1005.8102297554132
-135.5851978999452
-286.82178479696165
-134.67206863316008
-137.3383529519337
-133.94820614620068
-122.03209386554731
-125.29130832073791
-135.47535958210383
-128.59525322787
-254.70883922322972
-116.31326292968366
-533.3399857368196
-144.5619727070014
-142.96099724125168
-127.88130495245517
-124.99707286051297
-252.668066004798
-228.38655506574656
-241.357150069076
-342.05086013889604
-261.15192592443225
-131.94537314810051
-239.2733807334041
-116.41144247184656
-337.4604124068102
-131.61050777309512
-9.335071752884943
-259.0098937729249
-138.1548483010719
-136.69476875583928
-367.8656264697422
-138.20336555858518
-138.7227031513463
-134.31912011085484
-133.8754563994184
-129.3573920614317
-381.0281370770262
-128.11368784839516
-121.12429649895962
-123.34146930591919
-240.92842523310424
-254.1984403854282
-129.32117840102768
-132.322772694948
-245.07238213969242
-137.56601118574835
-478.4744007819959
-152.50774319493618
-143.7800727268112
-19.304841656904824
-344.68672658964016
-139.20697108548984
-130.72297695916654
-7.160570555458777
-7.150150926403879
-135.88034786079277
-238.62236150162582
-128.8455777754991
-259.65727152461875
-134.43078825573807
-247.40678009754703
-255.71823598977096
-7.346810870183204
-132.2598825636467
-137.25694528427093
-265.8216281813703
-245.21069695942109
-135.0342147969458
-133.70511762965648
-399.47574059046394
-347.492718301202
-133.59479300693118
-137.87936284245168
-388.16567850450804
-264.97950866900754
-260.80079800860733
-255.00047535052798
-260.5706702498383
-130.16416620073718
-383.514280648709
-16.821574553029695
-136.88683943282135
-134.4255189540177
-433.7185867722687
-248.7400613377264
-367.40825051600916
-263.9495994464608
-135.86717089720892
-124.70033641777829
-268.99638038626154
-136.87327620193182
-243.33730959189245
-8.701997248612352
-138.0777981970424
-130.07829625167966
-130.40906137932308
-258.5509463056476
-133.24682755457786
-371.5542312864673
-140.47877226280912
-11.607091148943988
-422.326521507516
-141.19963913915603
-301.4278497936645
-263.8470379593049
-141.10054395446977
-135.06657728837448
-144.34003332461373
-258.5624541327223
-141.0343345842741
-133.11853174335317
-134.09016843988894
-401.09977316733233
-377.35456917483714
-142.22443215619552
-136.962582947847
-138.5804617217331
-141.48232706828068
-140.74571197098982
-135.4632183817048
-122.90232508422588
-130.13716524465775
-9.179508521012272
-275.23508039461706
-247.24089414679509
-133.68982003712117
-133.08349133567518
-137.56248985222985
-6.656406999889015
-364.27694193547416
-135.02806398526917
-132.5694083826554
-139.25875045939011
-9.322064402389866
-273.1378309500808
-272.13448379691886
-1491.0853302453856
-17.730743598146987
-135.27682983428278
-1492.6031273640986
-128.37503204290377
-278.3495969887009
-4.537362608111869
-338.98834623004836
-130.69525718664562
-141.3606180033127
-359.009221042032
-243.28664138894956
-131.91766988149544
-322.231123510028
-131.3747383228694
-118.92574760091681
-129.58501506049166
-244.13529428859619
-249.5970564880336
-122.05084593205761
-135.19639248301417
-132.93004890297547
-132.67256018675857
-249.33147582534718
-123.70789183175191
-138.3554739248285
-249.4335530956749
-263.2124457443975
-133.52258949338437
-8.331212928373976
-8.155481640227547
-248.40324537557433
-232.2468246436393
-135.76965664138106
-6.21472430661784
-129.39115241964006
-396.19196722359135
-130.35903469567785
-143.91729251961712
-256.0963731679962
-260.83062578463006
-140.90838651883286
-389.01144851507286
-135.41916291660064
-128.16761457381227
-133.0613141155396
-258.4432271476001
-247.3169448415949
-7.996763004797444
-7.980294968010619
-126.62113780828479
-127.38521559505321
-127.41767082045632
-116.94430732997117
-6.039467287665875
-133.17497379801773
-241.05335192575947
-134.74398485717694
-134.62239203428206
-263.31483190725686
-319.2889729010423
-255.81101333385013
-131.86384922367478
-324.2111021724318
-132.0520758348271
-135.95011877808685
-3.1659731879689708
-129.15145117753212
-366.4954589228512
-266.64462106410144
-149.48956387497662
-271.0892135720591
-779.3931542759453
-134.1276375769852
-136.5907328860416
-135.20383746301798
-4.09212938935126
-133.92527002351423
-3.9172935338768986
-121.38951197659738
-128.85070701103794
-135.30546085186342
-254.0541265077307
-133.01759168171918
-266.16969310912106
-131.32329205173735
-125.58432635440225
-131.3285050918817
-132.45720565408254
-252.69659979516223
-132.64860016545475
-136.2665794719899
-253.25257964967716
-130.43692424016197
-131.93957087944938
-133.7165531606693
-133.37950682140217
-246.91594875515295
-120.40184940248162
-5.500948919212648
-124.37871935120239
-123.52236450741258
-9.026433322373297
-6.827781913165053
-133.60979730300562
-246.65838881294096
-9.981898569779286
-11.21909103074018
-354.9084179753106
-117.41975355541905
-127.22630496710784
-350.30187621957197
-129.03716466316993
-128.89355291233593
-120.13110561997438
-131.63888940020087
-133.25307693011723
-259.33595738280985
-8.004605540593024
-132.15159988336555
-120.3895100147873
-117.80958119538673
-296.3328671213558
-3.6282332534474975
-130.25764155897568
-247.40205634440585
-5.874044144526334
-5.423437702698751
-138.34820093017268
-262.91496425163865
-132.43434986566982
-132.33012388700155
-350.82446078627396
-126.78346968560501
-129.10397692311125
-134.85165933197732
-125.44706655141138
-129.53621551799503
-130.04910400295716
-127.57857897222691
-290.791538315048
-246.39269821999255
-127.2555115318116
-127.7522471881123
-302.88134736938207
-130.50079514749308
-255.03503428415894
-253.20440191893243
-371.02617385364397
-130.98410713890266
-127.74927868678972
-136.22574904419042
-124.18518841348249
-131.74892149375847
-241.2979273336327
-328.1074325260924
-137.14825649171343
-227.8398985681919
-126.30327446002181
-5.122497118409703
-130.50884393272565
-357.18060918395133
-1.2063120965039673
-245.8255048615099
-257.85631408508857
-357.8826310116236
-238.14628677242771
-248.0191955714042
-4.396859810167696
-126.45855067492369
-122.50870128323263
-248.28804446093457
-124.9749782799688
-122.32206861437679
-128.07488448318549
-468.0918895076894
-129.45447308058002
-134.68964010603938
-7.7504540035028056
-3.549483926098847
-130.64683280639815
-1.9943796918926844
-4.076193937016907
-1494.5883910279213
-8.559363976959556
-1497.7929118482969
-138.51982679153448
-129.81590992130896
-355.9226526724105
-250.39230040967405
-138.34320179007008
-252.4482578168865
-128.4943286660428
-127.68607925964609
-345.68862858841675
-240.76206115624186
-1494.6582640470538
-123.08794805116176
-129.15195366187976
-126.51434584009556
-252.34682134284262
-138.8763033616028
-125.78559793154378
-1.569292866482326
-123.20679131887023
-125.35585642458072
-252.01657056779013
-240.17600129377036
-134.154282518243
-124.73065249039013
-134.80912272188093
-128.7170028925218
-125.42054164341393
-877.734654729191
-126.8220496182818
-383.8482583721024
-129.9923361194773
-130.1573360830849
-131.46415998610135
-3.626375777510132
-0.8385321339622668
-3.45713195393499
-2.1010445062413523
-6.005705498593206
-126.15874569628714
-249.36279327522735
-242.7711773233922
-240.29535488083295
-116.92687050249775
-243.0552945407708
-122.66974006446554
-120.59150272941349
-3.9063372008743156
-132.3596477300144
-4.32437713079096
-283.17713049936515
-3.4388312797461524
-354.93241556353627
-131.58328983838905
-131.84786986690798
-132.45408411668478
-132.3671694457396
-5.520521023744951
-11.818235415635298
-8.01715413597455
-119.43973642553168
-131.99785575965987
-129.33220166652865
-134.11155706955563
-126.48228358571922
-269.61207637841403
-140.64031577562946
-138.08844369067359
-11.89910780273082
-276.33706836547196
-141.0747068814554
-146.08006704525454
-131.69231570060688
-131.40585745006544
-141.80964190612607
-132.6615762253323
-138.1340978742415
-146.9418742082649
-133.19381789009566
-134.57711345123818
-133.10514624341832
-255.42104876831317
-130.92334357884226
-4.368470367511099
-133.972377393134
-130.38479209433245
-134.75168792805212
-257.3577826719719
-140.37398570409482
-374.2730568144037
-17.231628286096633
-250.73578495631847
-133.1876845154079
-7.754128312522004
-3.073204867591118
-263.02089037569726
-130.99142027999034
-127.27453693240871
-254.4203931831374
-129.00505610858136
-3.5374461101921777
-129.13441719639934
-125.7852711494708
-129.15123257627747
-276.96362672328615
-266.4309662808588
-129.68808717580376
-3.3258998210594375
-383.41925311549204
-137.80486735864775
-246.69993010236658
-139.3933891387029
-132.42815690260326
-116.69398022477972
-130.4379059969956
-128.32073110699648
-251.90034303542802
-3.91950809857097
-253.46681225677784
-137.25823726757304
-140.1534132632083
-8.597525461402265
-126.32490682640457
-129.93619700404594
-125.81747968001241
-266.4771219943785
-128.2386164761012
-395.46761092476214
-261.0756897572366
-134.24732090792676
-127.69733321902632
-132.53386749261628
-247.34776139816333
-368.1420676683526
-132.15877517946885
-135.04780713345374
-1515.6665776622917
-1.9640974846036072
-4.709693658097607
-329.3820559174501
-399.2964000285038
-121.83821113822799
-264.4257763374692
-137.27094390044184
-126.11199936453953
-2.124439576815257
-135.04921310017568
-244.05031568259972
-115.47931840794233
-125.74033607645312
-133.5823735881953
-307.700123046035
-126.5621259468113
-127.29525721727649
-124.33791045883706
-122.65294024978172
-135.98612524142573
-275.08050883016995
-260.34824817025157
-133.54114774215495
-259.8530018368416
-281.8908272111795
-137.83268812779392
-244.483894921756
-130.02629584072025
-125.97682242259152
-299.7262129562045
-2.378771250488496
-254.45973987631
-130.08807070861997
-1.9054549916296797
-242.0023947974821
-130.03069382276067
-131.9198009373002
-134.6872474426029
-136.42260013610536
-130.34986024517548
-144.31226791043233
-131.67925963854196
-381.67496000091273
-132.60690470228133
-1494.4672823817534
-130.01430884647405
-133.54303030113647
-128.17498743945058
-129.30288614987586
-126.86215466968686
-122.54689108440945
-132.02263177062213
-131.48679970325497
-136.40183857530295
-285.1493356820595
-259.94149329130676
-270.3541851060561
-132.27759401928753
-131.62887526559118
-282.8226119635406
-243.4113753911568
-129.89075245399033
-4.436088223194098
-130.33192320511932
-130.55009651741005
-132.31874176748522
-2.751655402993178
-253.9569094506976
-127.01511632786382
-128.90046333294333
-253.79324155714508
-3.47688802924011
-263.68203095126484
-256.5652898701623
-248.83525650656927
-132.96717606616107
-134.4364815639549
-248.80831812543622
-133.74184407013232
-2.2021032582106064
-533.2437894538028
-129.46638195714885
-126.15216229142113
-230.42579457458112
-129.25998806807254
-286.1327763365622
-127.1485278600604
-132.60748834895526
-2.533044648510538
-359.2949260508114
-130.1327262213685
-124.13646993066926
-3.2609564125248376
-126.4099225040312
-132.2773365529953
-259.49220156438247
-128.24380154435175
-122.8372958725999
-248.49609246271413
-250.9436431194042
-132.88825986277206
-251.85074982515758
-251.51993270218543
-265.4206362941435
-250.27563661600152
-257.84761390741846
-132.32938154217533
-136.30377089681744
-138.5381687539
-138.27848006828867
-11.385747263493425
-128.0948129676423
-135.29283918070473
-248.51820310884887
-348.66902533400537
-136.49245534878915
-130.65397595243286
-11.88410063767158
-307.74138986658255
-261.60081392912275
-135.74189779814114
-126.33342495515288
-136.00449245884383
-249.48345987840347
-137.40674284398665
-138.92787804311232
-15.756120571151596
-9.918564349036224
-258.75586285170215
-706.8363242192685
-129.69494238472657
-2.268763867312856
-4.576544087848805
-245.63909792879346
-129.45182370370458
-11.29217220655591
-4.560936215949122
-130.52587591697406
-128.2978425217339
-128.26030828066303
-125.07621719342174
-129.45826879208045
-238.61906731503657
-117.51717609903267
-129.49172459223897
-130.68919988585264
-4.200465324591253
-116.89753867675425
-239.76201904647627
-240.06671670835283
-247.50437597852277
-251.0615016881838
-128.88937511092269
-128.02498185558332
-125.11344436247718
-255.8818085457498
-253.44145728122393
-130.595227465398
-129.79897570395914
-131.65343142812168
-118.26156007672638
-1.8603203549382117
-130.35253364404304
-127.89591908078106
-134.79536210072686
-272.14959907710494
-1.5440688710646118
-132.1151509474971
-803.795598511431
-135.70073242705294
-248.86543467828128
-374.03852385519724
-316.47331435259645
-259.50282777815596
-262.54788729467333
-604.7412124997879
-259.1388628223562
-953.0733054565324
-248.9231234131365
-256.07308440141895
-138.11418236071813
-1055.1623850606386
-136.21580483318962
-9.121453712875116
-1069.6597339741909
-1372.454401136596
-9.766163129466914
-434.70451531819396
-9.467566130658081
-544.922904658321
-5.759835987818412
-256.33790646111316
-131.00405204852603
-137.7570741429406
-131.89247125730952
-8.90688080683763
-126.3076708364432
-7.310821863596986
-121.41083561543233
-131.59883210371467
-372.69063515562095
-244.33672662077709
-8.401608257747588
-129.91860826200045
-237.78816425688834
-245.19252167802674
-132.65253085315098
-132.404998458368
-133.79334844514565
-125.53372244175988
-253.36259871643318
-136.03162332360355
-348.3559687302287
-252.98898010465217
-129.55253489320404
-131.82920332506083
-249.1617812245822
-250.8964630382546
-249.73770759127598
-132.6355030349574
-6.192908585989851
-134.82729442249612
-135.71818873357563
-6.472423629039577
-142.15091660396934
-133.9903997799384
-130.30625798162436
-129.63446848356028
-126.6828757870246
-131.7930394757886
-129.26725411144506
-129.25497949031538
-128.87723726073713
-133.2011295832045
-256.40646074567303
-6.595530241783043
-254.25734557534554
-250.590016297005
-129.96023565131136
-2.710254981596687
-136.21341487717677
-140.48937325290956
-11.631862421096933
-263.80227926766656
-458.5877055117223
-396.86975597127315
-1493.0299724752774
-135.79013693921394
-126.72394555700147
-125.59212501799689
-304.86742207086604
-129.25973659978825
-257.33076662971905
-7.312113786077432
-135.90512584628385
-129.7846048465659
-132.06455970599367
-257.78357223501337
-255.70452067919967
-376.6618669655348
-129.67530611195315
-393.9775867235913
-247.7278858694094
-6.382861164052082
-139.6655081220166
-487.8085623947845
-139.47610214650499
-293.54505824874065
-139.8366028954289
-283.36125508722694
-1499.1185456991977
-131.65805311816203
-256.1103217688059
-132.48141980002524
-257.9331748032866
-136.85037298182564
-1492.64469560223
-257.4758007446591
-136.94172125023607
-124.64384091115974
-350.2554265772239
-273.13756549555785
-136.20976432917976
-243.46434294297902
-345.58211952461033
-8.268214133497501
-127.19449770038408
-132.1182283239459
-9.095310506912428
-130.626035027804
-134.30551743604306
-264.89434703150954
-130.5252285819014
-1491.7483566393807
-255.21385107975664
-258.31601785583865
-5.461869377750026
-275.5062653243182
-130.4255923683261
-298.4593125706976
-138.96630023138394
-292.1727631077408
-140.20081578152764
-131.85181058323482
-124.91194165782099
-243.19600176594216
-364.61067753323204
-133.24777771646512
-129.45198114647462
-138.31202200225147
-243.1050758074146
-133.06744098843228
-245.44230662610428
-268.3408260356302
-243.39757285567586
-132.86656462264082
-135.5024867974863
-125.66719359422217
-127.19578069802965
-126.06481106274072
-116.90365062055622
-135.8375904807371
-131.088341264325
-6.894337028927876
-248.4248758056735
-266.38562491001824
-8.731470691078195
-255.8284004065975
-9.61400073563541
-233.08787392231514
-3.42581494396224
-129.97475665301602
-128.04136028375953
-126.20137404629493
-249.94800739420504
-133.24596661848824
-130.64770480963833
-132.99525817819253
-5.847022197593432
-381.59762678585776
-254.03459182121836
-128.13907779615548
-129.29186048647512
-115.2566240474741
-358.13077725575874
-124.64900077179354
-3.241017214313365
-116.67956582607614
-372.9386598215236
-125.38666240057844
-239.53984890501698
-237.13613836431486
-244.23650563200897
-125.58959792768323
-247.24466737689016
-129.8998951877285
-129.6157788072669
-241.48010840984153
-244.57535455209094
-137.31834396653656
-235.8202157865487
-363.1297418483298
-118.67020289401405
-119.28264424824478
-125.5748447067337
-122.35087060519739
-250.03877763678048
-246.05080898621398
-247.07048798341367
-5.2445447290526594
-548.2227834443333
-4.688142599452159
-125.91794724242423
-127.06964493260038
-273.9939383804685
-248.9220203858125
-5.627788195294989
-969.6877442872792
-129.16423632463602
-918.9310821564129
-8.205683090459766
-244.69297769793198
-128.94759855541247
-131.92768900485189
-5.372194526885288
-5.340185329187172
-131.99125907398218
-262.88983127952764
-17.28138378684144
-14.293776814046026
-13.382311397158192
-11.3567717135481
-255.7452993386909
-131.98866343070213
-122.0867155017566
-122.58354859148476
-136.76838909329882
-248.52444699678048
-134.62659187308407
-137.70482843683214
-265.0907865669695
-382.5425632078612
-131.53114379157412
-133.88294045901893
-259.3903652045225
-342.34193049570064
-128.51723248438373
-129.1747807881121
-129.54124596183055
-118.96891451592339
-134.5969211089475
-11.121910496009683
-4.025561525963605
-128.79385817007136
-119.23813949109972
-6.651947844434841
-131.22053600841383
-127.13316184783052
-2.573461384079083
-132.12849503458386
-122.67118582878179
-248.84140105632454
-255.72853366185643
-125.86193496811305
-243.5920955966204
-283.5895813949416
-129.1146974956139
-131.03786750407383
-7.817749844720278
-130.00069166034186
-242.44630079927566
-239.4421812061703
-131.51711086492398
-130.03369821162454
-246.8023277736643
-247.31606978604208
-126.21651003541655
-129.13361520581586
-2.4373544824713385
-3.270930589260137
-5.178277684669571
-239.52024018059643
-126.40358373563416
-351.271918192671
-123.60054974926727
-126.86969555474215
-256.02231146365153
-239.17599800130284
-247.07818851122275
-130.91362570792882
-128.10730433418942
-3.4908601062318008
-1.7699486407728378
-123.78247717878112
-284.34742060993693
-251.0195774709086
-127.52443451481867
-6.342874006357533
-356.02876689212013
-257.89030654974096
-127.94121913827301
-239.14065101148682
-123.4522664612258
-239.86169217165775
-121.56821930572504
-126.49709743625226
-126.49712779760948
-238.88295744020652
-242.58313031158227
-304.2067011802317
-262.9758024102703
-127.62225248612056
-127.18287401873778
-130.19004704059589
-121.02315643613649
-4.249448092399923
-126.2517877724493
-14.546923180615536
-370.09699722119115
-3.835740707913915
-266.13062677270824
-256.04553670465606
-251.33007859186105
-240.1556071848979
-6.307684748598949
-130.484872716097
-126.83886756583179
-123.32278847936023
-298.7028737907487
-244.82639436506986
-269.46738145462245
-2.494623270295483
-130.24920727910953
-123.52693347273829
-121.30272036373772
-6.929199325962025
-132.866540162564
-3.11696414973489
-128.8034782825165
-252.09092933345528
-1.8168676416475145
-122.72635987994087
-128.2639522185389
-121.93986115928257
-114.62839028904541
-244.7162229225978
-127.05906016558454
-125.59119579618854
-132.4026173882199
-124.19074136912096
-260.992401449133
-247.91333720496934
-120.2016066170624
-241.79443575953567
-125.56601632916629
-127.87656433340906
-246.78464512205608
-243.38241296202202
-1.9461833049237658
-5.275024671215586
-327.20544847751415
-123.2888977220214
-255.642356845302
-129.4630563684519
-135.91828564120112
-6.401570433884601
-362.5838164441267
-229.50437507592818
-3.77380521788578
-134.0162043006644
-252.46374611951302
-131.06844400152778
-259.4735306543858
-6.2047197213293
-243.28253727093616
-232.77097485915004
-133.13356412074418
-127.80577207016357
-132.46258403376814
-128.7284953177289
-351.35677479447435
-472.57685291604236
-126.9851877137224
-238.15507967608784
-306.262405665027
-132.45024156572455
-247.73558525709242
-370.61367961302824
-118.55459873327275
-127.77295256464328
-359.91508975877485
-138.11188972724884
-6.466264058667293
-132.2109997852551
-337.18232959494867
-235.99782526041574
-244.89866660904326
-120.275012579428
-242.17429590908262
-130.02256215920687
-235.70000558288172
-286.0755089960878
-122.74984123812484
-126.16734631076916
-247.4609302327638
-243.0812862822502
-131.71414961517823
-128.72168764205162
-244.41626508587996
-122.00126150008718
-920.3588144674181
-253.87322302495613
-244.89838724047516
-260.1751217217788
-135.2693155322411
-131.5807226086335
-243.97007014596923
-265.7478503753462
-138.63192461178554
-264.44764637844355
-311.51605369054516
-127.78054556103851
-133.77877364723247
-121.62577541578415
-248.1216380730637
-7.946337865373421
-132.2180025900859
-130.28734406305648
-131.96305920321745
-118.2468864103584
-123.72848857494832
-116.00855482420303
-120.15522094266358
-127.62420332514994
-2.727926041709911
-1.318451220693512
-258.3814548664676
-123.63393828033435
-132.84481484541382
-377.8408369143195
-373.8601309002844
-133.3567073436031
-244.893327125603
-242.6846957171095
-120.65760890653036
-246.79816902016663
-4.103665973186425
-126.0252651886545
-126.74573752476158
-117.1361680780103
-247.6161459763636
-126.80977901681861
-2.9646462664963207
-1.2295840820062829
-5.11014849903801
-126.88090432968423
-125.14209210970103
-293.68676663226313
-242.0907177616546
-125.55162360253907
-367.58851390930784
-128.64649221009478
-253.26827997867315
-122.82049047312593
-128.8733174505449
-121.53270924474967
-125.22025057131282
-250.12945271927003
-127.40736053392718
-251.4033384312628
-244.00991193684567
-639.1406303035047
-387.97342323044865
-129.7917106336382
-249.83599579805568
-248.4188456550053
-257.90782345810766
-124.12087684557488
-116.67083742835763
-126.11028014344502
-2.0367632641218076
-248.05442726367576
-4.107124542590158
-240.55601723682614
-250.04676649193576
-127.50210035338239
-226.36781485290868
-130.18445170308652
-244.2712561204964
-128.62736947741774
-132.20663553083858
-259.62611435609443
-21.82931887358184
-254.1085252204055
-267.17690094866975
-4.93836196778021
-128.38801395628795
-242.99161756583564
-128.5878588087215
-371.1195300492347
-131.2842169346643
-128.9596073315588
-129.19345540408395
-127.60148751870895
-248.92918408699688
-128.7975472996422
-5.728695003512957
-123.34354815502792
-144.75716309956442
-242.69049361446625
-132.185647933466
-2.6102359964969697
-125.89735792730893
-129.15268979914381
-245.2727373994766
-131.88823192594498
-252.00922946471428
-128.41147354851557
-115.64034290983038
-120.37364579565957
-128.93164554696747
-343.93093872909014
-128.50534132065732
-361.4232308250476
-3.294129024084389
-1.6523889864162513
-389.3805664142392
-125.36799206397971
-238.84816700111415
-127.05232374722499
-130.4276803254183
-377.2665582638583
-244.9595004122378
-134.75701417009955
-1.7714867119242503
-131.32627041308552
-2.060407954186525
-130.6400618151417
-134.34292877467823
-4.756933888211169
-134.01088650905825
-260.2358900059705
-247.63079556469714
-121.02973454432151
-133.7454593668088
-131.09609519900434
-128.7236823402468
-330.59560952526584
-354.3992059149888
-130.90951610219477
-244.58294002364653
-250.086882920023
-125.62349633115281
-242.12510206658348
-131.34795269588926
-121.21785127342952
-247.37486404908753
-246.65871508220772
-322.90606362721655
-3.3418635109952186
-2.4904956613981506
-132.25014393015468
-126.6607821156311
-2.012230272043176
-130.8235791157149
-245.55125716668246
-129.45857344509662
-232.76322990607545
-5.18832056567778
-131.46953476923065
-5.64340361095106
-7.710844400463061
-130.13773374858175
-320.5659419250577
-353.3227238047084
-248.15211557484275
-123.3500475443548
-116.7208402126955
-115.85217959354341
-268.63700407616915
-125.48330203638217
-250.61442384042107
-3.2565944980040866
-138.01511883013882
-117.48569954379307
-128.9679131895687
-133.72190523549543
-7.100583786460737
-1118.5303990222062
-126.92680137177847
-127.12201098501514
-242.1073359859621
-126.96418205138077
-124.82210267122697
-133.3457470659356
-118.22351907266506
-129.60127619023407
-128.33036661720186
-123.09841365310264
-132.5076997081766
-223.85458694859898
-502.05699923347254
-131.0273181065698
-131.6082248547954
-125.65321366794178
-119.94925290143297
-5.462929276142327
-6.072711117655281
-250.72662401591828
-249.709148363191
-129.9037699293265
-234.523248713764
-132.05417018928839
-256.7041926125226
-246.23821871238513
-130.07773699227877
-131.75798011801422
-133.66957979891424
-132.9363497980768
-241.46694274265283
-5.43471012397732
-129.83049434374715
-115.55232231954308
-6.9275807729415355
-249.6340802472285
-264.89919153856414
-255.14067601068427
-122.01871548128202
-135.11544155836637
-137.29207198628487
-125.27274960088494
-128.3942165114587
-124.78883394741815
-1.690549066685361
-137.28822899503817
-122.15424265255832
-274.2916461635884
-120.84463263349178
-375.05155564894983
-369.14322014079664
-119.5403520585204
-245.17091897785738
-131.702745140581
-258.0110707192197
-269.7794373245466
-252.1229190826773
-134.98807240450319
-131.172620597419
-120.72720555729248
-133.93538501719058
-3.355845824634057
-134.61334426432708
-132.0726225036635
-133.46492958289022
-129.6174770305962
-133.13327475545864
-121.5462284317989
-2.6764139568508236
-247.26341807490496
-129.64136806756696
-131.20664061622446
-239.3227173359825
-5.014649075794463
-342.30862651312754
-126.32176435934849
-130.2967462338919
-360.14255329583233
-236.60220747581127
-4.275567861123214
-4.369859847061422
-3.4234887357637076
-267.31846872131905
-118.64769127047524
-118.4824396909745
-125.41713565932348
-122.90305868047396
-131.75308291568209
-123.8502630214867
-254.37003675881385
-132.46697705557636
-131.84055059894854
-4.063413333473359
-114.38314558582354
-123.82207791084939
-127.2034948630542
-1491.1170902912183
-126.6295960012565
-239.78115689607304
-135.52660482582183
-127.23511943055833
-240.02426157236147
-129.21996195558307
-237.13958966162636
-133.52862499520884
-123.09679464546277
-137.13881593670908
-133.9638996803741
-135.59489173546794
-129.8086112660152
-247.00976904533965
-126.5820849187015
-245.68502322852964
-121.07423440871882
-132.50715630854137
-5.9865542279613555
-238.9875697452843
-133.6675534290802
-115.58085509895095
-124.85999924142122
-133.4708731771661
-135.81928133598535
-349.78504590572413
-244.05925734241745
-306.128259150309
-128.7051750563742
-262.16801866373925
-247.49341374310566
-133.0013089851817
-242.01559167548228
-125.48066955183374
-247.40540456505457
-122.19647064101889
-133.22806953292965
-265.43301703258663
-252.55899645343797
-132.24901962304827
-240.1792671633648
-125.13217555023081
-2.1339778347474874
-127.63179497281422
-240.728817925467
-127.51503941301915
-354.1304299676297
-128.64220284979348
-245.08232332031014
-133.42860829185875
-245.8130171510484
-133.24414365848952
-123.25651917270835
-258.0495772987978
-5.144926711245162
-261.17610549923484
-126.22028642585083
-266.48615914130687
-125.79860806415729
-135.64694098230783
-130.49681629846623
-244.10437268584155
-118.59442768819444
-126.35771167653003
-126.32862854769932
-260.12889088966017
-133.12131426094663
-134.9199396147508
-129.84378995410736
-116.19796135296546
-131.25116813280445
-132.0231989736147
-125.52929136439892
-225.2738277691156
-239.13398875845047
-421.9575339197595
-128.1070045858602
-125.69331410606165
-251.77233571541703
-121.78613634699295
-128.3386812900167
-125.42333117344826
-340.5934985558504
-266.76965818637433
-3.3579410876280424
-300.7705552109861
-137.7914738897618
-11.011117675682268
-254.46944797623678
-490.2455209337096
-386.9335336401787
-408.1134049125779
-363.0408310080905
-252.73531824620508
-1.4564066199834846
-119.44864960244551
-7.035319298296004
-130.92284787890776
-369.8114699314659
-130.67044485796322
-8.114048235972845
-127.52108336416393
-130.18673189664753
-376.4252605087393
-130.6608127368684
-124.9939548104454
-132.07141383519175
-126.43582450345875
-124.76547717360467
-129.6352964165488
-6.112106238593798
-1.4152522005729482
-243.8317043917568
-250.2383364900069
-124.40804955672648
-123.99776216198138
-344.1900149381523
-121.04439252270036
-130.2052714862838
-126.29761786037682
-127.25048776488478
-131.6726450173755
-6.4068820486314975
-329.05976586423617
-128.17897154443042
-254.2497019843347
-128.41395358217576
-251.85612285664644
-244.56588952998098
-122.18675032355488
-126.3717469538406
-129.45842884038677
-243.53572263085172
-247.48363093158005
-135.2917596702375
-254.3054967676425
-130.47055735040584
-2.821798422690441
-128.66975322472396
-347.6321768042075
-129.51293713196458
-1.603590533013908
-122.41166041812298
-134.18601811756892
-244.91066822086063
-530.1106246801124
-132.17124900744034
-125.10234023473402
-121.43188310011318
-131.62706284836352
-251.788839498039
-278.9591241815687
-132.94049844307762
-122.44817646946034
-4.993272868699406
-241.61773381905468
-133.73515379681965
-3.766403543326395
-247.43413018076814
-125.10750695368368
-131.7443092584801
-133.25750851642474
-116.40191833617858
-129.7646332766762
-116.95705707419448
-798.6191395564747
-131.41858788944825
-246.44009944114072
-795.2934971695659
-132.37768594098634
-243.09537046395363
-248.48326504889027
-244.9722075824253
-244.16924930602124
-244.5106775442907
-128.03998074290422
-234.05722447766598
-129.55134628748155
-241.48788959359675
-116.21398660103428
-124.1892034796138
-133.18665627039871
-244.46812028952937
-241.40087202879664
-125.94554602702061
-131.37062650068884
-229.42312161632424
-135.2688426560004
-252.36443292542268
-130.80278255690308
-243.82789415325877
-126.66676941155568
-236.69288368684363
-123.62961911654878
-114.74313395586726
-126.32116325975005
-131.2412430290882
-4.946429855188664
-242.04233264525666
-6.337915943981817
-125.89435023578046
-226.6615892768441
-119.58275890615349
-127.47078437370972
-239.48232918683186
-4.35645925107013
-135.02797455405056
-117.88321576027766
-131.78236600577023
-235.70351633289286
-238.3443068583292
-128.0548148025636
-353.1465678765831
-128.53583277376828
-251.81422550550863
-240.04727474082708
-378.43824047503983
-134.74033736045845
-128.8990733967956
-264.4465115749701
-131.0980482794306
-126.16337877723835
-4.436481635637385
-237.6527981144178
-232.07443780324664
-257.9393601215022
-4.470878366981821
-121.95479898831881
-128.36439660826952
-340.2687106730358
-136.13541449741473
-6.023265829826289
-128.49221413582222
-3.779236145072678
-245.71458209068817
-132.48546844265067
-5.6779634823054
-243.33198160258814
-127.55053479828607
-139.69048388435863
-123.8986382941369
-393.78433239015186
-122.13203361967776
-121.39211538017295
-130.9514710161208
-7.07378894369921
-132.19908582027904
-129.5390691489358
-130.51555132500658
-249.21840138674818
-126.20031195371666
-123.04872704676302
-308.07099603352066
-362.2972523419258
-126.72919593196035
-246.60491679840564
-128.07319740544963
-246.89639345785704
-8.449374053982408
-4.420298206820893
-130.4030143696244
-134.99400724797349
-137.6186098457433
-128.88581232713196
-293.3555470118229
-133.07191666708354
-4.956638868113914
-129.50927788764255
-5.2809143158904694
-351.8541408334394
-5.7739584901273036
-252.86341734975525
-222.97764126076586
-127.55479558160393
-124.3416504281848
-6.104234843466309
-130.20397194889134
-133.64306169553308
-130.1768149199127
-134.84209984713905
-132.15424573407748
-241.26828057194885
-6.027540154520559
-6.4297386892857675
-126.57925109128706
-359.6147970606964
-3.7729524174710827
-130.33831356051763
-129.14878702127405
-230.37398848144954
-135.26477160785743
-255.1386718175005
-134.66314553097664
-266.3107855576002
-135.5244649449279
-1.6388063490513616
-2.7347781063003316
-132.72188074240105
-137.09752064498716
-252.69911666781056
-243.73177374380992
-123.51259574401999
-130.5335396839342
-130.7134968539648
-126.50708629691829
-130.5662057582886
-135.4744807027491
-248.4255609977665
-124.21631986619819
-130.38356983082488
-401.2267606936264
-130.66195901594165
-130.68340664572847
-260.46146962738425
-287.49931569226476
-8.536859379281008
-137.55789557760417
-121.87971970088046
-9.206053151942948
-245.35419150842316
-138.93409686556743
-139.2196068211279
-283.0446304513244
-135.49687238325953
-11.218966945867026
-376.3404877703422
-139.25367541681217
-245.44765752077905
-120.56417673386856
-3.985005721329102
-126.40309085077993
-235.3602490293965
-2.11419055636592
-130.28212992959345
-125.09491854633568
-127.94289831191563
-126.29432597060398
-126.16661274343419
-127.89300051100695
-246.3283240022169
-222.09620232959222
-131.72360894007397
-129.27122537955333
-120.54789929185425
-243.83914023249505
-132.23729994572756
-243.67237410828494
-253.30091084201356
-248.99084552614173
-121.99101423898051
-126.98383047593022
-127.24050324307406
-122.23996399430685
-125.68087444198969
-2.0974799500141676
-120.10019144574589
-136.4460136183098
-242.20924791891215
-259.637700206861
-386.95724238222164
-245.76857578259813
-133.64851532285118
-7.019800713547838
-258.39323780389185
-132.0020578503101
-132.28082392404383
-239.2527359757256
-132.5491356056283
-123.37862748124807
-134.16434137477867
-364.7831055408863
-119.14968210159033
-124.86688776045311
-232.69146103016303
-133.5715030823032
-124.99590926571085
-120.40717786075585
-118.35469953863235
-122.14260273675339
-240.6585135540702
-4.69503282931716
-243.68252519253423
-289.21697669314347
-122.79063924063934
-128.75264370337842
-130.44824251535076
-247.56888690398176
-129.3791231624959
-260.7466483768212
-243.61775560862748
-132.46146829615284
-249.03878973553952
-348.72709596379707
-131.92571569368317
-117.47877829632485
-245.59058448136082
-239.46696997957835
-255.61621617233772
-371.36465850678144
-7.601540075614998
-129.8791349242542
-128.80924273331343
-255.81758130462842
-130.39977933941168
-117.80710142081112
-3.5005524411534044
-123.14812891617936
-126.49011065667982
-128.2595158785099
-126.41769631306244
-250.0519507676582
-115.99760771827289
-127.62438111178996
-125.01636523089215
-4.053211578351123
-292.09189751431614
-129.8330210648816
-2.3369009354139627
-4.356741211356165
-4.975628567133788
-5.539425541003445
-234.28218524881368
-4.455873823936881
-2.6804987957580324
-122.76013835517247
-243.6169076224157
-118.97907913587935
-3.1696240316687465
-128.39900567162576
-244.51350539298335
-249.8781524686328
-362.0140189876606
-256.0174749562855
-458.38435983814065
-124.4922339366428
-121.16110154903451
-6.105131354097849
-127.28997969853879
-131.88091525789739
-130.6076304334775
-242.0623999770124
-131.49023610369588
-134.72668428401633
-131.81054933672647
-123.08400481960547
-6.695768884023057
-7.278715539079539
-132.31429521274393
-122.36895608260927
-250.57278153165413
-121.75979605786995
-356.32310816288697
-250.45874476698273
-132.27447106577063
-119.71470118879166
-124.94688443498502
-132.08444307884363
-8.789344418926726
-133.2153505280103
-119.3452349465438
-329.39274592074366
-256.2823451816867
-119.58541623648532
-134.74433626675793
-128.65660867639204
-131.87519743436548
-130.8757324262922
-128.032054426475
-344.076738821509
-247.2420764435371
-119.83420692927695
-284.4061411882467
-132.62901287765936
-128.55339192063732
-114.35442184027335
-130.6012576918012
-2.123750705227093
-130.48606669453474
-134.52485413160738
-224.07908855393876
-128.2453132751745
-134.62278631083245
-125.71355564382725
-242.27033197040296
-1.7917974665346026
-127.41812959585384
-119.45689841365926
-130.77784346793777
-115.15463404579552
-130.9439894892339
-247.652137387263
-249.1039593519369
-129.04344082842292
-130.10160097314017
-127.88465331361064
-127.44707595459421
-121.16543059212425
-125.57150556261305
-3.585713007514147
-134.33767449574506
-118.24604008813189
-131.6209333911325
-2.1783691185852216
-121.65165081278712
-1097.226167000979
-222.14209368116883
-117.15771854173015
-130.33955717542975
-246.11692526272674
-1050.046351951631
-133.48330275836798
-5.096354754445649
-229.92268045212754
-1249.9736207604878
-126.9834100578979
-227.4729655115385
-1228.1158154319444
-128.64081876208857
-2.9600435490585086
-125.60119372470574
-130.15000863609873
-5.598436563413183
-5.778975937383315
-1240.3796120872103
-238.53160721378308
-11.79444975088149
-1460.0711638131986
-125.96616899003766
-1487.145459191392
-123.28345996510974
-129.31048725290765
-2.7641172618836416
-127.51588480414736
-1371.861259530364
-1263.4516241505403
-119.78382367254117
-2.5120408169363144
-233.49359207598897
-1401.083578762529
-3.285335160875083
-128.36105437145696
-291.2510427021029
-2.8000824459222424
-115.81854802175202
-129.27293388823747
-3.8835554375164008
-244.16176178017676
-124.14369915927013
-127.95312328301118
-1164.700801564784
-117.90567131898653
-119.18841269241332
-123.31779976185267
-127.01263953843727
-127.53054608104738
-130.7117828566917
-131.24011977302982
-126.65305262602249
-125.70504747437501
-125.68976342756518
-130.86344969630076
-127.81114719783069
-119.27580642351691
-129.69456040296632
-121.86832806037543
-240.1724046390103
-263.2504397116731
-245.2590538554044
-384.41774496312223
-272.1234702216077
-125.43336785052634
-246.43733675872136
-130.95875523787217
-243.7577087979435
-1058.2700474741828
-816.3220402757132
-1050.4209094119833
-2.9550330771087143
-129.2824004812613
-264.3809099412215
-250.55018528145044
-476.226352812225
-398.2761506451011
-239.62035313967934
-131.98232147628255
-3.5656471923682207
-388.4990446401796
-294.19007040572257
-128.97714000280055
-133.9884466885785
-121.26221694091332
-123.9781569056827
-120.08948410445896
-133.3287160223745
-336.69697399226635
-249.51257471706677
-131.79936996343164
-362.6311807870398
-316.0337827739748
-242.79116668688837
-371.02343157184384
-339.11516378312336
-240.9590065791051
-132.13083588392237
-241.10442959881016
-256.10580626082475
-131.2450991184424
-236.5341363259692
-391.875770936521
-123.62019910978246
-125.27112840647102
-249.1103916354565
-126.36129304027084
-126.94645579038989
-119.03929919693195
-121.33333406275075
-132.03889457266806
-127.13409711540892
-120.555631427673
-3.384060135785469
-4.777135620971141
-119.66062971632469
-254.355691979542
-3.899208381821995
-4.055778656108818
-130.32782593663134
-257.4821981219401
-256.46940733437816
-4.343698732501071
-133.02008071502524
-4.953861884021143
-129.87707045560907
-118.81013413080468
-131.83349211880306
-119.29323393943928
-131.6880360579941
-131.98290424162053
-132.1199114455661
-5.936499667712451
-124.62681831910744
-6.119522757000968
-122.84429162389276
-7.0258443054952675
-131.3744592245221
-129.79246906854513
-133.7713074402064
-7.385645059918814
-132.40265280555502
-9.65934204760839
-134.40153705281537
-9.775855425588068
-7.3040645216011635
-243.94651763666388
-132.63220659128518
-126.86286122863767
-231.76364660516973
-135.22966910760167
-247.75317756552755
-240.24424754391927
-123.65464656416545
-135.24225410577782
-127.68614145291328
-12.987245795422206
-12.588176099599815
-11.167429263709476
-131.6769415928877
-135.05424058630075
-355.6220849192544
-355.2618224237088
-345.07341433513665
-16.233840856595357
-133.3583921634469
-247.76975289906414
-133.72622253497352
-246.2847780780172
-251.72904042264074
-137.77880906411306
-299.31463572554355
-132.40971106187413
-124.52424570262274
-136.5883545119528
-8.02603187699264
-140.05370146998052
-250.1793358404281
-125.5483450141952
-246.9222508933954
-138.53204929725212
-121.22876076710776
-238.07388923631518
-256.80198841987095
-138.02625374699878
-139.10060615364242
-12.702922955627043
-137.20146845106353
-126.71914969010943
-12.67594002573757
-126.8847422115115
-134.53486441779782
-138.95786598009835
-12.513230112492474
-251.75776998040254
-9.295724330578926
-264.30606103745055
-346.56003483964724
-139.24416528379336
-142.02018406908286
-140.2800246388667
-250.1076161266915
-136.6976170987088
-243.61227156411422
-135.6532456930829
-127.93623813538338
-242.1219497751578
-239.52859641317906
-6.299006135818819
-1.8608214050931866
-7.140521299125916
-5.478878300099429
-377.41865881031055
-123.62007902232146
-267.3204503650029
-244.84518388672836
-124.68559309769347
-365.7077533913586
-264.1358921123582
-128.0754058474491
-123.62150253632845
-259.69426477622693
-7.535962568999393
-265.6815479230704
-386.8668523204949
-1.9503433647973267
-134.27863027276717
-132.58467063261085
-234.8559816590351
-132.83079609258172
-238.91472811427062
-135.2788038426734
-261.6178031467046
-271.95381753380417
-142.73117014219645
-252.84979611695354
-262.31238092818694
-132.58081279347115
-235.33951161032238
-326.47900535233
-3.2621027035133108
-116.13752203775539
-126.58101239554682
-3.8425634926307097
-263.33721732957224
-246.45167554277128
-134.05616178831562
-131.1553913463908
-339.4693186948828
-262.5366291151392
-132.56532773345907
-326.5174436112829
-133.85879768332637
-128.0849349857955
-262.4193640346639
-803.1007212498386
-386.04593164935363
-129.9606578533424
-262.1401071569093
-388.63370836312157
-138.74152632383652
-353.0254539126355
-138.8753383844201
-130.44249818971173
-261.845402953071
-238.6288005950025
-136.94336482893587
-243.91125912545223
-131.5639382349898
-128.63399578034327
-127.20145968211519
-3.703887051606127
-127.94245408836213
-119.14762432589536
-122.7182658164201
-119.01816354253516
-128.97355365230987
-243.51202310250224
-6.328503623806753
-130.12190843653167
-231.5256501227696
-126.52728010369607
-134.46986948643908
-133.12528290972372
-266.41957288184364
-130.75008775653427
-132.25586345201933
-128.42069701107204
-246.1139183000239
-249.2392373104078
-142.22282587586926
-250.9301585975305
-128.30715920612272
-128.17428654055675
-1.8448942662436647
-364.4783484173379
-626.5133605910976
-251.22873942871587
-126.4244728417229
-259.57034098088246
-134.68617137244365
-12.201178323757443
-339.2428471156615
-137.4157781030811
-134.32690046558736
-1.9580300648626117
-130.52586194300173
-135.86683078963543
-138.42830137052516
-128.31789341970162
-128.1119682792978
-130.7833298114926
-242.39703392800877
-123.2353958247873
-130.76754439439088
-130.2398917647988
-125.1646139866085
-246.65974682757644
-126.58405207611838
-333.3355929338736
-265.10284283833306
-237.42599194536243
-133.3044779092357
-262.33211503926935
-5.210904431126638
-132.10740056083398
-131.13422445130237
-127.76312758490721
-257.0884357923266
-3.8777950498238956
-487.2876488609856
-124.61745966865811
-131.39801031895362
-253.68373289239227
-368.1249216596088
-465.3539743238612
-374.04493458727694
-251.65166139164694
-255.63679274628413
-121.59132500772084
-244.4885237506863
-128.049374693735
-125.30241482178313
-132.7248090919428
-373.981277439249
-257.510876463239
-251.93126342389343
-377.7389072716578
-260.20048878812656
-4.579890121957989
-250.65314513530672
-299.794934986261
-132.72350662428988
-242.82748622700586
-129.8877926935804
-129.56522646694305
-125.87011569632527
-132.33807202218426
-126.87628299340247
-4.282819195341738
-234.57552050926142
-9.291277613193648
-128.6321225792771
-125.99524429596781
-237.8182149732697
-381.82648085296336
-128.74649830896638
-282.1226367920819
-231.54055805615369
-129.97331619845502
-2.5938816143235477
-300.09754587791144
-125.33062562700141
-123.67976565630488
-130.81085361720426
-242.83608645580776
-124.58354084982705
-244.50405251711803
-126.4345296326241
-365.14096220485754
-233.28963389460725
-125.71979948227077
-1.1013771757519026
-120.25555739807233
-123.51824082825017
-367.9117377240821
-237.00259195670097
-124.46550465046109
-129.28313850519993
-254.99904561450623
-128.37856040414496
-130.97220902839734
-131.98980656734471
-128.50767842734342
-129.28011980766686
-127.41115417073175
-130.864748928803
-258.5256579445951
-122.04371041783408
-132.99609381021105
-249.17129743824506
-239.2817127648439
-116.62541810476512
-128.82970791923174
-127.20429100106422
-124.08905718740768
-128.10401824856018
-126.10780260151519
-131.09961979592413
-129.03368472076116
-133.5589142880364
-9.115486962424537
-130.33420182674053
-131.01689130387965
-248.40497987580315
-134.12921150634955
-129.2951173904494
-119.86072788696939
-128.54559010950342
-122.78587869163391
-1493.1068405201336
-304.3508178235927
-129.92485455444066
-244.71367790383601
-2.3148515645614416
-114.5074950912611
-129.99802194463618
-131.85515320240523
-130.36829483665358
-129.93517632071666
-130.26831100779106
-2.963036303310749
-248.622654828897
-235.1922724063543
-128.86452600489184
-124.17565388936863
-133.15013971678192
-246.41377694105583
-122.3207348247241
-128.78427490292515
-243.6066243241715
-123.51977452361392
-118.6998892427324
-5.62597332576671
-119.92748193677784
-132.8341247958824
-130.1874615565556
-5.2003733595351225
-129.39003821723716
-128.52697139900314
-126.0410611552526
-6.548623972725861
-131.64168320953627
-119.15725595903066
-3.5710977135041166
-248.31251123969673
-130.63063035148735
-134.27847311184402
-241.8044862828431
-120.41077550889058
-6.742392724790265
-353.2545402908996
-126.51658112668056
-119.29207578666403
-129.46897636861794
-124.9952370591014
-2.7095933840171056
-129.5185507228062
-244.9862548830554
-129.80891306724163
-128.99115823675677
-121.29335429184964
-125.29154498767029
-1048.2599087780252
-272.220700032825
-117.1886021742309
-339.19533307810184
-126.70909231581541
-127.35450992700791
-125.48072600588253
-2.5311788894978684
-131.2514853591522
-121.11597525974484
-248.3337389516367
-125.14481399545862
-128.05983339142304
-123.86855774464567
-3.9431989010058444
-243.61106290830728
-121.91135801688752
-131.42395786268492
-129.6015307795325
-2.8564831650109186
-129.68418662662748
-242.41844851777006
-254.35767333699192
-133.96592359569598
-292.19289138648367
-4.8900292108064
-121.692390276167
-127.78098342045972
-253.78172547906772
-260.0705077941176
-254.25518510808467
-136.20294492679827
-134.69601586816532
-136.2526938032708
-248.32417126904554
-134.3201928611555
-131.56331552272948
-132.77267094983378
-3.3708156851690783
-248.48934544659866
-140.49019181861507
-143.81703318528926
-137.20243076038298
-129.5966721432872
-1.648774218363435
-259.25693570761865
-132.29705619872036
-262.4568545489012
-240.0927322643767
-375.5557210347761
-125.35555531838217
-350.1194547565131
-118.68663233225499
-136.53394496580316
-252.66794951260783
-132.67811413262373
-129.61823238458783
-142.9908509456849
-130.3768077676728
-265.2478815537824
-236.06397468428744
-300.6710932842733
-265.32003162085374
-335.0258005033974
-132.45519093574129
-132.08040088524652
-241.20600739603768
-133.67880456193294
-260.79431585344366
-5.488112727017403
-137.96956672617978
-133.6448825931907
-134.99899996099143
-131.9030501856015
-283.64418554166133
-135.02732550630498
-132.2876172577007
-120.08731900953137
-134.56886572937384
-136.02337323141126
-134.14849561246984
-378.3847137840836
-133.84225510711389
-7.754700403184008
-122.96703796907443
-261.49267210257125
-252.7376258086395
-259.23806640436277
-130.41023332339887
-126.49712826552621
-7.466007468648916
-6.421934267588894
-128.35204487731428
-247.57160987819807
-249.4328745367034
-131.79960778169192
-132.0804673172185
-126.69707652765362
-340.6490701641099
-255.6455936407879
-8.380462272351325
-129.00307493378278
-132.85468078136094
-261.5301518958204
-238.27099873198947
-129.11345092921775
-7.5338576038068705
-128.96612566675572
-247.33801127359027
-5.325721847572674
-7.409233845351139
-290.259054979662
-131.0613345524703
-129.3142465576139
-133.06743202919523
-119.60285469063538
-125.49324033974868
-333.95411660765376
-248.5379449557518
-1.5137166730896958
-115.56553974543985
-124.13419840848813
-116.58849565583641
-127.10009014725492
-246.55907620756602
-238.84237138284303
-240.42705016071247
-127.80448593717486
-126.96587131802913
-327.87316022216294
-127.18836409304687
-125.76993547296468
-347.7454892495842
-130.3559803122057
-132.39533581851538
-120.88744091190877
-130.23918144233483
-130.8159836259658
-243.77537948841078
-126.16534789763726
-133.36015143996585
-119.89528752006012
-132.97564022093692
-130.56445509138206
-250.28566509247742
-241.3183129329363
-5.383220574722293
-6.34340793296356
-119.68973708197329
-6.541038194021885
-126.66978603809679
-121.51202409111646
-249.83238387472878
-353.90598061994393
-295.3698977031984
-2.6275675169090498
-122.11072024845339
-238.89245908446318
-118.92037645622113
-2.7825672428299937
-0.6361856824276956
-1.3501248451984593
-235.60495230433256
-125.02720064898637
-125.95742135925201
-1.0633462345395637
-1.0752103209321646
-127.60061900278193
-382.9564388810958
-246.98544363862928
-1.3465878080328288
-399.8275682669718
-386.24556117069045
-125.16020719222975
-5.206615099200708
-126.99564932889432
-372.31256822047067
-129.8821123847959
-507.3646787550328
-119.67829155477548
-236.2595117143952
-7.162985805170798
-1042.47709762934
-126.91107959049013
-129.7736362745892
-1.1548370122927278
-1182.0125967405334
-23.19122343013169
-128.68643611408928
-123.1999349041756
-1174.4482397216245
-1034.8290042225092
-131.2408277039249
-5.91452522097697
-7.3348422863976355
-115.41117716321918
-125.10235191779425
-1.9930275606924217
-241.67718839680114
-121.48155095033704
-1099.496197274827
-354.7544392734879
-247.43913877848482
-231.38008492720218
-908.5037177732888
-791.716348648062
-2.5217869465964693
-115.81861924357908
-259.2892551689365
-130.8443096804841
-133.9637676187049
-356.7000000795288
-245.34847814703647
-123.86214944222625
-115.89440839954108
-247.9482683082539
-3.620635875183745
-826.8884439812621
-10.631931636470277
-133.70123867595797
-3.9895654676793146
-234.21605420711077
-2.522651611344641
-123.0325980076255
-0.4217311469412107
-0.64170484458267
-130.0195594256883
-133.11422920057385
-127.00223786904773
-4.279654832512174
-244.37771331898966
-371.51577993906994
-123.14682161564386
-245.08359026745796
-259.5874463047679
-248.97384893687268
-132.0209908044275
-257.9838799567612
-129.2753357382046
-303.13085269922533
-5.420262951849647
-250.74903164711142
-251.42008198962864
-259.540752170471
-121.23419969825741
-3.3593582142779543
-370.87198188953704
-249.40588845729943
-126.70019598150581
-267.66372170921863
-128.77803448060087
-120.77835891382439
-131.05866224589957
-132.80814368163402
-129.63308379351258
-3.580297002928934
-128.8710517204874
-131.90316245094883
-135.74342523437903
-267.5803500385351
-128.04272281638316
-245.0882740512021
-125.033121402784
-1.4749558330871917
-126.57103184125198
-262.26822245205494
-142.9694106404137
-261.7050309677859
-261.51704786212684
-134.73326231236538
-7.931993053958643
-6.505315563858382
-247.85379110337865
-249.1422021948274
-130.8267447728722
-123.93919995467158
-249.79492488214004
-244.06408597048284
-131.30244349892527
-264.9043142750695
-128.69058762436615
-5.278851403108876
-129.3252062101174
-240.2457073626326
-121.38748852684277
-128.48056753326796
-3.042600941136576
-239.156095457861
-3.311698466976695
-241.13237731255055
-1.576476990324968
-117.56951597454109
-4.004890226616984
-2.6289069610819795
-113.79728844651207
-1.3039068460917804
-131.85107716043225
-332.8722656370265
-251.30674952761032
-429.6009617558297
-125.0987065764535
-2.191255579629754
-127.14268750059838
-363.36982611793087
-374.64617592749295
-373.41506150457207
-260.95621489791506
-120.29530687213371
-1.2526371698688867
-123.44229038145204
-116.08538475205661
-128.07952189109938
-262.2330022552741
-135.1187395627774
-128.82106341964226
-138.26669107393693
-358.96878888352194
-127.27888936476526
-128.11345264754914
-118.82873319450893
-247.50238501826408
-247.7382851326631
-232.4698454173804
-281.73355361593934
-125.9267966564347
-244.41359108487515
-352.640801258961
-133.02575048698532
-131.8803147157845
-234.67015087260384
-1.9613707428183493
-132.76606596974918
-132.03404076198132
-115.90772566708837
-1.4467516841005388
-129.229692726614
-1.3368293029215785
-131.73471313993798
-275.36080586805247
-127.98840884096775
-349.881013155924
-128.03095654444334
-127.11342446696376
-129.09793686411635
-238.14883833336444
-1.6586201096903443
-121.8950401840548
-248.4206309521433
-129.02961803409625
-128.52026569599053
-132.4076803688029
-279.9284597831037
-130.80580244292307
-4.54938062913364
-373.03466264242957
-249.92925197734036
-237.8237736142705
-363.69013447975357
-234.6298255644672
-4.810938985010883
-130.85285415803602
-250.44756225781666
-118.34220074673037
-263.84235189480637
-123.51148487642881
-133.45570138906078
-117.48179519239608
-126.60303586915941
-129.29325274932052
-128.8245722641777
-119.9704509792771
-125.66563532248702
-124.70170519403955
-120.43115098975335
-130.1446107317537
-130.25778962141496
-2.6967653855027867
-126.86009793352117
-4.551516969182126
-254.80700043474988
-130.84665253807108
-127.98906766513372
-120.8223495256698
-122.21988093769653
-128.6099914877489
-125.0512800833779
-124.93530902905823
-243.405911913073
-248.71044998294158
-253.69938308521375
-3.39388249084442
-128.37398044379452
-125.232314102191
-120.93389091830451
-128.7908609177746
-128.84616216394045
-127.98904092098775
-127.35177054094684
-131.89037196349022
-426.1036329364604
-128.49652951820005
-2.1367493579341477
-122.4803320723954
-2.369401189821477
-374.1905022924242
-2.0058367685129777
-122.68814490465022
-367.527821740446
-528.5557365456951
-129.03902245693342
-126.52606829933067
-248.4935029790058
-114.07104939336655
-239.42177647482683
-127.55928558606324
-128.1161416130994
-127.64743108273159
-127.83489690860726
-251.82471408790255
-126.61073630847805
-2.798404615371884
-122.60940693905088
-2.8454702572755406
-316.88022968691706
-359.57193325628464
-3.468210027088751
-2.7150289037805293
-123.06377619607476
-127.78541363230195
-237.02108544396611
-126.83606573368316
-366.05193091640984
-4.521567041272044
-434.2812300372868
-1601.0158050599484
-1605.0408630554057
-128.02749520115302
-119.98756112697833
-128.44888498319034
-251.48325651447928
-230.9694681868954
-245.15928750291724
-237.87581006793417
-3.7620905556084683
-130.39945713290632
-252.7969836043343
-1.2867931596404683
-124.00888774385045
-122.75724743281121
-1.1270678057050636
-3.69220349344687
-1.1522652971457366
-130.25048415774538
-120.64317088546683
-126.79957259681126
-234.1845957515508
-128.92680487168744
-1.699686836244081
-2.8866342787477213
-124.44620501057646
-268.6967461953672
-126.36929280373012
-126.62794919628045
-2.3790717962274393
-1117.3360470835923
-125.1151120107227
-124.78000203715091
-363.19514545623304
-1092.6990570627524
-4.7139619004961
-1016.9903516839315
-918.8192642803259
-322.528318829485
-128.42661787059734
-252.60513033493612
-133.53042123310703
-2.81887739532905
-119.85503897428336
-243.01054113149462
-132.53686720931657
-130.7976421033438
-133.18131414786095
-121.97627029281401
-121.8336431789005
-3.5011409320727354
-258.45864327379593
-128.93782193280572
-226.68653679190612
-483.2706433231224
-235.147710045447
-128.89625692759893
-126.12180554393247
-127.353695396249
-124.1101006099491
-126.0552598340662
-132.41501769726236
-263.828417819078
-131.13863413442917
-115.55733173414906
-260.119460616052
-117.36422192860734
-124.80798870043468
-249.66493409623473
-337.7871697623149
-120.67925777901478
-244.27420581722984
-266.0312763412711
-345.18229631594033
-4.155517076288613
-256.6289774934884
-137.77869610667207
-380.0057904224633
-131.38742848443968
-4.321814194288412
-117.60458602224902
-255.95911612341197
-122.32159180961752
-259.78726563779395
-127.88665060404685
-135.6528803029929
-125.00716836503081
-246.90351700572108
-131.4007243300815
-344.4541455236989
-127.12423717480941
-116.24957573022743
-3.5001524739196848
-134.5421807321284
-128.53241944629968
-126.4999144583458
-497.30397127894076
-130.09778017063198
-137.41607008471402
-131.35329342877637
-8.912518575107342
-7.623899232387169
-131.84450433432232
-246.0661297260699
-251.15244785500633
-6.756220444563114
-133.18048816096194
-5.565152917402093
-131.54048904504722
-253.75476609709133
-258.0082593479144
-923.0144825999738
-793.094415086478
-263.365490043867
-130.2601925819308
-131.90270162486757
-130.54402965050662
-251.44311400823142
-126.92253609416254
-258.18717870094633
-366.0870081913347
-256.0549715479198
-265.4933052409985
-379.2522098874538
-366.80857610233784
-133.06559278653177
-254.70813291660076
-2.7899694646172475
-395.28001386891236
-258.71753176533144
-130.29097603339778
-258.79940383449264
-130.14298664540843
-3.8583886287158187
-129.49591337750195
-1.523201899317752
-272.51617318585056
-125.63862264766036
-280.50172868421663
-123.59061422370479
-131.4090439601447
-126.62464340377758
-129.15809121107253
-424.9346915577142
-125.08678853356115
-123.18286777518684
-128.59965051752144
-2.4862334980551632
-3.9661781438331185
-125.75625521389723
-123.85991501841393
-127.98706104521584
-127.99733175156138
-246.34781281393796
-1.7461676166690663
-2.2751078914389695
-255.15330475915283
-128.5039100441944
-127.50313842180266
-129.53803973747816
-242.68269537728173
-127.18520820309905
-127.68752056824094
-127.71364519137308
-309.4936220473202
-129.96480347819764
-2.560569996786342
-133.2660222635007
-119.71168833763883
-126.11783251241171
-131.91246064898195
-236.73682238402887
-2.7552120657880503
-116.45718317836126
-131.82479782708953
-130.59093943042657
-129.47311818307494
-128.56885731216576
-237.051574459814
-128.10870122695812
-239.65083895743547
-130.20375734591434
-133.67531590334025
-128.73658990427228
-3.125896198539521
-267.8100663158238
-327.2266855646137
-128.21265468709444
-125.6761906010523
-131.49526922570047
-256.93366439626703
-2.340964903557204
-131.6188500712232
-326.77240615042825
-280.59610279736853
-123.78953926161083
-132.5131149682385
-130.99216095186839
-134.1740624368522
-129.92753390709314
-2.547817277503406
-126.40949986649159
-242.7318411850975
-311.6223958585464
-129.46891674859674
-1.904760959266945
-2.1192542646555106
-129.33190204194406
-3.294180157635923
-265.8771861922637
-124.11915827798258
-131.00592203510868
-131.75694379463195
-128.57917420266784
-131.16534362620308
-127.5212705866618
-122.26613801168892
-2.9232839695122643
-249.60540795463962
-242.90321183130894
-234.61465686765092
-126.50105931751011
-126.14852032563256
-130.214273900692
-130.1082315706811
-249.82780473303055
-367.5231714104839
-397.29479670479344
-254.55954724208524
-119.94771173780981
-2.183918511743054
-398.68134056367126
-972.8037835657273
-129.86293344834738
-286.8076737735379
-243.86480798035095
-237.54344926680724
-132.7715684635919
-360.39772388073834
-124.62502049718076
-127.13015747504593
-131.17465590828
-260.473175806872
-128.8815857035509
-126.30046128320289
-119.72396735860256
-2.0383354271782386
-321.5140494499593
-121.1198893123424
-1193.2259686058794
-124.9048859611203
-121.99072355970041
-120.86988392533044
-131.22859993700476
-129.36260650589844
-250.5004810817458
-125.7060797509015
-2.471483219180926
-119.12505106504115
-127.0238404010239
-244.85396921762734
-245.88797190604646
-130.65407543367232
-116.39931714947605
-128.9893377799049
-125.65769442877131
-124.2827650381828
-122.28110111462999
-234.71875355336883
-123.72268289878362
-398.9742932571582
-335.2521618333143
-131.6988790668615
-5.417583974679628
-127.97137619963385
-4.739119121465926
-324.22422458912683
-124.44404687632446
-129.29143384546325
-123.07517806491524
-240.3875861998885
-116.1973477493088
-137.19732887100187
-391.0537982733052
-257.56046304004593
-128.34977375692915
-261.82888318551323
-255.73548454944375
-235.37017770379197
-251.61315523655347
-241.69927894955998
-130.12260302963372
-131.21109963730834
-133.42840026643094
-131.2409604812322
-131.42185721957284
-120.3553657265613
-401.4381320857655
-124.29195242355537
-131.14058469815274
-5.144708266879235
-122.36965648424851
-129.61639490141047
-4.984905449712107
-4.585397279350796
-4.928550759950649
-264.9535829586429
-129.19505306989743
-4.871134101092639
-127.19372932742435
-122.1711843712693
-246.62432075311835
-122.04745003456475
-238.87849196957367
-249.2962031035521
-122.91573429175213
-244.23114800487377
-1204.4850926699046
-4.880155207627331
-131.90918147423102
-238.47492326377946
-129.18315401447046
-5.454769677425209
-787.9137830497843
-367.85731024611965
-127.33953607957169
-123.64589588184892
-126.68359289007596
-132.38155649451875
-120.20444274256701
-127.94670580464052
-242.6284817226669
-130.14457097180286
-238.69251831136975
-123.51221750289066
-246.21316337754186
-132.1017896381794
-131.70935603866303
-128.18055972052707
-4.477970649120838
-255.76956141273632
-120.3749433041912
-340.2426791370401
-126.34078344847669
-790.7792390761311
-245.03761165190772
-127.90355088626696
-117.63872650645965
-121.98449668340973
-126.42920814306663
-243.22791884942401
-1050.4915751104675
-4.236271116755289
-123.76716045867677
-123.74529996698001
-7.872515258471087
-129.0314158473255
-123.25147891915911
-524.2784798330754
-131.60940609150268
-124.94211259113858
-125.43313325864465
-229.794036538497
-131.8139963878479
-371.16422579265065
-237.97677953499687
-126.63166310931027
-240.6258719941771
-245.85909500197863
-120.2942086185512
-123.96997977146292
-123.93692895873316
-247.08488103031823
-351.4334196090542
-128.21847498862817
-120.41300940760598
-3.3614649608057494
-246.21476911667622
-2.164355955645393
-119.72694649316402
-127.53713964005549
-242.45696965497223
-127.20029846643303
-126.98065211043672
-247.69674597439626
-122.36842204951319
-123.24423525509378
-128.42517688566448
-120.57570896662607
-124.80642568983868
-126.5858019583179
-358.10720487691674
-236.18511803684405
-130.3498227812564
-246.77068037198407
-127.85259811200507
-128.69045863420632
-122.93165312817054
-125.791441342809
-127.86213258624701
-132.27238322284748
-128.42657854282888
-120.12908550419398
-133.68567889286948
-134.16774520002397
-333.73557505939795
-132.36740880090053
-332.96076734897883
-132.94698958701161
-128.87754573202906
-129.88880395642386
-129.98936329507777
-8.186068668912268
-127.48030213498677
-4.412104304069058
-129.87935976751663
-246.00007356558964
-129.4443897377764
-256.81561911220143
-128.29326124221154
-116.180079880561
-119.82994631468218
-376.52565679306815
-128.6743491789406
-127.73311983143367
-237.83209140889394
-127.35928486901712
-2.694054848123547
-128.04834396356637
-243.444967443121
-126.00659790979861
-129.85808585230464
-125.57856376507101
-274.08300175677795
-124.31735069543204
-124.83088930925871
-364.574489325665
-5.111858598149046
-133.45959675389804
-122.67310837346939
-118.29720901757604
-118.25077390558994
-127.86504842649077
-235.19934350598797
-126.48021425643178
-257.2044810146652
-242.70938261039078
-128.8974789884795
-5.011950164478063
-325.171702026228
-2.559922810308278
-124.58884872989502
-244.03804740531834
-123.85573088331927
-251.3989971953402
-116.34221520643183
-124.99829289707075
-126.52295273404538
-132.1171373109642
-120.43095213415852
-235.37016229317192
-245.50779796382974
-126.41821096642164
-3.7444104142535584
-128.9282075741026
-3.3329194684478436
-116.35471755930942
-245.66399100177853
-271.69540197739826
-295.01426377632964
-360.92798517832574
-232.94045644928968
-2.218174614774698
-2.5405593316312407
-125.89487886632581
-122.05534092907047
-123.98651955789202
-1.9159474455935295
-122.12942634715793
-245.9028544210383
-5.385270223205692
-130.25919073187524
-5.967306985778218
-125.66832891013085
-129.07148240882623
-132.82677628554652
-131.2305223023202
-128.92795115264775
-127.4191452830344
-246.07253062928262
-132.79849489932496
-119.32917463723798
-4.943199574184446
-5.252779780705164
-135.29170920277883
-384.7709948790318
-339.1065496900349
-130.23493941737834
-265.30943877319237
-249.68513299072006
-4.757268815587757
-377.1978347970667
-120.11145387513967
-130.15456392837004
-120.5670079194229
-121.65927021449511
-240.21586960880992
-2.187302760646123
-121.19692590262183
-115.2695677535399
-119.81010712656935
-342.3308761780074
-1.6801793970337677
-1492.2900177385961
-123.05047594823742
-1492.4326457606094
-118.7465702754098
-124.32020329143799
-126.64300962441447
-406.1479930113707
-1002.0015760855052
-118.26193987089394
-120.91633727100124
-371.0389770660901
-241.6877667168673
-9.39328347482296
-125.34371117642611
-142.16936237129724
-388.62795684901107
-389.6040920895767
-260.75529323069304
-254.86489120744872
-9.017812445960537
-236.6439340058319
-129.90517481322527
-125.08472173304702
-5.222774494942204
-127.83199872275702
-126.33615268390314
-125.75162667036237
-124.30822426252023
-133.48371298393448
-132.1056896888147
-134.34811062635066
-124.89136395206427
-398.2701968101841
-952.5650135836643
-137.53641838590883
-1011.8438963066886
-138.87336446587182
-247.79953310613732
-249.68155237138876
-137.44117743474013
-276.43603313585834
-916.6910351399672
-136.6082773460658
-1040.3666416023375
-131.2256314271845
-392.68936474843207
-134.1779817114125
-250.8506479950562
-131.25589059371805
-263.1422072507639
-141.56188162928822
-139.1635108296577
-359.50809010364
-130.60898035644084
-138.113342763222
-269.59686240241683
-135.1010918253978
-14.938683851738737
-10.372469876612099
-141.65320465541475
-256.8735987581491
-241.28401137109242
-130.9627349522481
-131.37605104354498
-368.17173836251425
-357.88562938198936
-135.7502683222715
-254.9547798164051
-12.995921708252341
-253.08443461922607
-121.72011123210778
-123.61561436370243
-253.38825330234064
-243.6996302530281
-118.43987275226237
-237.9342321246307
-127.15364844441018
-127.5808889514273
-127.99700949004846
-119.83209213014028
-123.30108146109252
-121.14899910039854
-131.1436036190325
-9.155001948418898
-243.58819378466214
-252.7817494308844
-126.9019593041296
-251.4798098453524
-242.1611247356366
-249.9810859846652
-123.07806707878161
-121.06166332447408
-1.5473722786519775
-126.97612342998734
-134.26796350339757
-360.5448618051427
-130.99989322145998
-127.38325844021438
-127.99884917541286
-125.33651153572613
-240.342945628549
-254.23930139378515
-128.32512481902828
-254.72314797455036
-122.7834165031388
-272.15956902415127
-5.033384481790033
-129.5744985859845
-4.409223054534243
-518.963948000865
-237.7650486507908
-1.9632563676465946
-130.49529426711393
-2.507328569593561
-244.96935055515843
-243.13918619406383
-120.66586702355725
-247.88788648981748
-246.10693066299967
-253.5944361637415
-251.376873039253
-253.44627296875376
-118.81995128758321
-7.73890817170382
-130.94146158247113
-127.75978816748837
-5.671842087094669
-127.40244047478434
-9.660180645503566
-118.19426734477832
-132.95888501772436
-132.0072728418755
-133.82914462122093
-129.67264082605357
-131.1878311933598
-257.61666624214223
-240.86903316963006
-262.6540763450347
-121.67344151870897
-246.25102770921112
-127.75126332547401
-129.35874554060808
-249.54761042380676
-130.23229734448233
-241.12118859967856
-131.76200256937537
-133.22355098310862
-137.6734953829446
-116.46806491328421
-131.03373403988508
-128.79452944012345
-130.147325282847
-369.205580716559
-132.97797244756524
-390.45603890380596
-121.88039891015428
-266.6836970935511
-125.0330922812824
-128.30981446013544
-121.23645597208441
-131.76563779531378
-129.2620867237294
-117.85808558871656
-131.99708674966334
-242.77585584569414
-6.183717120934608
-129.27973266028002
-129.74983038381043
-335.39159410441425
-120.55394951077254
-127.75466408265102
-124.31828719006792
-335.31253083268757
-1.5937358632096366
-241.86395278956005
-126.94800348484593
-240.36757954161266
-127.2277002151573
-238.98989958655486
-314.5213619666107
-129.21325645892804
-125.0091189015544
-1.593183829141357
-122.92530580451303
-2.937354399700136
-135.70752431882462
-248.1729835198991
-127.85135708750845
-120.41200144382525
-127.22400010750678
-125.73526476016656
-127.66256948010913
-237.52399759797447
-246.51895928010325
-125.28520493786904
-2.4850621636685464
-122.9507726739725
-244.51222309901974
-124.51318853206436
-245.8823566531813
-239.75762662856621
-241.7132815208791
-234.5977989814467
-243.31567098924648
-123.80298424177471
-274.0428428897595
-336.7210295197157
-1.4815140121869517
-264.9938021310521
-122.37254228914865
-118.94150316018136
-388.6342688997672
-117.62594319420515
-125.05725671205678
-2.7912695350820536
-907.7743322584993
-129.0690903765181
-6.024866385712479
-127.54005125434297
-909.1350734468555
-15.530745294128032
-130.26996894612145
-1161.6557019563309
-257.14498086072206
-1136.294276428171
-132.74340144701426
-517.652641063438
-252.7462572379889
-115.72419247831371
-300.3872797596922
-1396.8987471717007
-1361.165713182015
-124.34120502148514
-1367.2587890850057
-1348.7991243171257
-1.8116684997966466
-117.19082008297897
-247.5129797739578
-117.29161291812456
-1305.6467509638926
-1324.1325159085072
-1358.1678563677233
-1240.2271345761276
-884.4907804497944
-378.9810614007614
-123.778338207808
-126.49943488641422
-1381.5393733281062
-1298.15238514922
-229.14113130925352
-1264.7409783890098
-1269.3183591947275
-1181.7788802722616
-1137.7531544264623
-5.075904006966805
-127.10656821156508
-1059.5950733268005
-240.3177502589398
-1067.0245298843868
-8.088654982846561
-8.18682867666714
-6.406177092629665
-8.363506969044511
-1086.3565087581533
-5.620354378985818
-138.15245095517454
-6.015333471786211
-921.0737837052482
-133.3359818165785
-241.19660630330168
-243.5385102531254
-248.49633563794595
-243.64924211153257
-239.9235960565667
-497.3315603553775
-513.9658154470698
-500.4915290018455
-128.70335642094165
-121.83014721508805
-373.33789356844335
-132.82719143151334
-366.38283550515297
-630.9613628467172
