-1512.1552553574159
-1459.7827928246325
-1441.2357574909665
-1386.8401547929593
-1155.0417257484357
-958.1710752297695
-991.7672090330869
-1006.7979753189724
-1038.697515211029
-882.5534174366593
-763.753067102453
-1224.778695867396
-663.0552265706126
-537.6650478046116
-518.3462711651655
-263.13364639928847
-411.1847034473743
-516.1258894902462
-131.02938673554053
-135.8833610494019
-130.04430520919902
-240.17235598678175
-128.8290724408083
-132.98591641039576
-382.1412684877095
-139.35123839627448
-135.48188942784904
-133.87367167200256
-11.703398632112961
-259.7595508041843
-254.50363938593912
-365.5690400054266
-129.50474273505927
-11.851951518308612
-7.291887969352873
-129.67944030033956
-128.4061010324639
-140.16148712271715
-242.50050497906264
-11.629541190491903
-372.3754131675859
-130.7504840717546
-115.91886222505097
-380.68640359568224
-240.74922432381038
-137.76356960844475
-262.3161031877191
-256.5237778168784
-129.39351290835174
-125.55159188071443
-118.77282742886696
-361.666755485284
-130.85603294997716
-338.5607853171282
-135.61518025775436
-363.19076945774685
-131.42093124817907
-132.69359646983906
-253.16582713355132
-125.70973562381619
-132.30902174829123
-9.630165756211728
-255.41746998703712
-131.55959848887022
-133.41393261775147
-250.06940064999156
-7.148941448332648
-340.50164434382725
-264.7000287641711
-133.43746200781803
-253.84731302943518
-238.68021292985597
-244.47690814140725
-12.458810808878665
-131.6344149874977
-132.3935566466805
-123.79815691106275
-136.956688908307
-241.37576210175544
-9.443913001785818
-130.31840672496728
-261.38866365318984
-131.950422538125
-269.706061867608
-133.6343582459382
-128.9532909582563
-140.0519089030125
-250.7642486125354
-138.47975617275543
-143.0317250475616
-132.17178391621377
-265.780673564745
-363.02316113296536
-144.13714658272545
-250.57809783588038
-130.07662543227784
-298.10456294862075
-140.78492218388476
-142.6797510802534
-140.37896035231358
-130.97789445267892
-8.827294680632416
-251.73931542243653
-229.55893898665744
-145.23629559550315
-141.74417189099333
-135.27709465005805
-146.4216966786032
-17.812482917763564
-366.84275071595533
-139.88077489033876
-243.26868907771436
-267.1759698549583
-249.86601448761024
-140.79135715409979
-124.32972915108569
-13.96095522459881
-145.44507178899318
-146.73486104409665
-142.28037151165088
-288.39330762235727
-239.0734211892033
-16.985442136612534
-261.67815756280464
-516.7767013657184
-260.76351268983944
-381.603041593427
-494.7802829605367
-1.4730943411903332
-239.7958107576231
-254.87728134122477
-267.59472644139726
-648.0315261580454
-523.1218900975372
-18.475068488700618
-396.3415304338623
-639.4874419680511
-151.41152548044138
-21.376867860331068
-136.91752666567115
-149.86521618502795
-144.10947674975665
-150.5608448344831
-237.9999975309301
-22.584147230530185
-131.777899230638
-354.4109948628007
-513.6565064971201
-148.9047558241535
-124.90711499430259
-245.44933031470055
-137.61378736729466
-139.82654298042712
-132.0999949392064
-356.9139693175649
-146.04740986746623
-252.66655574442487
-650.3232832411247
-248.38041315580367
-20.452858134176328
-407.7892702994341
-147.69607982596267
-133.99055661419195
-21.477710098893102
-148.52003330276045
-137.93702243717834
-128.71980211041847
-252.24891403966265
-441.4511224155285
-253.12276008106684
-125.17678186666974
-143.6994752133293
-145.72978164511392
-384.75202932905427
-144.50025119103043
-145.8025343775055
-138.84946225473115
-19.5346691161661
-347.7746589036905
-134.17396392636536
-260.3525170120859
-258.54099897351784
-146.53061672337046
-142.35738944349382
-398.90039529254153
-151.45260135077245
-255.2799618929906
-26.33147636780033
-143.58675606726985
-280.7030873556511
-153.3848608278114
-143.7946439399195
-140.39867545666996
-142.59309770604253
-149.7081440012594
-284.1478901860026
-143.47301255287982
-153.60095594258274
-148.26104474506758
-142.1079980750602
-142.40130361732048
-268.4334633908843
-147.95728906895917
-152.1129495045309
-135.05706027787016
-360.3987219535773
-137.97894591386822
-25.414680278881622
-263.8107821447503
-133.0111492914443
-288.30899456933327
-153.38122357688073
-144.33559995245966
-141.99855457716745
-144.1867131815902
-392.492377542753
-14.156226355622096
-138.24216050807684
-300.70380727716264
-17.456082363626752
-275.9627150445217
-386.19499806358164
-140.214635062593
-257.2732894231361
-18.522488162897968
-142.04636247030842
-146.93847359919303
-271.1135288631627
-19.389292234967744
-144.72778954919258
-139.87996501056313
-144.80635191172698
-144.50744829838848
-142.10073477304647
-143.5399613237494
-320.4909624456065
-128.3031461443112
-17.782440148343483
-255.5765537831428
-147.87458943310514
-144.96927947268003
-142.4561960434673
-146.90112345337414
-278.25288355158705
-145.51322845937628
-140.92527409397704
-586.0872288974372
-529.8621778657306
-499.84630799489247
-261.8515026869245
-134.19353186545396
-147.28055363322684
-276.226872307881
-137.17876173362518
-353.6064465152477
-153.80171021080582
-143.76479023336628
-400.6414078086313
-137.26173864135782
-148.04411441210652
-421.70759195128755
-1219.5897755075157
-272.69489526815994
-12.76033592415198
-141.9696953399387
-147.49599639862492
-142.31810822131445
-249.17621242686872
-258.4262386425864
-142.82508621135764
-147.48226264351234
-1198.8300984674047
-153.92968297103508
-262.6466542500177
-153.34485174493517
-140.3180430282878
-787.7230883328701
-139.20756939906798
-258.7342990224739
-354.74094458604776
-28.568426460381716
-22.21060242648594
-148.63423714600734
-151.16155588206846
-287.79851740972396
-374.90985261933713
-27.705834789012123
-269.98746783476423
-158.22061596124553
-274.5494332910367
-405.93879972018766
-285.1242842927514
-343.0795343335193
-146.2849520962285
-29.7217761471426
-148.9297589442557
-148.47319109701505
-303.024711978563
-22.71004936087073
-269.56936015259544
-276.5914103488248
-271.9268398912624
-277.79961315805605
-158.2450608666752
-140.3356858441942
-30.721771783287
-256.82922111306175
-269.5666767068061
-389.6419973506138
-276.52098702968055
-278.4902162893515
-277.494710020352
-384.7553195811289
-351.861661762311
-271.3699797033151
-274.99882790525544
-159.90081832556007
-148.0860736570235
-257.3213113545673
-646.6854448601248
-11.413817164025316
-119.10232153784155
-244.14846985133212
-1.2207834314674344
-130.54231541922775
-2.0477276879148136
-273.86400037607126
-245.87852635130534
-133.46635891141062
-244.24145011835978
-252.3413891923252
-127.33039060393381
-133.68988125378445
-128.88773139682465
-126.25836401526222
-127.88149170606624
-136.95434310543754
-133.58864529368034
-126.04206692237247
-129.9977908906701
-242.6362676916277
-125.2320294063499
-3.2448151897268303
-281.3517633399034
-120.61339268908435
-133.8560432869611
-266.73923466011144
-366.53022885990055
-126.87145903838294
-130.98218866236988
-249.76955811943515
-2.534899621064647
-255.91792633351545
-354.4224449988478
-1.1736519384773565
-227.013208839769
-242.4655600465236
-378.82148844000176
-129.2060754044069
-323.83031108217136
-247.36879970387156
-323.0656128665011
-239.41868251818894
-138.53653834200347
-118.63093577920844
-310.3508014231306
-249.7274923514694
-294.4043811446506
-132.98428811068152
-122.83734641600182
-130.28476306199047
-242.64261010373875
-238.68897246246152
-334.3664618210982
-225.17104153490962
-127.03681303791294
-262.3551936188257
-124.09564058356345
-3.2281585113177322
-7.703128359755403
-128.66497941671753
-131.81723736345782
-130.54498418605854
-5.781430025677457
-119.14750170966293
-350.1378483841202
-132.76973478195018
-235.37109479228056
-244.9405636636527
-235.39878378249082
-126.82239941593961
-121.13655403404347
-130.98241734976386
-139.15268331860858
-255.6903006852252
-917.2548244448532
-1080.3346597531136
-135.01656564247742
-348.25247907748786
-138.57555515825732
-252.2883872325182
-247.15112111800696
-130.90276755025522
-5.142347810710318
-128.4216517748844
-116.43064463316487
-249.3831918299869
-134.17435004046132
-136.3637008525916
-360.20001491965223
-3.7707190716589505
-129.9159815358194
-2.572962348219429
-132.60048954912457
-129.2204344728636
-127.29065318658006
-134.8231842625181
-127.89083482078098
-127.56162652188172
-10.941711107073184
-267.22417062853935
-122.50861739738473
-7.521984160782493
-254.42656445655473
-259.37196085438666
-257.9040731025802
-261.375891168701
-15.376134377789622
-15.40229372722859
-148.11220317670367
-18.81972128671852
-262.63956915296774
-260.2092691497244
-239.94552997650575
-267.0836535860013
-292.46703358571676
-138.74102624584074
-141.65107984427965
-141.31944140974858
-250.06140711864245
-232.07117290261945
-131.28705189559207
-134.17452679961147
-139.2908021628338
-126.09028906937047
-261.52148009764494
-1.9070504721835968
-138.35965732973713
-256.159460794512
-3.3085883823088134
-132.9471098250738
-253.04191111492497
-131.59851826997763
-125.54038517069861
-256.4344926362764
-128.22108618352038
-245.9230962260497
-135.60371237167243
-126.53620681864653
-233.78970260232722
-2.00698134156583
-240.43380717343464
-131.39994201111267
-0.82876328889579
-130.68992145367164
-2.3366463074533343
-280.5997404675162
-255.79556773390368
-128.15174322844916
-126.65262775226941
-270.93046745945327
-468.99334206421656
-1.4117850031950745
-128.14557668181487
-128.42349296441947
-1.6853899556338137
-127.37660083150844
-3.2915949870156864
-376.1544035372734
-319.95470608218886
-128.1128548546316
-128.57628244835652
-126.45222246539475
-362.2479953327103
-371.5596042025792
-116.73927262654503
-129.71722782323093
-263.55595578182357
-129.84291900530113
-129.2906156745183
-2.1622443718269464
-410.2898766602559
-133.4029954585004
-130.0938664162829
-254.8120736907142
-247.76869860182154
-263.1912608940074
-132.9222167090561
-361.30940429899357
-128.1584517070014
-132.02345044456072
-129.8010898724205
-127.27235713972709
-133.4979931096113
-134.30855630771748
-131.12833521915346
-249.00466639118014
-256.81567285712634
-246.45123721630173
-125.18549058248766
-129.04657366807808
-132.7955868435115
-3.97642755993768
-132.30290902763565
-394.34343285017457
-128.75270471272162
-380.0900843150881
-271.08644580214366
-262.7439954424
-5.3982845429293995
-3.272847002836559
-931.617207766433
-14.46383215633106
-138.41042122762545
-136.16881912728184
-341.7968232143119
-8.240616227361306
-141.25450827887263
-138.84336289804148
-134.14638529891187
-408.6833421192266
-142.4123414335663
-271.41335702586144
-308.119129087899
-19.52058420627765
-152.91932616476504
-140.6565539756755
-144.29933596628865
-129.60174904440814
-20.12980042878813
-130.29168876058077
-141.00464218334267
-268.7782499974966
-239.27995592290372
-285.50795467475206
-259.09305200006196
-230.74924184044863
-121.18355623597766
-378.36338949487214
-137.01216891950435
-129.68398032492428
-16.25015681243221
-120.7141888855526
-126.17505843336718
-134.61691386460143
-132.98815245277729
-4.662424751057177
-122.98076512613356
-7.329710889523211
-116.32822549643618
-131.2197352535096
-128.8030549477124
-123.08463250787025
-13.514586694553602
-144.84165047687085
-144.54805407530472
-140.37530440490988
-346.8511763934048
-335.3177543366933
-122.87122298628496
-4.268319922968666
-121.2786272417639
-117.65014801626232
-234.89007691032674
-254.52043840910324
-119.92214910517451
-235.48063887165287
-3.0909755287215837
-130.77003030660768
-129.97556782719744
-128.9356148169812
-131.65205964677082
-130.34617535421467
-245.9976378629958
-132.12419959536504
-130.994010679634
-130.1705564192597
-354.274757563591
-142.82273645938938
-285.0408803873096
-138.66371898885407
-138.92311285912174
-132.08958254140438
-333.2157213620324
-121.60657059704096
-8.417089154777752
-134.81395327486086
-2.98116454019089
-130.35862199345246
-125.12389740845764
-5.722326416928413
-240.32630861583002
-123.67482001012202
-1.5336276592239837
-350.8983925907084
-128.4999658848209
-4.8585839175099075
-4.468887775594446
-265.5069322329229
-1.094662869577101
-1.1280503756595455
-258.0692344776927
-139.41988839718948
-137.50727056624024
-257.82319477626044
-116.48664287954308
-128.4194226797285
-0.7859195931037699
-240.6334924179722
-133.57048628536032
-127.36988445348622
-126.23218819970664
-136.40229645315625
-123.1410639821159
-135.10867893927477
-146.99517204563887
-141.61901153263668
-125.81276533576025
-147.03794993259726
-133.26225042428896
-252.7401794639979
-143.9346244292083
-22.222035721871404
-14.139877747658838
-240.65785611151418
-243.39968069929583
-0.3685788249806757
-116.20636151047108
-126.71751995066163
-260.4298410973044
-137.99008623586968
-262.3650811023289
-271.60923718546326
-139.7491048229963
-122.2279145814641
-136.4044210871995
-258.6462366739822
-20.36870494110023
-407.04031237303764
-142.5603405454901
-124.78585503394403
-259.9598025539071
-20.436854039760274
-141.61554896381787
-261.86595713216064
-142.89022491013495
-255.7200040696572
-135.5606971966989
-291.932335888719
-1500.1141036908737
-130.1486822872516
-652.8635254792141
-131.23924970215975
-126.16721639759214
-141.1329456917509
-150.63346504924723
-134.4685904579551
-146.84567629673305
-151.0730919743652
-147.61964543096087
-250.37251676333477
-145.87663005376797
-126.17265583793703
-251.66675207978176
-260.563143736597
-251.96804897572167
-133.2095849800107
-129.77505553570188
-267.13500939032156
-263.79698197646576
-24.323356544165907
-267.6666156701588
-384.09040063472736
-146.08533672911355
-15.720274091208179
-148.42109222976805
-137.03152897279617
-132.57117409308347
-140.86480344594705
-176.8744260942932
-262.5390577159908
-279.62745580824003
-171.0475963501282
-427.4491728353707
-150.9689047611087
-283.9856751608309
-148.62160549386545
-24.719141278850806
-269.83648708891315
-141.08877013578766
-402.10681000952144
-341.66551584979453
-263.11849858547333
-267.4740717265876
-124.67760603973299
-251.6939075948544
-126.94292521954502
-428.4395215367045
-124.63006156344991
-123.55704424583476
-124.38199771160082
-154.44276914231858
-319.2015132152638
-240.9612260400443
-129.42561555288725
-128.84775132800507
-271.58813891151885
-129.0621062873051
-152.9881029672207
-322.7665566695372
-125.09030358273054
-246.7019132067217
-0.44253672213626366
-129.11952949249192
-150.83742369464025
-483.5628301070058
-285.81276697901563
-129.1113847707156
-125.99752680700304
-121.63773573348205
-255.43105761540497
-3.0540260802250114
-237.25374404361094
-258.0301763984259
-139.1836437871947
-126.46604595222736
-141.10490481810368
-411.168774430067
-393.6963638060048
-276.8432160057448
-123.56563970570186
-150.3197755713834
-145.97994422954736
-2.463423884699398
-19.72714069201551
-2.546559797486592
-131.15218044315992
-151.7250988928024
-347.5448759449845
-241.19040072294422
-150.2648187104322
-156.26159006669576
-153.14205677494922
-258.23550949276597
-1.176322571888516
-2.3986606495436678
-149.28788619635017
-130.68448805408545
-151.10373686079885
-144.17942995380633
-235.9076543042726
-238.0036816061605
-375.35808055001263
-372.0676410220499
-151.78617887493652
-131.7563915351113
-2.365437747256591
-268.581321411787
-127.64150717165164
-128.90453459188893
-252.3343443178447
-344.17540042670925
-259.0298142362014
-143.81653941408183
-1.1024794359767283
-1.4680532299183657
-126.28494308137924
-143.5272231036558
-0.7725202226745794
-0.8198323327877506
-272.97799570197697
-242.99015596812976
-121.21097624375562
-7.879159754118074
-117.92303697895572
-251.6630643913578
-264.1252152946619
-265.91759536571357
-131.87605929057366
-139.20974272978825
-1057.53241221067
-132.09661604700273
-2.9806207181625566
-1071.8961061268933
-132.28616733549734
-1.1795897739688792
-358.3936096151933
-520.2846570416517
-371.23085403052426
-593.8654427206385
-235.69790244514644
-1.0746637065950355
-240.042163974518
-362.87581760573516
-323.24976016051244
-125.16204091596448
-151.8365803632994
-509.8578641487512
-271.25013522721434
-419.5238027158454
-292.1787711298225
-122.23227560552505
-233.81056663257266
-0.7093960378222067
-230.782378849129
-128.738825675155
-125.71346301353077
-241.5186532831368
-126.60983997617129
-154.30364781090702
-153.79011890134188
-132.75490566649577
-131.91402527114218
-255.89412851005457
-271.6730964012824
-142.27530049506245
-143.95627630711928
-155.6177032552143
-152.03454222375657
-249.9326882372382
-152.5461169057913
-153.33370158985323
-141.7723076121391
-132.36189479442805
-142.0234882761878
-265.8825252773413
-146.1761750527174
-148.66648887537542
-29.578293227071857
-155.88639085585507
-2.62360016779035
-269.45499219795624
-6.9177012574851995
-1.1299713644810607
-131.946933888904
-249.5331468799336
-1.3244137769316846
-134.42731789065516
-1.4072761573519101
-129.74041076336135
-273.5225223597926
-250.8707449604411
-333.5787048993829
-152.36837581415372
-9.218984278935519
-245.32982710428968
-277.81650105687015
-264.9866942783624
-133.70767225950476
-151.22208125739252
-243.4124121199954
-7.835693228576833
-266.653855155156
-14.067188898031105
-141.2719890494198
-17.72749753867413
-20.40868243833713
-150.2800640001405
-145.84805763595517
-279.91746233108483
-270.49694064856493
-154.51254170933964
-151.43238070989943
-400.87354411130707
-139.75701604313508
-277.30727199762566
-156.04082229411503
-0.49012608199662955
-119.36404041946702
-261.9505536798218
-240.59052856818923
-115.30267755883058
-240.3986269178526
-231.00864282464298
-1.801408996921158
-126.1581097736976
-115.15595030870712
-382.95242842589755
-152.76769567516294
-124.26088021584445
-128.3784299885292
-123.24490575409284
-324.4078800313885
-125.5181707800929
-230.21004585794813
-115.78024479493817
-263.28466875032956
-226.2703404990036
-230.22277733449639
-274.49315372872366
-381.04900532127004
-263.08504159795154
-119.24034465907373
-260.2634726619482
-118.0810416381818
-118.14488062395854
-116.72394418003299
-119.19068588578415
-261.01891809387564
-262.5498526026638
-121.20286324464979
-1.4560026064642044
-395.6451331246649
-261.94029446742667
-1.2335652363941028
-141.96830374511111
-255.62160157783995
-2.2883987285941103
-252.43121654077027
-259.69649148779473
-262.8790752293467
-0.8805220914950918
-124.4077337257956
-130.51465444988867
-127.44843034103033
-125.11488108752424
-406.31606965367956
-256.5484300035095
-131.05174608685755
-261.8985495253501
-123.07125265051319
-125.70192221674361
-130.4708152409284
-261.3631986504375
-114.68852403186712
-2.5199706287324593
-114.73763218181334
-132.64059479161673
-128.78910268572577
-1.9479614013961448
-124.38412690349956
-134.9448899588174
-246.54101723732273
-233.7467061423652
-125.05156141143524
-1179.3401946147662
-113.6374810805256
-115.48453094201679
-247.38131020841783
-247.92115377853162
-242.1857436208185
-133.47301267612121
-974.8071233562763
-401.33977490077353
-138.6618990527601
-138.8193734895676
-112.1386793441875
-397.70209044221906
-6.639605031612352
-383.70829631783545
-3.029385297285216
-127.22809665447755
-265.79132239236714
-154.67499405564942
-272.1030349053705
-381.1387748443071
-129.40786404030246
-124.07744331357252
-129.87390294881067
-255.47798979296425
-245.16879599352163
-277.99582003541474
-271.19105841231726
-269.12270504384696
-154.6496190805153
-144.75916310690306
-256.1208295866556
-357.65494742232806
-266.3862330149502
-267.81128092304573
-264.0816635717489
-275.8262481500675
-373.3748957871968
-151.53020918797597
-149.72969131062683
-387.41841487976546
-149.04166106118365
-151.20152873373945
-263.4106706556122
-147.00160161912075
-153.48788822211236
-250.80596352772474
-262.8572842402621
-242.627699387624
-120.75869937430544
-123.9331316719272
-255.0530804665622
-233.90832641985247
-386.29093160542595
-117.48562196050011
-124.8618412436387
-233.01085180750158
-401.11841780146233
-127.08097281069475
-119.40309707615539
-375.7924768434504
-343.57086190529014
-314.1878680854115
-121.73205239428154
-127.74395399009241
-263.4999079790762
-128.21602738790799
-135.00594588911468
-387.5640859598503
-129.61494454432253
-269.22614295420846
-253.4622204089986
-238.13657322367814
-132.61604487359023
-129.08819874358693
-411.52784618861455
-0.07828965635052502
-272.24068606188985
-130.39358104985314
-135.31576828483898
-125.05859522690008
-0.17045311307879946
-253.55898822203352
-245.85196892063985
-239.0141306229796
-133.15030129417278
-122.85504875427073
-126.12546770851245
-243.41543685005152
-174.92875935347698
-335.38393178744474
-386.22424211390586
-132.74992810052493
-128.24515419459854
-130.67835249382935
-122.93363472872295
-246.1882230005369
-131.12583842698723
-128.1483642553226
-124.28293364056887
-123.85412111413062
-527.828961678904
-120.2287999071703
-131.65098090932804
-237.16692688992586
-359.0359468946455
-0.24420076233997348
-236.6847985886029
-240.92834330060015
-127.67959097425813
-125.98638425418477
-234.13847206333796
-128.29310833139976
-126.47517591325561
-239.59905567681707
-127.20069968670447
-117.20159981911583
-121.51741280558484
-3.796311678438428
-234.4846342591341
-248.5667481328694
-248.13243990517537
-115.95411962848924
-300.03895135822404
-128.6022263055083
-2.4588796162191877
-119.22355906392595
-270.06438710101156
-11.10144697607939
-129.78695346492174
-130.3631990839703
-133.51991076410408
-126.17042304517265
-132.17387173898132
-134.72887013118125
-913.9525005348721
-657.2660682366095
-377.5121610094466
-128.10329421364804
-105.31213470066542
-125.24295219654313
-366.9263639959642
-129.82991275312057
-239.88874195599476
-121.88785909244118
-2.0349322558001344
-127.48974836992602
-244.4723529090644
-342.0128462671726
-0.99646488181777
-129.67419070822947
-225.95442426219032
-125.59207879583471
-264.50633883037096
-129.29546311052945
-257.34740259817505
-239.1083026053263
-120.34464186802141
-129.8712600579252
-131.69558120180952
-249.57648184962795
-130.80789910735788
-122.83483258406794
-119.7328818841032
-243.05256194401284
-53.202108753374425
-128.57003370431073
-23.926062646912833
-235.8402357288695
-118.40855218784216
-133.60974840438976
-261.9840375489781
-258.2542344837945
-255.07013893689256
-162.4869725603027
-248.24288734140802
-121.45003235373787
-123.66793456186517
-131.01527855992057
-128.2064029019884
-131.5014973833709
-2.3660491746439476
-133.48798796550443
-135.16646542687099
-121.1476534441594
-230.97906662562426
-118.55469321149577
-267.74091302262735
-259.7838923418306
-134.42921005701547
-117.65497067482235
-270.3962862349721
-336.11241648355957
-122.11391225775628
-133.24694875975382
-258.71785404256343
-255.79713154238368
-132.64097192192258
-120.85189580510016
-245.69819887609418
-137.94640593664624
-131.41299170241388
-286.5372331372525
-127.39023502868801
-129.83999861083524
-266.57160289303164
-3.301192209636896
-119.22050792897467
-130.506335335505
-123.33524027321111
-308.2969847124276
-124.45476365854329
-133.28121031258513
-130.93441923249264
-249.22484540076522
-246.1344475451304
-247.2000512625437
-318.48976858190986
-119.01242272083813
-114.60606016305557
-125.20798917791056
-246.35033368123328
-229.4554066365161
-135.3082773207981
-2.821868679852341
-128.23555583396967
-332.8731624115364
-131.21641030759065
-128.83534015839146
-115.16541833790446
-120.01747251397616
-244.18594465615652
-117.47225191073346
-128.23194549097346
-127.65630282657551
-116.55372732340597
-127.2908048057727
-115.85607416012968
-226.62045018108125
-130.0532446567074
-7.739252284955744
-542.310720227695
-513.3543914951346
-130.55079841001807
-133.10034347257084
-131.7131748210611
-125.70542108071297
-128.4816065790239
-116.21294684502776
-125.0957749865372
-128.93119088205293
-124.56333640989436
-131.62323748827097
-116.22040049087919
-130.48176077026704
-341.7473957770721
-2.958451312739477
-125.51833554655869
-131.1160402627456
-130.1268873650969
-135.2666464959599
-128.5394089097843
-3.1330276037674967
-128.15904292719785
-5.3772972557802685
-238.25325762220535
-4.877221601403707
-131.6308902229061
-261.39764517873897
-124.3489086816641
-247.76996359493265
-127.7382266071787
-129.73314305089207
-255.5825694637129
-247.11624206908914
-3.3876516880457688
-128.9659287557472
-130.40677465185178
-129.21752636375047
-239.47494378603574
-129.82034515008186
-128.99630453738436
-2.6647758759305304
-120.11506261064021
-239.93442367749213
-128.7434286070016
-4.583408273263197
-118.60171653694782
-240.0995295045296
-121.07654376723886
-7.814663520449763
-118.50682681992754
-861.9534764169163
-122.73189767043628
-335.7808268454531
-3.520361837589134
-273.49324682027
-912.2506613722942
-240.66709737623867
-249.27679180960124
-1156.2679715268355
-916.2688780341701
-661.1991732847183
-779.9483804781859
-136.07335758473587
-378.9598999482181
-143.02187967102515
-25.676727068911234
-147.60544344873475
-146.99843148773198
-271.07039582920055
-265.5950830850208
-130.17317227182988
-242.33696963332906
-146.26266111627754
-140.22274206432638
-144.3298641970661
-127.38811227525481
-25.33606261244301
-386.7869233224245
-29.04437862773276
-253.87470446327768
-118.76594772839691
-244.739795745161
-125.09356077645076
-260.3026647277779
-357.10023939692593
-142.2250348394912
-153.365558726785
-147.78252309590417
-29.255793083800974
-123.24289008051382
-2.7121639944232085
-228.3908609031138
-252.48672281488317
-240.47565012970028
-134.7369437068788
-138.83453755227706
-130.75335247291545
-134.9392895458849
-9.36441972391063
-250.24371075462312
-265.4467146506331
-235.34613453912075
-237.19920239645415
-253.52045354056742
-129.16871007908637
-131.49882656358446
-133.12399937378413
-7.412604763425875
-125.361560622881
-248.4710039250456
-248.4632598375361
-131.923339883557
-252.53423968261768
-267.000481189312
-128.59251915513556
-133.28254962073862
-258.90347816932785
-242.8980052434264
-246.16819161635993
-123.23303583213941
-116.49321183770385
-257.0948917542392
-223.73873839853528
-232.77898929403102
-124.00672968509473
-4.276209799379433
-242.1336082324919
-362.7478740139214
-121.31956193344115
-131.7498282223329
-231.20101030745775
-241.52104685524196
-128.53277174293285
-239.11042587711745
-380.4311289632511
-244.30805564533242
-129.52911285889687
-125.3358726319244
-132.99723645871708
-119.44535825292691
-130.60849455888066
-226.30076536267688
-1.2331124537000968
-122.3007962686401
-238.9367134409552
-123.24371340784715
-127.49847933589547
-238.10322093500298
-229.7459878355086
-351.3396543530851
-127.02892509176242
-2.006277328113255
-371.64619768288065
-2.516482361695072
-129.01347039195497
-126.50568952616396
-2.505181657073943
-131.7384952521407
-0.6192177419791987
-116.73679745611868
-128.93798023598418
-3.549483291721221
-119.54311794901751
-1.9647025875034092
-121.46812508705638
-122.59147102349037
-116.37398781079399
-247.5508827582878
-127.23275429678183
-124.33379346388848
-127.14876557358726
-128.9513142649448
-119.09135035170226
-119.23976097454435
-119.80966320127885
-227.96924396912533
-4.922612244578845
-127.72220220660324
-252.12868202981153
-127.76795733952324
-128.91258370879714
-125.78159900835178
-316.34573526236966
-124.14703181377233
-126.21847646140048
-114.66251077316625
-117.97225225643868
-3.9558221200709065
-126.3727337392527
-244.33409378122317
-132.72466719674267
-316.65656676292906
-249.53519711352223
-123.78694581453881
-127.65296387745809
-124.39688974787536
-114.36757024446793
-234.3726709912183
-118.14094321796134
-1.9821207241619494
-135.70669550010285
-130.57769398663302
-124.27290658182085
-123.9595623692175
-130.46562961511447
-128.64592121598716
-2.8841551324934294
-271.88085158865465
-130.779578695688
-383.2218809090017
-220.2540058391158
-350.02424349662334
-129.5823957605312
-4.71930455118945
-119.55764468382687
-125.88691315190286
-251.58058469129543
-3.648287579995256
-120.70526361637563
-237.14417132392555
-119.25580662852413
-133.6720892159794
-116.47756498155157
-127.75318008593813
-136.77623613942492
-133.87257565299737
-224.5390881666549
-132.00388717409453
-230.55335843944184
-251.87747629478037
-135.68890955574
-367.1177622466006
-127.29847968370007
-248.22119628749982
-129.28624307150187
-337.9009208949619
-246.51196829454003
-134.2778844220725
-330.3351456720722
-242.01255398355806
-127.58151844520295
-258.94144175519637
-9.257154523524138
-361.3645199320782
-137.01126232550823
-350.8839312112874
-126.46990084735097
-123.29141291456708
-228.98847345511766
-123.04783410050821
-4.024965138938879
-138.22051874120197
-128.19328831912168
-253.04392191018147
-264.26472173540435
-130.79773709090085
-133.61552219355247
-124.93507765669065
-228.1887327587649
-248.46111109409404
-117.66281363710367
-243.9746378767936
-125.25227767776772
-293.50764637359816
-240.5405545267297
-245.67067357732668
-3.0645374236853127
-123.38806706127835
-123.37967493240535
-117.32706332799329
-129.26410368972603
-125.5312008915526
-230.57772590951035
-119.64599212654386
-3.8687213301736243
-4.287161147702071
-124.98841718352799
-281.8351589866049
-130.95804396293843
-122.321681399298
-130.51297168209786
-4.526594063537425
-129.2814087088532
-136.90152145689214
-144.19144362646986
-145.0416875992363
-136.1850983610658
-145.6335184322376
-370.91117869068125
-4.242947847619014
-15.657661351608182
-3.9177187729316527
-241.22151663863193
-128.63235882221915
-130.4992368185435
-4.677555261690666
-16.208844908319474
-144.92962833216956
-129.82104134250582
-131.50856558797855
-261.83647413883693
-246.9550122405711
-513.5622475902418
-403.85969999612314
-152.29159350085607
-138.02291919271735
-281.63553458830495
-138.35763773943174
-259.6348943426161
-130.5965611118221
-130.46509798187952
-244.95539339043876
-132.02152554618493
-132.90506074219283
-133.58272791604662
-242.44753097114022
-26.047991980412153
-238.61392755636507
-227.414676387661
-235.88802388034182
-126.77720750920831
-252.48106559586364
-225.84988993941334
-119.17982102066085
-265.8083001761249
-363.8907369247645
-129.40507054856508
-121.8681712508203
-133.2022267579115
-131.80567211280209
-266.6976559014022
-12.653115687907011
-250.57082235588572
-145.15655543268147
-144.80997107359738
-251.1190071718394
-143.04471078403512
-11.541842986706188
-125.68583197598313
-236.69786981402123
-276.46250511145286
-127.01861068557736
-0.6652776135759361
-9.15196312611463
-266.3501956657478
-142.0630739560363
-257.81867845301593
-12.770101218072673
-132.15932110635674
-136.11762628635302
-236.2183506422813
-234.98758209738372
-133.32544526819856
-120.95384954426527
-3.1267764478756424
-129.33888919080186
-124.97537506539088
-3.8150743047097455
-253.78007522446325
-129.49131843582495
-130.0533249376918
-2.640381448769141
-236.2256565269187
-125.98536999893138
-1.9501458784765893
-127.28134234901067
-377.75986765938853
-121.97624376736087
-127.23259360038833
-391.08523466814006
-398.67425410902246
-252.28105304116573
-129.57998930512412
-0.34810922937899
-124.62304366194063
-308.12343589204016
-388.0735263394247
-1.202906810392382
-314.9825525694548
-1.665106043755174
-256.00990361205913
-0.736043216407734
-123.25150789778034
-275.34250392371246
-367.316694117246
-127.56569293698635
-0.9297404663281811
-124.4413923671124
-1.6109886848168176
-237.43685329422388
-129.11934889630484
-127.06344314996761
-3.591842359745128
-124.96515476575011
-122.2526546670946
-130.77861721349336
-125.55697520410948
-254.68014466347873
-117.2037956726812
-4.208160834408466
-128.1593587855401
-292.2362550210362
-128.72528128644402
-230.31302092984595
-250.63525066138777
-2.355390780645584
-254.5364590821068
-353.5364236442746
-127.79481483180416
-129.49666786388389
-261.5347409350782
-116.39387861922928
-241.7994423358947
-376.78336627058195
-128.44973022954585
-129.44997674329002
-127.98702035247689
-256.25687156947873
-124.39382121898254
-130.78174249223068
-0.4006553862476944
-238.93330271204476
-120.95613283037278
-326.62100382545833
-121.23745185842066
-126.58918211856201
-117.98624689289444
-238.52184870214035
-238.60914366634208
-134.56649615921495
-241.9673504351817
-258.17468796097035
-235.03483081678397
-2.4845074832253498
-126.0871076796736
-318.55001447121344
-0.3589598259630097
-0.3769944563339465
-119.77994998633434
-128.52443767059077
-407.0941095012287
-1.8778855441836213
-376.45410940568496
-1.213122251572034
-407.3102002940416
-254.1512976339917
-248.73982444119082
-269.41773647821066
-266.46331649494704
-6.187504842066582
-133.6429562462175
-130.14797145101517
-375.047163635786
-132.7532174473068
-258.1933739000295
-127.6703227429352
-130.72150355362277
-133.56389646701496
-251.90756027025847
-376.3267943003415
-127.76019471573439
-136.38209043278007
-130.76593583771634
-134.99199101152564
-116.69887375447666
-126.83788747634766
-128.1373851917118
-129.08837898732472
-4.9505558047926845
-130.40593987462466
-512.8905909531301
-241.24912705844457
-241.42794468984442
-2.826425652387754
-130.66266448872955
-131.04538343890655
-237.69337853301505
-131.49064192950755
-130.9830609867542
-2.904659451251079
-115.87110869709821
-124.46751570187158
-115.1121402954051
-130.07345398958728
-127.25766389157036
-261.54117286847094
-2.564521937874794
-243.44831187614088
-4.665250624839215
-128.26951249862952
-256.15598257567495
-125.28246136273373
-120.92238591540533
-241.7182099868276
-224.87906004591142
-326.2614541793197
-241.9133262374698
-251.39523246870095
-249.27196262577525
-245.21136430093577
-3.5592115580427808
-125.71836248191917
-1.793929293219757
-3.1373598749644107
-129.4141268806142
-134.24830912678493
-242.7731047420108
-127.93618179676065
-129.6637761963905
-126.82600572258222
-1.1790739003526645
-241.46768799533763
-133.03180248776735
-123.9602584508081
-247.29003824591044
-1.425646559696602
-339.9675870102914
-238.95654709700315
-126.88442802932973
-126.9450652992618
-0.6263577840166172
-119.06984681667886
-130.22627755169609
-129.53720086984154
-355.95628500316036
-121.71448743838974
-123.17234209106638
-1.0968955284541277
-246.3282582931686
-232.3872908656797
-131.1192055685263
-239.01154051861187
-239.83465737310487
-125.55556593239142
-1.7923507466349746
-249.60475937596334
-249.48175675235558
-244.28052024038647
-230.45245603705493
-125.83216036290865
-115.81617874418149
-127.37840121313056
-1.567082639696394
-128.01349492998781
-124.38186929863302
-128.9060840125974
-129.16774545546718
-2.65540220433772
-132.8579901483504
-118.98469912476871
-2.876677706744884
-129.33346636226767
-124.4675226129188
-124.53327683221441
-259.3959483154803
-331.588891098511
-122.0605943637635
-128.47989801153665
-127.68574110424638
-130.77746839383767
-130.62089673068752
-127.02011477234285
-129.57671791801587
-129.1139130008784
-4.241877119254567
-131.95367024426108
-123.06815633693506
-284.26058642747904
-122.34965014488186
-321.75297760454316
-123.47610883694875
-131.1033573170974
-125.39948164993804
-128.77303702274864
-262.16854302208947
-249.1241927764603
-125.43575762875305
-267.48936985090785
-133.53823172414454
-126.5986656489183
-127.40705139856256
-254.58891311764916
-394.69746100530585
-256.9557056921606
-353.71049452174407
-238.85058519262378
-248.57548275256678
-402.60403263315544
-126.48202141542427
-138.66829469654607
-127.05223536113297
-136.14124074402574
-130.64928335760231
-133.91681587221197
-132.2107522212247
-127.9969311373632
-127.77606017573112
-245.44802202875707
-6.795333932279012
-128.32076578443676
-255.82596984006065
-4.220057724892034
-244.4314162756838
-123.19855533063007
-239.48705731858843
-1.6278198770563062
-242.64163095566863
-118.43559775553997
-127.80104067363177
-128.57426312661687
-333.99446414990916
-224.52132675234589
-240.39806199593005
-2.517878971617827
-3.4291850118410916
-248.4942245752416
-309.63523317279186
-124.1321084331253
-129.665425415738
-0.663702268405563
-128.14301998267078
-123.27227730351999
-255.55798734896055
-116.99909960694022
-114.31808468329064
-343.87134077627127
-125.65034806960783
-137.86478566323106
-1.777761099278393
-125.35075685569836
-383.98616360307057
-0.11034444540215987
-480.37377310447994
-0.6230027588138545
-124.70190422491169
-243.6069225773675
-317.22610816281565
-127.8881179694438
-257.00270450176106
-128.64146975957956
-240.5868974210112
-128.87203944429947
-266.6070416622357
-122.08076812849325
-125.07158777721735
-3.9939465334223057
-384.0987148919959
-121.50805176316226
-122.8842871707436
-126.57935316975836
-128.94165786898571
-126.36546714074646
-257.53461929780593
-127.49256540474731
-360.8666926132526
-246.68426320849164
-1.9823593445090784
-131.39497132993554
-131.1287611217962
-306.25653991163597
-127.33208762138891
-130.8004623164725
-229.89540498054546
-136.6733719168786
-121.93561325101892
-136.1383623223044
-136.84225420641067
-262.5232001431526
-270.01644064517
-130.99853460005858
-336.68418518305606
-4.715967639361844
-127.85721009786276
-4.94301472872583
-357.73418611182046
-116.34464688334857
-1.6693280507992643
-121.00914874552205
-124.74238210011319
-394.6096169601151
-1.8477494077977277
-130.18592014599366
-128.49626911809403
-3.5999391492979362
-126.15924820333893
-126.86166164276172
-117.00597399176377
-125.2646122286659
-124.35399405512433
-122.51654556070874
-245.00703503286923
-278.3009545350353
-127.95872063343792
-279.5954656375003
-127.5757237096048
-129.62607441375235
-253.82100536193974
-130.11139806004292
-374.5508280432076
-129.23254306069984
-245.95176041289585
-375.69642704475024
-355.5896581871257
-248.58826987290178
-126.82036489310117
-125.22535150068386
-127.88073697738172
-118.07996616987045
-127.00739579354268
-128.20599311216594
-128.69526457527408
-388.3554493069242
-378.51114256007367
-253.3323914950792
-238.29352196508376
-4.708671129150651
-261.8431890737988
-132.77419298482775
-126.27474864167165
-238.7471423062077
-7.5899034911630485
-246.74050013460342
-136.05536073867853
-123.95870760747788
-133.4195862271877
-138.2429239050263
-132.8942869836608
-244.14527880523983
-133.2906060430945
-128.32359915819717
-127.74570183093175
-119.17548978651688
-137.19291543382863
-349.7689488603743
-2.468865223217124
-133.09750706637737
-128.96034003613892
-365.5501455635124
-115.1454621864272
-2.2026364212452316
-124.75788195035139
-117.20871337409606
-129.79790586063842
-1.9252367933345997
-266.21487897063173
-303.3380026453271
-246.31830452944445
-120.53413222912272
-118.38213020815172
-373.60344134609454
-125.7431669939962
-116.24400393849976
-119.86048525316049
-125.76496365857763
-348.0180506049783
-242.6954684620228
-124.62531027664652
-237.17745478442438
-131.0461897743589
-244.72423078329774
-242.22513480209332
-367.21919443824197
-238.23718835178536
-130.6746166851444
-114.95188970166166
-122.98846718193234
-129.24093173829536
-258.26707571280025
-117.7570286065027
-126.55208534955207
-123.10432391498686
-3.197001085361427
-245.50865298598865
-348.01527138730137
-128.7205985433048
-0.5292904174309501
-120.8643501050552
-121.15673028974801
-1.9668906274184168
-124.91528167460751
-130.36809083856517
-251.78436171635624
-128.44922883730763
-121.15256676054011
-249.5754081886652
-126.39507725532874
-3.1941333118873674
-373.135093951946
-121.4238521378802
-240.17559688912124
-132.4306560832575
-131.10704511542087
-267.5220605501448
-7.352603914041794
-252.12175861109588
-133.47330227588358
-136.68318140012235
-136.01667106353335
-130.14914659203305
-276.07581874498413
-133.400382305131
-130.59795869587884
-136.39604592069895
-136.98969319746794
-288.76728881890307
-237.55487224668056
-133.56668712672726
-136.35680620891537
-142.43138877907995
-5.526939915496996
-139.22838552209768
-275.62264130132684
-5.478139436596763
-242.55580014904413
-255.77485523983862
-136.47619297809737
-140.18828798926896
-134.8750124773324
-144.41227724727503
-131.17806131000543
-247.12433875390633
-130.9974740232958
-135.7946195011144
-354.67616384372843
-139.86184955307448
-389.0966122741961
-634.2298576095717
-425.256998365633
-135.55874408961637
-143.0108553120835
-151.0891255597558
-126.05238372289212
-146.9497770946666
-134.10105751100008
-343.01485807508647
-144.05694663189445
-384.3808382399156
-143.63970070619126
-148.4603925198698
-132.28077660506375
-138.91579766389899
-7.703944308876802
-137.03792697808564
-253.38351937879267
-249.78227612398547
-291.23254117416775
-147.2640724741454
-5.239201389695791
-146.9880524051515
-375.6162822776037
-133.37193247353463
-131.97899430965546
-298.08839315516167
-256.0827408998288
-148.98482304570163
-251.51299224594965
-143.44621013003123
-133.67167388502403
-9.82393581258464
-133.29910650523803
-129.07274370934462
-3.344822293029156
-147.63739294002954
-247.57240450829198
-267.7104081750853
-143.15549847662436
-128.525667491707
-134.70174024632374
-262.0531723322756
-146.04288861022195
-279.72294551005984
-248.59261128186282
-126.5169110948504
-134.85185353971264
-1494.1575725557427
-255.42783385543962
-249.8680925273527
-361.4262163958607
-148.00123844795053
-147.53349477287733
-134.48354418866353
-321.90854849972317
-136.620761374071
-273.0099393304471
-141.30106196650354
-4.842344491510435
-142.80518717285224
-143.62576468363946
-257.6712954560829
-271.1946977828711
-268.30743957741754
-155.16193236590314
-266.7666207510873
-528.5979400569291
-262.5673404762025
-128.8261048225259
-6.40153109795158
-138.0422747241413
-261.5144419541739
-371.32705839010515
-272.20552511288025
-250.94789404185966
-5.04300761967831
-122.44542502688829
-7.535203251136863
-247.96115945539037
-116.95696986099337
-138.2972667855223
-132.77254575744217
-129.62167528820922
-129.2470898684773
-1.0067515352616996
-371.9287872771427
-258.9557537963725
-142.80414687314857
-348.7285099529513
-266.9805090857938
-350.9351539387947
-2.004024492245818
-231.50439519554453
-128.92579725381532
-119.94256398487765
-123.41232951424705
-133.47787187620614
-248.4264597274661
-139.41852123318694
-10.418486827325426
-12.956856349637073
-10.962786577196633
-144.06599593327118
-9.350290560377926
-136.19209054313927
-9.679241306646112
-298.7445743320968
-132.29203515489903
-134.23512210500436
-128.18078873094615
-244.26049217588343
-130.66673801507534
-120.64775227075235
-246.76169818188882
-124.3837310875361
-2.2691771597279904
-407.10899570808755
-266.5331806580162
-130.7847715058752
-262.7301222279748
-130.90819332879067
-255.10568452984842
-125.19158885762342
-1042.8984418469058
-242.11329954803537
-8.394342395664621
-133.48439492732274
-261.4641171907803
-136.5775356172532
-419.0148206297921
-7.735677679327773
-137.6680094438818
-136.69105268297574
-6.994340048447486
-377.54408149197417
-266.42426976617156
-296.0614818137719
-132.28096357516606
-271.0214588175382
-6.496962008868294
-134.29254627566894
-135.75839054110074
-136.05799075014767
-135.2684534175396
-135.1957481345553
-133.1072772475879
-258.7776965130665
-124.78646253767292
-7.832604498571972
-248.0300309252503
-7.562127031558213
-7.593160892785281
-7.122287431370348
-133.92250239021288
-304.9027169669558
-244.5427811447241
-136.94065565118692
-8.477187369257994
-135.13854141416385
-244.55144686719407
-136.29464688361278
-373.4563455270887
-270.9008501040734
-132.77134621009012
-130.92650091231417
-9.207363257494471
-135.21684749033804
-132.26674314935372
-382.77091088804013
-286.1816736456139
-134.39690571351142
-330.4084945460886
-260.496404263051
-142.80727634135746
-381.85314444891384
-133.21846418545948
-8.44201839415128
-128.1490798295513
-134.16553336471887
-359.7382043211631
-298.7772195237231
-130.7023383879778
-120.35447244308074
-245.05134357839148
-255.26921002933216
-137.51596257890353
-293.18958304965906
-134.16743178456662
-132.6777373206317
-135.5339623427408
-126.54343282383407
-261.3767382032734
-128.22257126557452
-1181.0801686512295
-373.17765259431457
-131.57020490748084
-125.50720430044215
-224.7844021780875
-4.8459969793585245
-134.3231106741175
-131.74996968768875
-254.03259018546555
-135.9517038607162
-253.7865718900301
-134.05162749034466
-126.660106972878
-421.99268711556306
-134.72901028668755
-135.71123291060331
-280.45421532168643
-367.20773406529605
-11.043541872871156
-481.56436208353676
-247.96427389128561
-141.48910496627173
-136.58582347913216
-246.4908525191503
-135.36688417729806
-137.72032257925008
-9.829363527115364
-132.88224039036703
-129.1954753576959
-244.47379651836786
-133.26086434690671
-260.2725874427766
-532.7851299167073
-120.04738221485391
-128.89220403420623
-129.34164407198415
-2.969636651794005
-130.8462301523824
-118.61794903272649
-261.47063330127276
-281.37346298192006
-129.5883794007135
-132.32866040716667
-1.7183033158367267
-256.754647803907
-242.93739139754084
-131.33209589271266
-135.44555177754677
-232.57901800681984
-252.50840310130027
-125.20683278601813
-132.63907648053694
-348.9279209732637
-7.9343990752365485
-126.19848830416669
-450.616432912678
-266.0128666552104
-330.9223388305743
-257.7729782888046
-118.9015856956357
-124.0145647012254
-261.5026555099711
-234.23385513842783
-4.438522428785391
-0.9316932377406704
-4.1272208309185245
-261.24487734709317
-139.13098950938868
-247.89634291027588
-2.4348812258413597
-1.929970353353319
-257.24904917688883
-3.211210561156478
-1.2651964284787496
-1.6941678494462646
-122.33660520221513
-285.97381660805985
-255.831543055629
-244.9111332459128
-120.79315256880068
-2.3430844623092413
-122.4211036446844
-123.24196815177046
-264.21994133945185
-265.132968056653
-132.8570172985309
-268.9819479433929
-1.2066029946798884
-127.07236154945655
-267.20819354770543
-375.7771581039487
-124.63637546505585
-119.79966369061819
-1.5394378798111692
-132.56477863190864
-279.75836557908815
-1.183308298630551
-132.42521601160283
-129.7269896467419
-1.996450518962353
-138.722620433848
-265.6415122963686
-363.7314511814629
-520.3963263999448
-1.1611462930428762
-126.54889666409565
-129.14404295528846
-127.37340821895066
-126.29465973772635
-4.359936908567567
-388.43794365099717
-127.99305878448685
-124.77277577693482
-244.93139128630546
-129.6916719051382
-248.02414685829382
-122.15146712037706
-128.24713034480337
-125.15707746320656
-124.16990561456116
-132.25263306142415
-240.72904045710658
-113.72923594836587
-2.7900129313524404
-127.24677077208098
-1.5803077025502434
-233.85310914867674
-237.77820415742215
-239.8472415676125
-121.98301367916733
-130.6745550493316
-367.85771637102187
-120.21398531684045
-249.93587114480837
-255.240291913268
-127.50979844281419
-124.35614159183805
-242.74297579682997
-241.31990360944422
-129.65077904411928
-133.64393636547493
-127.92633479073614
-124.93718749069255
-129.25676150421916
-127.51031338477229
-2.4112796989707093
-132.2399577316544
-123.519435781547
-240.13157102419382
-1.6701254111830803
-3.162654384295383
-4.9307780353618025
-126.43798130399954
-123.84076828703147
-132.456516926573
-130.2546745123599
-138.29629997520604
-15.897368482969341
-125.05111271336405
-134.60806606041328
-241.04887929783635
-127.636247683176
-376.90582545653945
-124.61712393293125
-5.56993283672027
-116.77358628026748
-239.65153445857328
-131.62880454150982
-290.74462600294254
-132.32334055520533
-2.822133571101948
-117.63750272335241
-125.26790174462916
-127.56772405031074
-129.9232576063076
-127.17233335836835
-251.57660817058957
-248.16124383898415
-138.0230982974327
-238.20455159309017
-130.9377452910015
-347.42367674349197
-137.16489887043588
-361.60029712341804
-242.23685183098934
-255.46578983654067
-8.375755718699683
-136.49653063103003
-129.5181443321244
-238.72919643293477
-118.70682913885395
-131.18316425205168
-11.321084352305148
-134.0294112532238
-249.39277355762064
-126.1493241905608
-134.7824553178616
-242.61534921977795
-356.8229463393372
-356.0793517485741
-129.5853101032202
-130.9338603704595
-122.53131618692284
-130.44528233515393
-298.5253143151898
-132.4176727507296
-342.22494670111143
-130.79583699904077
-120.31235797255461
-129.55107758119246
-132.21784216153355
-133.90479947041513
-245.76878172624248
-241.64718528710728
-242.94939005425985
-130.37197620822155
-120.44486544608934
-119.83415090299683
-2.5494840784077835
-132.73187867756698
-2.2830665193476554
-242.74086591225725
-367.23879080151136
-128.16595401434344
-249.20986643303993
-232.3363170612445
-132.5182464114766
-3.971192180569213
-129.00862511442804
-129.5743648423878
-125.1321695978586
-4.277135551587823
-260.81100768464904
-130.04784496880532
-132.68417349395517
-118.14781239658116
-4.133023064287558
-4.465084758346704
-1233.476828084777
-132.05799330399358
-129.0114670946138
-120.77092582893785
-249.80674608693036
-126.3549666846641
-1.6822993880572765
-519.5129269762881
-245.8698146547072
-392.4528390595427
-298.3777828768843
-132.154304989345
-122.29699106765165
-260.7001195707253
-259.4830278807107
-242.19341209405667
-124.89238031578242
-121.60558254682418
-124.37729161097391
-133.33719567216522
-132.70189009581148
-323.0131567311124
-127.67846420269645
-124.5191685882124
-127.62821941461642
-252.0014210725821
-330.94441306775036
-245.31984105107668
-238.49551512557403
-132.11306661373942
-117.99736413204482
-3.8190332279259964
-4.874531306128219
-137.35821852865595
-240.63848796716945
-261.2300824845951
-248.71180368208124
-362.3959106863412
-233.56860294063947
-5.254676322785231
-353.7127119884588
-138.51133825405208
-130.5041458494669
-13.562747183485104
-236.06850165255932
-249.02404876180077
-253.45953377789326
-127.49813820290512
-128.05145187464913
-134.81440050072905
-10.765786850560168
-11.363216099029103
-14.365016956512429
-139.74639948864058
-246.62481832536577
-358.21940433570273
-251.74016694308253
-139.5979874241811
-133.5969023916908
-139.94820155815174
-252.35888614534113
-245.94145112022326
-250.58828503745275
-130.7623055371759
-119.51075940914689
-241.50183132605454
-131.70013038229595
-129.62187736810364
-129.9752902607918
-134.22559002221033
-5.204103482014965
-127.84580486898642
-128.60264719883213
-242.15202635703992
-135.0570831138081
-134.78756707221947
-128.0809862106854
-119.90190716957763
-121.15652369714887
-127.22375413770149
-130.6918354734124
-128.45109378542844
-130.34191299607042
-138.0235654426826
-130.75515119569675
-7.774750421551555
-135.06294017632425
-250.18960064390768
-133.51640985727278
-132.93474255418326
-239.07085615262955
-125.68058237340986
-132.22792580008917
-125.41389540140005
-246.30048030162558
-261.3415558327397
-132.45623305312088
-265.447254344096
-3.014157383089413
-248.36004878682363
-130.82860513181816
-244.67502317717612
-132.6938931852206
-126.94379619579746
-132.51085145814383
-368.7906420466368
-130.9509071194104
-0.869314437994826
-132.16984194638937
-2.137587091446341
-1.9198267189170592
-119.91002183873461
-119.26013138439656
-126.39940285298546
-239.1323084462013
-243.61966050047016
-130.9379224524171
-131.40643473227934
-361.85299044279503
-351.41492881299524
-115.22498517745939
-126.38602666114801
-121.98032315638433
-127.0230724751797
-1.8025762444162257
-0.8376486632085226
-117.58967528363205
-926.2308614074732
-655.6572212245819
-7.022583148003072
-2.2384794655991005
-127.77771727840246
-127.8297545009667
-3.5983808247082245
-375.2404419172746
-127.8171764941002
-115.37773082688224
-351.83909007103625
-131.04653650216025
-228.24632324467626
-129.59305726074436
-349.8440777052854
-251.24061207386293
-129.63239936725014
-123.58868770521083
-1.7326184211548055
-245.1197584750891
-133.98226750277138
-241.34814297849368
-246.40081561571412
-136.35289099313525
-378.9198905602779
-378.5290143942125
-136.04531352142368
-251.73383199434073
-250.34816883485155
-132.0151165698875
-129.71196073064877
-127.14570621481562
-4.1357344346420195
-127.69256402348395
-14.98041079753535
-131.48316127732414
-118.50545381178337
-260.129411622105
-127.61572474234244
-361.52501357386564
-132.0812250714834
-130.57180287241803
-117.74828763568553
-133.03699519644874
-252.13355146736401
-129.23798392988795
-133.474767351458
-244.50552346404749
-128.15339197317718
-246.74141971775185
-255.61427480401045
-1.5730919234991878
-247.6667381384453
-383.24604599134693
-125.11254513337951
-245.6817106349235
-2.763190126201953
-122.82811272478712
-364.95504843574906
-124.55240912127324
-125.96741644937244
-3.919998782168028
-127.39329473527779
-129.0818486899946
-249.78222063783693
-117.715279166711
-238.31122860539926
-128.10590203125162
-131.3913054801017
-235.03911407396023
-319.47077714189146
-131.30511365716862
-256.70137234616465
-222.78259183752292
-245.1329036838652
-115.20114059184637
-252.26075069127964
-309.0739667419412
-130.9809014969309
-0.4103534785116685
-126.82719754847851
-115.02882863264708
-1.179501210444354
-126.59276826560159
-130.45545756882996
-246.06862061917025
-122.9972148344858
-133.31582279731632
-378.2725754715237
-131.44963469278946
-254.8141188661214
-124.87832527299918
-368.728004037668
-124.51064068599997
-9.258947542710379
-3.9741067289173615
-1.6064312543010493
-255.08370485115807
-127.9470861782919
-380.66731165641926
-127.94085669588281
-121.29785740876788
-126.40425198088361
-2.8025005591752974
-134.12268356901373
-119.98126708463462
-131.29727684410923
-131.78215894109022
-126.80834444734508
-132.51069026470358
-129.58078333638758
-239.08554543586914
-358.9015280159045
-245.00511622935926
-2.9286949713463026
-123.05868760510722
-126.6410929809519
-127.71845398933988
-120.95498997362054
-237.04415078535948
-128.07691978627554
-1.438096055019708
-1.5960198237082137
-226.67245289604548
-320.8165418641957
-125.31951450813845
-317.8337092719971
-134.3906953457345
-129.97991476060074
-246.8148474846206
-3.838073666757732
-3.1036010160948804
-121.43335083306702
-3.2198434880771716
-134.6079866158429
-343.1201813896509
-339.93136084855365
-132.75606437259515
-241.67788889327943
-122.60095517431353
-125.97170359360652
-129.31252533308873
-132.7839340949375
-124.67624374535914
-129.84989935591867
-243.02558005400044
-357.15091013730756
-133.76594773304126
-136.33171038033538
-133.95055936530508
-130.3306919925084
-1.8499048567784433
-125.12495563700988
-130.5539899991311
-134.14352708192226
-260.6505931241869
-257.78132956387157
-131.04619414092744
-370.6790206850347
-138.30987118390982
-130.73457727913424
-133.26207327862113
-257.24617307555985
-126.34737673001099
-126.48461491939338
-1.5062979649793349
-2.6774772043141817
-338.9222146118805
-122.34471323232655
-130.55189649751046
-244.03365671363642
-130.47704807334853
-131.8380767520373
-4.598319198980978
-244.19646791748877
-129.43415950932334
-131.14353624812009
-241.87085110101663
-251.16018162902398
-126.46791098643595
-128.49331578412597
-125.31504940539209
-122.36087168182104
-119.14776775743768
-1013.8024324999463
-133.14498799187746
-3.7964843238464336
-133.79306960574095
-117.53931360986961
-260.9204801368214
-127.64606396807707
-245.6723936963641
-249.15295708371954
-237.53176194977877
-123.74135042243246
-132.49876304677952
-2.1903188297475955
-128.66780732882114
-251.59731022404785
-244.06971949595683
-114.65378656932995
-127.87376300225468
-132.2803244221252
-265.7985892928736
-1.6217739169340715
-264.1637068118825
-2.6893843493534186
-122.7958269824914
-374.8401943452928
-121.8669327902469
-134.61215666945316
-344.2120388580582
-130.7936461775145
-127.94905148683092
-270.9049297971368
-308.82429654138843
-256.57009802825064
-273.22322328221776
-8.775363820057875
-138.66364039085855
-139.98560028339514
-10.409860854089947
-136.14237623465644
-132.07144027247503
-361.9372913614886
-135.80904043656238
-245.19255066828245
-242.29039566156658
-346.2456350252091
-131.38752397181594
-1.0856449311046554
-362.1530008041673
-130.5362091713678
-0.9745729186891956
-130.0516689761257
-2.1901893860311623
-129.35160393901643
-249.00381786726473
-353.20258311278195
-249.47390673212345
-2.890974759709141
-130.87096079323015
-400.3603048621404
-250.69416383076467
-526.0155351607126
-121.10009143720008
-263.3457321299448
-255.80817830903592
-2.7944080818665555
-2.1563273301933914
-931.6375586241593
-395.2342738180275
-136.15864716099256
-137.32100168828137
-123.47064398237985
-138.0843706348368
-804.202536780756
-134.06412059403246
-257.86933767383226
-128.16325020508268
-370.1270331898392
-118.74789088021551
-2.5811006051887158
-258.4437868116128
-394.17171950368555
-128.1658835607695
-123.91467945808286
-241.51038996236443
-134.77379485178744
-250.00295943087104
-3.3340688774322738
-129.10211708669112
-2.0193144207819294
-265.5975269633614
-244.969995116455
-2.807816738035163
-353.41184176389146
-125.6661050547166
-370.096163991095
-130.13677396546683
-241.6890584837387
-1.6443225537279915
-2.1183871111537527
-132.78574358189988
-3.3024321686841973
-243.9319216225864
-116.19419169252312
-139.2664486224341
-124.66434160005095
-244.91922802331885
-2.951939000506106
-257.5863708144955
-2.3165939934806468
-256.18568402094587
-294.2725136759469
-5.123200647629851
-520.6897886629614
-399.0087966776799
-274.72525243491475
-141.78043157865176
-266.16924877690883
-124.71494986072473
-257.47462211657034
-337.1804113260003
-246.89933025558295
-137.90721486039192
-4.916532453721576
-132.4161875625183
-133.0332269183503
-117.81898994935263
-135.57514919499602
-136.32740884996608
-136.78637803331992
-134.11118929946628
-131.88113789579614
-291.3546797277603
-268.3507646161876
-138.8726088357494
-126.04896220438934
-135.26960158054752
-135.61192559509075
-134.88522174157552
-130.6253627739088
-131.24568636126003
-132.38504263687022
-384.00449855453047
-266.37486025710643
-382.61649448064406
-133.61702776631228
-254.33248253368419
-132.8158398098006
-141.0213962505139
-138.89501383926574
-7.0652460951634675
-129.78411374750186
-241.33087206809637
-128.05709487323466
-5.580075298531669
-6.857861918919437
-131.92972520920603
-133.22898017503326
-132.23625383491517
-360.3412726344037
-4.4076506130109
-132.54573895527156
-116.08820276329831
-361.42698469728026
-265.0097083823553
-132.2890229609067
-129.88080569715186
-251.89141635945916
-339.2989691678228
-396.04591184667964
-352.2184568025392
-272.7474082686251
-124.70287713574125
-6.934373216367368
-5.637628656165672
-126.46111292095115
-8.953505917862385
-131.0455510111054
-257.96732783151515
-132.02927616630072
-126.30897554040857
-234.82817558580516
-376.6722970419328
-129.39927861041005
-131.9790555582193
-5.01160695825643
-245.30555002757185
-137.16281409881935
-120.1521080526847
-135.39547457299255
-135.18457228651283
-126.15067632968743
-134.93360351012376
-6.19586701305248
-127.1181883398666
-134.17533170522233
-239.53029875275556
-130.8449762638768
-246.49204746679317
-233.84531413495935
-134.77695118875656
-129.2368410896695
-133.88547612523806
-132.18482587353662
-130.73364499883962
-132.65930731012045
-252.70288199755484
-132.82268571691242
-132.47399609420503
-126.21314941881386
-135.7220993873977
-131.1053812526416
-9.80484489830968
-132.54450740678277
-6.450219978062749
-241.07265665002038
-354.5541540560966
-132.75839070129746
-135.97251021644286
-246.06328244805857
-135.41019828633176
-127.24385375127021
-291.257613743051
-138.77187449790677
-133.6477192383373
-120.66862495832233
-123.24475312365273
-257.95446017658554
-128.4018321811709
-979.8596347839806
-6.1337289661000085
-131.22089757297547
-133.36140107801396
-137.1658642189293
-124.75062388849125
-228.37948867135714
-10.551903094469987
-8.889753485271546
-6.678116641802033
-7.519786527792027
-248.5071712452939
-367.62870328627525
-120.3232097442459
-137.1798009963142
-259.4603883208941
-382.15143680109406
-127.33746570971184
-119.87259311878388
-310.81059759208307
-5.806571548968614
-126.58082641101072
-349.8232880565695
-134.9705124186737
-360.9882844174138
-126.83033683716245
-3.7989066374082703
-257.1236530751859
-125.5905009199932
-334.77631876861153
-5.135393601405584
-257.5323932754131
-360.21767208758774
-122.39065613325644
-121.66252409512822
-134.3614020873769
-228.94920824574623
-9.668188094362483
-136.17906606733837
-133.8032016997548
-255.3587751745545
-136.00300253263967
-6.03330576815724
-7.173822794214623
-366.78460593467486
-2.6722101012037642
-115.55588357263748
-139.42819761510964
-251.78876521217867
-129.62403676134164
-254.44242219604928
-121.91051106233878
-229.1070503695832
-8.709814633676961
-3.8999413590812853
-133.7414359984711
-137.39713686099606
-128.1933214107365
-314.028172467662
-5.07519455949817
-134.58455465057682
-4.722142619621771
-128.2574576163488
-124.25016676422904
-127.57580832220361
-136.34861044258585
-126.64584368998304
-133.92079201755462
-349.2715361620001
-250.41054804479506
-132.95742448123025
-3.0176538590124977
-120.60660377260987
-132.69425931209653
-128.97101605380462
-252.5346699197298
-331.8069082700864
-371.6800647010182
-244.18282137500782
-400.4800720931206
-119.83388755104896
-4.8402015041141855
-134.29225402433022
-134.8516189960933
-117.82871256422393
-259.40535408487307
-248.339629853924
-351.29889259332305
-130.78352987444143
-130.47463150822787
-249.44114453687746
-121.92815406718955
-411.42713894020017
-128.4841349389428
-241.78263531592026
-270.4131129888746
-1117.2175274096073
-132.89864759086552
-379.28456757721295
-133.8616611331914
-8.265847406795798
-263.7987724414253
-8.728643751101119
-140.91957540956938
-262.4785287528044
-140.50744336640867
-133.81134355059567
-387.76230592378175
-140.0392798058242
-1492.5445476530447
-132.8756804623116
-239.97897470759912
-248.58082691535515
-126.11365237059441
-2.4560613106423554
-133.84811190219898
-248.0492745145776
-248.15919374575438
-131.69852112339777
-256.12674240718326
-137.00479302658408
-249.49712157264585
-269.20388273646597
-1492.115589539368
-143.17512396351103
-141.18887688378888
-140.52140564311514
-138.14110708230302
-129.81381296026413
-144.75796503454842
-258.58298523497575
-131.68145568415926
-364.93455915212706
-123.43609505939094
-115.48381800514822
-1483.8273857635213
-130.87827389032887
-129.2898043582477
-1502.9491080699922
-125.19090627108723
-1524.3438217674063
-128.29717721800662
-3.899883665149006
-128.50124886986754
-132.9551213485639
-135.14466282147183
-1504.7436767531394
-1501.3523374974523
-135.83226762490705
-9.792367200919
-257.39783265077756
-123.65762460585286
-243.7460793509235
-252.80278522198756
-130.3416093299627
-250.3978034338023
-132.6290751357749
-124.09844488390411
-138.34059236993397
-131.64043468472008
-258.99556069458265
-137.36252933247962
-138.84829137136614
-125.39440427453991
-139.95831904744594
-133.07599993033517
-14.731017847367202
-132.31010235479894
-137.18189804779828
-132.33064380329125
-132.63734807228693
-130.35649971824142
-125.04045526598047
-132.903530299373
-134.07806082695276
-137.13123440335264
-127.63452019674706
-1495.9776767584012
-244.5166322030451
-4.901055504735793
-129.59143678411425
-251.90075884889148
-6.515048195663985
-778.9673609108629
-130.92900347739885
-121.6297176474989
-132.0393893285669
-129.62534665599765
-240.19837912793102
-130.48378959284278
-1495.8194959709867
-1504.3838314841
-2.4164047914065594
-124.42295622424513
-253.26815577758023
-135.85464224419317
-263.6452100063329
-1501.938757156093
-254.48914221807078
-134.5290303185698
-6.015275583317966
-119.35303874534083
-132.67520119949836
-5.047032761366737
-130.96700330719347
-128.04116795693022
-131.42039709921232
-1509.3257086583385
-1517.4423170891694
-131.46134242379563
-128.58323063963905
-115.95585351026605
-379.5686089948339
-133.0279123242432
-129.59490038714964
-259.47451032892315
-380.3512535295192
-132.32126551914988
-2.537705329464363
-129.88631893478097
-248.7890182255755
-129.8667003704552
-265.05073290091315
-125.98158973118439
-133.59525724320685
-250.78924561986494
-137.92370940121825
-7.128102434160903
-134.8539050130352
-247.4293687320016
-2.8148921271582568
-126.17096831739363
-252.15024538941077
-6.650003356011494
-2.340895672793507
-131.41293810492877
-127.17903018741848
-133.95732858328444
-128.15178865391744
-239.39350495785382
-234.74774983045302
-130.60009701768425
-127.99415667848693
-114.9225293509307
-132.36879967193676
-254.105005700528
-3.434501543177745
-264.60474800605715
-129.4556544032864
-525.0027855533881
-133.18160922976455
-132.3608994727849
-138.89435396699008
-136.73235862694995
-261.2561328968905
-10.212430793480603
-383.31399103167297
-265.89180923449663
-128.64327058406113
-258.13605991664133
-129.91857182362847
-262.7006353266943
-140.1891691269764
-267.0814896053
-138.34302555947312
-131.43122358614988
-128.2929496178516
-120.3934412373781
-5.239477575279163
-251.2933335105908
-121.17569052900902
-129.95831247140475
-2.8787984448649038
-339.7895738920768
-2.926157811303704
-115.83878854950248
-294.9516353011702
-2.4711180744786527
-238.9895421668351
-251.14138432179868
-250.04067158982346
-281.1748143602892
-245.08509918903795
-121.05287793422802
-2.5938187166585966
-347.83744377898614
-132.5191840290615
-342.8507475895433
-132.71464456756678
-323.4854991340004
-123.94618825055655
-132.9884222231355
-1.595438220763641
-117.76284513513312
-122.23618174017628
-129.25353121454634
-130.39095092706384
-128.21610974389847
-129.97288086064202
-251.69223373504948
-126.9789038482221
-134.59900369547347
-3.7104507077094335
-131.64023683005297
-242.10543517833977
-130.19927447623
-130.42755825188053
-127.50192061108537
-352.3214394796343
-128.34215518084343
-130.09973990949723
-129.87300283561746
-129.65747319599285
-130.435118465839
-133.30531114690567
-133.510292562298
-126.89530742594079
-125.60335604449915
-136.25173879748715
-131.68605530319175
-134.0846769881099
-136.76592294553737
-127.81219293661569
-134.92754368469275
-134.0055086563671
-132.4566033526726
-132.5677768058699
-131.96830416553405
-132.89899603645856
-132.23090880725056
-262.73170854148447
-136.71417058488558
-124.15446518577123
-264.74508959940226
-250.86873528675758
-381.75643139661554
-3.0028599404009664
-120.22629527553019
-369.20001320374143
-5.319549456926616
-527.4617077842597
-120.45339654706893
-135.79191112860005
-4.50445637722788
-291.9828417820689
-129.98331229967286
-129.177120767914
-252.64401351732673
-3.366968784335436
-2.4449814655059288
-777.0483222321986
-949.5339712549487
-1037.3610794860342
-2.498461490459781
-116.86952729238496
-132.22698733773444
-262.88855635224934
-129.9727817394198
-131.6269559071543
-118.23320444089008
-254.6873235473929
-133.37725166949102
-268.21649536904937
-129.35988984298336
-133.27178692159185
-272.0932928300287
-255.22484854999894
-131.38686668224435
-235.34612396735264
-246.43513775836675
-131.72108445870887
-130.2593447955053
-277.9053567526905
-244.9373821932977
-2.0838769210514085
-247.06747603205957
-130.0021392430179
-118.40709756642175
-371.03483206280873
-128.51622810395097
-129.4623702498028
-126.7478854043161
-232.74838798488645
-249.23491840279928
-243.04751887507433
-2.1220537076340587
-1084.827261476965
-129.156568358981
-341.47811882682646
-121.71276918450673
-261.23640769763966
-251.5089498397911
-121.55763835562577
-126.7274433447878
-2.585685862039961
-367.8301230299612
-122.2615355379945
-132.20894072121885
-126.37233086314778
-133.80041792454682
-137.21055237052235
-294.45513007045656
-135.35083138729362
-125.50901828076915
-386.0911782966135
-134.27725770157966
-253.04298796228122
-256.45620453365154
-12.365308878667985
-10.145862986561442
-248.66290392085145
-265.604251240203
-132.06603282496235
-271.54136977886225
-8.620729803554033
-118.40194031948836
-130.92197734278506
-266.976390977236
-381.3137705638688
-411.40112287425734
-132.5671184517677
-129.96441708257757
-122.75074536915916
-611.7900791147996
-135.6187692636853
-424.4006352491488
-245.75750394333662
-258.22305654977805
-262.94333454184294
-136.00696495227257
-5.43585304217853
-379.8258680377504
-125.20922495675744
-116.2239399116248
-5.110743130396179
-273.49083102217895
-265.2457189095439
-313.35738943161886
-264.9286155380349
-244.51484657915958
-1064.0043575362233
-128.94247828311532
-935.3175269271437
-1.3180968383800773
-400.2020659226904
-2.5894285890183797
-117.00308212962268
-243.03915809534968
-370.57192326775544
-376.9560048661259
-1.522613806993441
-232.89307044369303
-131.07262279021012
-913.862202013707
-132.67631093750933
-263.9184030188328
-1.4738894609242503
-125.57299267915339
-264.2224128420233
-250.9531156978084
-2.8876037233701686
-3.5576070498930212
-128.69152278295564
-128.2166818791935
-1.9890275487300761
-126.9569934670889
-132.61536831468564
-128.69285153437562
-360.19860483921144
-134.6100362267074
-398.042073145844
-132.01556749690013
-246.50772765972462
-253.3530328663774
-280.11360491779624
-241.68412613521548
-393.9905823953429
-127.65795870112444
-263.7832106402972
-129.93678617062886
-128.17780010394605
-127.64852873705647
-124.2254475564826
-2.3360535256828254
-116.73626931439367
-2.4720149893349967
-124.29902110817483
-131.10317293889403
-128.68802214157506
-133.7730290854723
-388.38676077531153
-263.201788744012
-125.17583824957123
-233.72135235443406
-1.8357960070485404
-115.63847794143965
-127.23417350071315
-779.7875272835736
-244.45989231882427
-119.32697743973154
-849.7897224543791
-245.35685038064614
-129.77398172699415
-123.3821127428118
-128.9483663743797
-125.17583214707811
-136.47140668164374
-245.46315366417804
-132.1989241854727
-259.7658891429726
-241.61824758711407
-1491.781903281051
-241.23858280600254
-246.36622567575654
-130.49597973757346
-502.2195746014001
-124.44496473689348
-124.60836482764176
-131.31954093271335
-128.8029318036025
-269.3464167669825
-123.99424680975358
-132.9458671869794
-272.4496800665694
-509.34020705237333
-381.43694872609024
-134.1209487258274
-265.0461811508915
-139.2815490938656
-1.7625851469638827
-305.54430375421316
-129.11424661595288
-395.9354656911267
-273.4138131708484
-3.60664409319173
-242.74934170044307
-130.80287091323652
-265.312893144207
-136.6065228018426
-129.593511744541
-134.80107484648056
-133.56069562984592
-375.4033169329902
-136.07994471190457
-129.98106684911187
-243.70215683071893
-135.58584497479399
-129.61083568924505
-289.49672580355724
-267.9845612066746
-128.53726525562595
-410.4214941588981
-132.73439923484796
-127.91940108504748
-127.96391582497081
-366.09086701743803
-136.80905020086126
-8.127180977061434
-6.070550203235722
-127.14906532946807
-140.75774681707205
-137.6383446190579
-301.7739299424731
-133.54574058879882
-133.2337095539656
-244.04253705546944
-248.22117492874625
-133.12992620304885
-133.2861459605051
-135.1247026792816
-256.96986787259806
-136.58299366592132
-5.8448448062216425
-234.6335291968797
-136.95703573402076
-133.23699435453287
-135.31291341663163
-2.5621274657301245
-244.13262170948934
-322.65053981727846
-129.97092357127198
-124.71618533424267
-229.91874807414464
-380.3803936380982
-253.4913496213679
-137.22023252546524
-465.494835187432
-2.2126969211072964
-128.58513757276557
-265.9414476498604
-1498.4100902571145
-1500.2023668920806
-1503.6571126424094
-131.00346183814565
-1497.6002022647228
-129.7059105397485
-121.18959532079231
-129.72125067293314
-129.5404680377163
-495.401782149192
-279.06389628489353
-2.4120668965555443
-126.52474724597552
-384.5177508613038
-384.7568141313939
-424.36495419463375
-267.09475137754487
-414.1965215564815
-268.0305235978856
-135.08321691693791
-252.93979126459155
-377.5092129486543
-245.8439396375225
-6.888023000449866
-388.9966193509442
-264.6193158423165
-119.84723504469116
-140.95005713421213
-410.19786182266074
-379.0102660186382
-378.8447299507884
-128.58898826811796
-270.12394437735117
-391.0974459925487
-132.0944216237715
-3.2880646382853835
-131.05182370144541
-139.00296893916186
-128.38242692879456
-2.9425107610932018
-134.20289412410688
-128.79572542328924
-132.41295306826683
-131.8361415908033
-132.4330359004821
-127.62598906978766
-1.6082534473206411
-129.5119539453669
-1.4551436621418663
-857.3088732411044
-126.39161005696077
-2.3392416226797277
-1.6976341091913214
-938.3874337592282
-131.37751411567308
-2.8065355794249265
-114.95850279162677
-125.46232822942765
-127.57048384593888
-133.67859072300615
-125.23468835582898
-3.468426737574332
-280.1077603673009
-315.77987340813274
-242.77555900914135
-127.4631960094528
-128.3623970719614
-130.8567394121299
-122.11356240007997
-130.5390662721296
-239.06168393526153
-361.794027294325
-915.1293565546418
-124.25634921779398
-129.47168147435656
-925.8313356638661
-275.43843531005143
-123.95181721412156
-661.6153789932756
-278.3240893706377
-134.96215223079471
-277.863343062099
-125.04001657823414
-125.50392875794421
-276.1647564395293
-5.502997034154618
-123.92271283350497
-130.13610535719442
-1057.831182608705
-353.07102473251365
-137.09845852211052
-1072.1637049009519
-133.47987376080366
-313.3497237922043
-133.43957083023233
-132.1250558167459
-4.171587094927353
-128.48827350076922
-6.032396951545901
-138.40565664455724
-145.4259541685942
-135.95209518216288
-263.43668502782594
-138.6320252460538
-126.62044728286173
-133.42823785847096
-1119.4685032708853
-1221.3536153376074
-128.07198279895522
-4.966535150681943
-9.360449640731224
-129.05633755499184
-123.94297700240864
-14.441303665763702
-139.32913624807117
-135.41205141245376
-1193.0347846705638
-136.28956191525992
-130.7925591119121
-918.6600056944831
-243.5594036926032
-130.59684398755425
-1396.1332094647817
-1376.6742764626792
-347.3283666849558
-260.42437327548464
-1346.075915505048
-248.72894354220233
-134.7693523239138
-136.5524828256967
-1194.5917863430238
-257.48678928095455
-11.550665340686063
-265.9380610371991
-1217.70117262765
-1193.7478436666288
-279.6056179166049
-1223.016268170208
-405.3897358448452
-116.48889822498332
-1.9604162368539164
-1197.6620462495782
-131.53595880264336
-116.97423893279854
-127.71257494413115
-134.3598397054845
-264.83746015304195
-131.40598715872326
-128.86505883881003
-247.34495421686472
-127.70607069441266
-1195.3625481198974
-133.74666172301474
-3.1304570568452728
-117.61422557759703
-5.597580039919252
-4.971752851303268
-1098.6033043297944
-1157.491867940086
-1193.2076696304275
-1494.8081147683906
-238.55935543968076
-131.87277477186913
-128.06436765114825
-6.291422887151085
-385.6971364456719
-271.045694955456
-19.85555232390016
-274.0523975829264
-774.9976060721152
-789.7452148314355
-802.6643427885405
-724.4538793492881
-1179.902350055583
-1174.7037660165042
-1056.9358182991843
-955.0932655686851
-1229.4315242776586
-1230.0887587582451
-1247.4582929351989
-1349.6570593175968
-1268.934086349878
-1233.0137386582564
-1223.698198605895
-1244.0195754383415
-1264.3011106953122
-1184.3325043851223
-1151.5136100486206
-238.69047540284873
-1187.7493158022555
-2.2097750915801684
-1491.2697261707344
-135.98059248979243
-350.11707650356635
-1232.741637446271
-242.08739862969023
-2.0115459495245913
-1267.7850236946708
-138.39509249336334
-128.4371739393197
-119.62036245564222
-134.2095589839764
-115.76157783574078
-264.1432544812269
-131.62007081137878
-251.628386273097
-273.0072731913857
-2.8536439165586565
-131.44810412521332
-1494.5486880162427
-131.53191318333143
-130.64741610772327
-1.5433158321503757
-125.28675851876955
-1495.5874859734824
-132.1852940758344
-7.069148509225362
-259.624152257407
-134.38807662144262
-138.3912887466444
-3.725660314097127
-133.57209122580971
-317.73477614258184
-135.38238786657405
-136.13903458283906
-135.05436489255388
-248.5507960882781
-135.10218106265137
-136.5558209306915
-125.38056073922603
-134.80041496507982
-247.24510733879154
-132.46545277231456
-134.45458624234857
-114.7814993744071
-1.7546150687342261
-136.72829732021899
-133.89416385622548
-132.33384326580796
-135.42243834035853
-137.59091190198356
-132.39126698528858
-354.36728410488445
-137.91568527618003
-5.321377053557036
-1503.7765113144733
-274.00005659675287
-8.686283356429717
-140.06844383066274
-10.923645272279174
-1495.3357554862293
-275.22641486045256
-286.6093288141974
-14.954032525736242
-20.753164734420142
-145.9698094410036
-137.04870964715585
-1494.0543188138668
-5.488260063508552
-403.36264719602843
-1500.9902145074545
-137.0198774793967
-138.52432423699224
-258.69893697192185
-253.85398127548444
-140.69333566367
-138.1378999650887
-138.22213774672142
-8.903791847408854
-249.78756298643987
-134.94758653064775
-127.59490648314039
-8.140924971516908
-133.3176980669923
-383.3212794321128
-284.73416183304283
-134.85812849943258
-120.69955786862825
-256.7153744489555
-248.68920411952476
-8.271996366883917
-138.7626538323882
-248.87489703186006
-138.70382644845637
-3.6960024688266904
-330.65982813522396
-129.83988980910047
-130.3240921925657
-351.4586317386055
-141.76909026014476
-127.89658572248517
-338.19524766081906
-1491.3049092837766
-135.053773536839
-127.61217889392583
-135.2603035093168
-244.64841586252297
-136.8271955347368
-2.188934206649947
-132.1431646721662
-1491.0247968291853
-131.05572396089624
-264.81231554136633
-131.3012420229497
-135.43710060741648
-397.5184025003623
-3.911387799767326
-270.497398864941
-137.15565810286088
-267.660410135641
-137.27181842870073
-133.7090077865638
-261.8309924425194
-255.01767880178974
-141.8827590546738
-144.80243002619383
-16.224226255780426
-148.16491424921801
-243.62228843633207
-138.5107661373558
-137.6451214357285
-393.86838722362313
-11.800628445515972
-513.0701548983448
-142.23850292458448
-140.5182325380079
-140.18707773051452
-9.191233695585456
-272.62821831549246
-239.74946499466245
-134.44642604773068
-503.3385778119371
-9.939477680659893
-138.48718591722883
-11.537634171320118
-136.2465335826106
-262.8596938543123
-120.83908890582929
-141.0907416496578
-131.17611119713064
-272.0568127276374
-135.91106215396596
-561.691970289843
-272.3779026515703
-970.2205505878183
-271.49643740330714
-271.59624536288237
-269.40686659183393
-271.6147889323442
-267.6654370690952
-1491.925984136284
-268.65785645556593
-270.116568916617
-122.48544694149251
-123.33972770470135
-402.71838696071256
-268.1286670384063
-275.69226553859573
-409.92310360112543
-1084.4086266146553
-270.71366702622254
-137.86897103853778
-10.650591098439094
-1492.461427827461
-948.8062371554225
-123.40954797496592
-1228.8683795973177
-1223.8501133843986
-1289.9187378705676
-11.158581487762563
-1367.032537230472
-1299.3558707732693
-1386.8010368285418
-8.811408813757735
-1386.6883523460435
-1342.2820153296273
-1341.6605069773505
-1467.1135889985644
-1540.1988581496887
-1459.0898863175428
-12.48797739300033
-1389.9907699147436
-11.468798856875557
-1427.3141797181597
-1492.3609543725902
-1450.4715009158429
-1393.8192511928955
-1376.9095800121654
-1340.680608111336
-1353.2291010715294
-1524.4716716156056
-4.7605995808836346
-1294.199682003753
-136.50459264474623
-1364.5829181774777
-1354.2857845302765
-298.7094097538042
-1225.850877580715
-394.40626414973474
-275.95198627411736
-1493.0388666936917
-1489.1578411575824
-267.150928562712
-20.100558867003976
-289.5757139760078
-652.7630594464828
-1495.9376050711942
-1494.5410200131516
-1494.3783887917127
-1119.9768025354206
-652.5201771522915
-1502.4650691845857
-1366.537726934048
-771.2262131963031
-1495.8311068149726
-414.7932461709325
-19.488945518441376
-22.42036068805443
-1503.7453525993853
-21.86675755772646
-19.0967866291311
-144.68417689186046
-276.9843096623109
-409.89081877160686
-12.352391302433942
-1495.8918654124684
-382.7328962182583
-393.9327290210168
-1493.6685891353234
-18.06045433519547
-935.2745330056551
-15.393683650717183
-1341.1240800088547
-996.1498773857172
-1499.1358176845204
-1507.3663598358585
-1484.385699144467
-671.4046960752744
-1493.3205910429162
-538.0127264687715
-1501.6975636906411
-1393.3520797154067
-5.074317896120525
-125.8384671260231
-5.005571906881144
-5.861353378042866
-259.2738958249195
-131.0954264897479
-1517.1013586458205
-1241.7361104803401
-134.79628080369602
-135.81773411298823
-380.5863815230538
-264.76647080536026
-129.80738108817854
-13.147093348684823
-552.572660555592
-1500.5879039599117
-138.30992336207615
-137.02473448496625
-282.9802636805559
-1494.6007317736571
-133.99602734997407
-1497.1378599653033
-136.44345693705952
-406.25931524321845
-133.06073137509344
-265.7385340345329
-395.6460156143914
-128.11183674470047
-131.6096550073964
-3.759647054643862
-264.28425585826994
-275.5495528748091
-1.750846225985684
-1412.5541308325512
-272.3463858618332
-1496.8582613400736
-130.3858817707456
-475.2177099085466
-1416.5883686091345
-131.94678075372818
-265.79664527406993
-131.62080575366156
-127.59793974071275
-282.7934435652488
-289.9403357303605
-680.0077555651621
-1473.508792210602
-667.0012572413751
-668.9533607584693
-144.20619505666986
-1398.7857639088866
-12.441388066381739
-1452.5874481619908
-140.43126475840612
-141.8346460322607
-1491.885441760946
-274.3776535795977
-404.591388905954
-1495.5922513470175
-1413.1281581560163
-1508.2535367945145
-137.0660750354219
-9.945778143752783
-139.84790714505573
-1500.092294843787
-136.97673929165
-134.9624589039648
-507.4205754144426
-1339.7809616129725
-1182.1286003477749
-1460.8692377210123
-8.905288885178445
-133.67274616233965
-1342.7424096873854
-8.841515899897539
-1003.4843879339514
-10.686938028905846
-9.490214479897997
-138.2339607369395
-128.4141293040535
-1454.4144819990631
-141.42931371948774
-141.33244875287298
-1312.5481638120305
-1330.1995604806004
-1496.4014493224731
-1496.1040425165322
-1106.5522577158263
-1516.2702532400647
-1310.8660145455947
-1425.5119307936206
-952.2591440159928
-1519.6020284535825
-15.687983472276432
-141.82570783661794
-16.31429180468464
-1520.9493543982612
-1221.9852080912103
-137.18509097827226
-772.3427120833001
-1273.4479392792891
-1292.8609678717573
-137.32233171723382
-10.759940874260142
-1494.9561911576586
-1495.4998212866583
-1523.856301998237
-245.38646947375645
-137.82863331116977
-9.797056140262166
-1047.467852166699
-9.155471405193284
-1311.8192390714082
-6.595523460277922
-3.3844970265040106
-1349.8727458804815
-1492.9456449365575
-721.4601168924621
-797.4341438332754
-1187.0135976032955
-132.97387938030303
-238.6949102523929
-132.82523795094227
-1515.0730126194014
-134.9574003737509
-2.218665091187614
-1213.4021001445838
-130.65742214913982
-131.51351222071665
-1321.4719670841748
-1496.1623722480508
-1457.0567339777215
-2.092726648290547
-238.83826031574048
-1500.588625065735
-1188.165704842266
-1233.0251072296194
-1495.9300365925833
-122.83010460817759
-4.18516730627203
-1215.5161015106464
-1438.3277026899316
-242.68317634468056
-1429.2332379282186
-1266.5197457351285
-1315.8561296081177
-1426.9051724694525
-875.9481010661589
-4.531118151363378
-1104.7158632096996
-2.8943481565097513
-1494.627762563408
-1347.1643743361542
-1492.4984241196275
-1358.2825844098104
-1184.3905037603631
-1505.3171193810028
-1491.343616377783
-1402.1084481808666
-1345.8196594143988
-120.3129596943106
-1490.8746651744352
-1512.3457769396623
-1.6470185168169458
-1187.6594398810635
-1492.0217757117325
-1403.1352876032704
-2.7027990540647524
-1237.5745739390493
-116.44139853731
-1470.7719156285543
-1068.0622178042368
-1353.7759418063079
-122.14647243549958
-1079.2936738828016
-1274.3585643962472
-993.7700468932777
-4.914466802901739
-125.35106508000663
-1066.7195065048447
-1464.2934268709273
-129.77956158313245
-1079.5990859631718
-120.20190617701368
-1148.0725113617495
-1194.3965991889163
-1438.389030565374
-1512.7333857265576
-1473.2442484796313
-1183.3621779965526
-1.6970243185289218
-1494.4077089913153
-1177.3140279368722
-1.4976802462648113
-851.3970434231886
-2.2073171865852412
-1144.4084078094384
-954.1993674113567
-1109.6597162463836
-951.5944882530375
-1494.3094860890428
-2.695245409506762
-772.4566148721103
-1502.0029036621256
-1516.1570371414518
-918.9377836316611
-121.81949206057183
-127.61319271296925
-122.34391348863032
-1344.7276456774593
-1469.8500947895443
-1049.0756556212834
-1494.7470495693613
-130.14076236015586
-125.85553416893151
-1189.4154969021013
-1365.5065483312012
-1179.4144826166919
-1342.636395580035
-1255.2062831740734
-133.1241060216671
-1338.8546583207658
-1242.422966863435
-132.22236505630534
-134.85783234939493
-132.3465810633767
-133.71922202955662
-1364.7124851565518
-134.79909459316315
-1073.9209898065587
-2.4023216182330853
-1500.0534201243604
-1379.2591433249281
-1246.5020208241265
-135.16326454124197
-2.8521132110192204
-1215.1750291910212
-1288.9047868213652
-1310.069087828045
-1336.9993683818868
-1354.5151091234652
-4.50455773020635
-1511.757145906524
-1309.7222564747194
-1195.6442294075125
-1154.4525867955117
-1400.3891278435278
-3.8377258425619036
-1316.9994747578912
-1085.8867291246445
-1138.4069391015337
-5.131804533816906
-133.3561084600325
-1120.7976702856458
-1192.1803520464907
-130.12341862148037
-1200.0479270933554
-1191.0663862866409
-1254.9456948359334
-1507.1564629176685
-1083.0037937016964
-1110.0810986864349
-1146.880568878907
-5.016380873886096
-1189.226004314014
-1315.629739843219
-5.887156261772771
-1492.3329757458498
-1497.9837654340422
-1250.9107313733164
-3.259464281187306
-1394.7623470101162
-136.122878170203
-1510.6552174023054
-1370.9218820618162
-1193.5104878525526
-1353.2758049302236
-1321.4202765115688
-1197.6411869635272
-1496.1528228554241
-1498.809841187885
-1371.6632351229457
-135.20114822752114
-1399.0787187466706
-134.6687608821404
-1244.1738258410503
-1413.022805726887
-1520.985553304692
-1482.1570782338376
-133.7112834562552
-4.266840413125
-1101.5355660974908
-1492.1485426743795
-3.958046115999816
-1427.0001355787333
-2.2000405190898773
-133.29379855173258
-3.1079093966364484
-1089.0049771588533
-818.952207942624
-130.51495534785033
-130.53785928866694
-1131.8733340093074
-1467.655858008371
-1376.7558752639704
-1509.9764431922742
-1495.1407844541645
-1501.1128070879952
-136.62828321823392
-1318.1441677073278
-1496.2924859392292
-1391.0142283066696
-1495.6482700004494
-1311.1045421751728
-135.33932675050232
-1178.2868052880206
-135.34001642480638
-1354.0966576706533
-377.41111284962494
-4.942639455227881
-133.15825158114643
-264.40857305052646
-132.92112913040006
-1331.5588769503331
-124.31178075235557
-129.3228959086618
-269.06795187298593
-3.731081150095511
-5.161462825545827
-270.9231180702261
-5.66066059597122
-1492.9392665510595
-132.70249677632046
-8.252332986627462
-389.0321925636832
-270.94016937320055
-274.6527362199997
-269.38297719246987
-1497.8066575889577
-1497.7785761266914
-1494.964827751431
-271.99243071278033
-134.77734196805432
-135.2817417389124
-1460.9774652367635
-267.01146428220176
-1298.1053022477147
-1512.2190886223925
-294.36341392114286
-124.43702042169812
-1.7634564397223806
-386.58962126166244
-1485.5588669437711
-127.84011866820751
-127.91842947052268
-1459.4219779746013
-2.4627039867488243
-1520.4180606443617
-129.436785770983
-1477.4335153957413
-124.192656622332
-1380.831263344495
-130.5886343791324
-268.73307410485296
-1380.9371885249534
-2.882760364878536
-133.31988771220085
-264.43106483634034
-650.6212616067777
-657.2508320810329
-390.5566464481555
-4.934541936244001
-537.1305060954371
-798.0131401122638
-5.522841394702985
-787.234257430825
-426.00233166641755
-131.1488051188805
-267.14952625345325
-391.7581002556473
-613.8528149784973
-380.45664477848857
-384.3752601193002
-256.14855056887126
-260.79736108277325
-269.4060461366916
-139.40145455615564
-12.365054269496644
-270.7932035764638
-132.22209338715888
-8.984575957347793
-143.32478897578852
-256.1715508851988
-268.2142331107328
-131.15306349696843
-274.1272509382223
-4.351440988289623
-128.61924722170664
-130.01075762182398
-128.91139944820335
-412.94544835002824
-405.28183884937107
-254.53152915485273
-398.9743496746629
-384.09996380867324
-262.2844633173288
-393.87484680726067
-3.802144260984068
-370.4180067915823
-377.1556362720776
-263.47211532609896
-254.79256620421157
-380.81076675641714
-396.26615626386433
-261.55994032193075
-1494.8884331214379
-901.369350210761
-793.7865607469369
-265.8374280064493
-827.8789844355233
-581.8639504848711
-271.0296323738651
-4.919530859785015
-404.50779256256055
-264.60642058245725
-293.72102570159257
-9.494425670323386
-292.61084790145225
-10.055373527960858
-266.40056700727143
-130.66096364942157
-140.57463086616912
-518.936110096911
-510.59205633730824
-267.90915144535205
-11.640517609802757
-10.936346497333966
-138.34084060620435
-137.85064686611298
-140.84856839555633
-268.9404557491847
-257.37838790651193
-267.99482840132765
-266.5034019463185
-145.2011321566426
-430.66056184215387
-274.39088050409924
-17.59660134553176
-406.4031545981435
-281.2826811888149
-381.8219249469166
-387.23221199537124
-280.56182545959376
-14.884748223423886
-273.047536204705
-270.93052478750764
-8.543191000079615
-9.268552084262714
-8.338950177691824
-137.65169882430257
-259.23431256041704
-246.49382427039507
-500.5835424470164
-260.6541160828885
-920.5657267412762
-999.9266819238878
-316.45306430565347
-4.158485660071698
-952.6169155700707
-1037.5636246147371
-1261.9664950715658
-129.69966011750327
-137.76686831910501
-1.568411986369747
-1324.495484575298
-1290.311204224454
-1242.5431519200886
-4.052676414772388
-1315.3524432945023
-1236.1267098804574
-1209.8920503777845
-1252.3259814873945
-1226.0375791932997
-1067.8418887102641
-1048.2020956003598
-266.60041431724727
-267.0194340823487
-264.98927444698285
-1.7847121680804905
-124.44857138700223
-425.28470387145876
-245.6143778013745
-135.89939031779363
-264.87902235314766
-268.86559069855525
-268.1522565715154
-267.2933627349002
-1176.3853436364252
-1068.5837593610202
-1.6423996213279486
-3.4751914900655163
-1246.8974058752851
-1219.6331268471927
-1275.638998114569
-1257.0870308516216
-1225.8776003380274
-1263.3782718966515
-277.752838674603
-2.359850783534368
-1277.7589440574848
-2.605333953418265
-133.9308009127901
-4.59485990661143
-1245.4470283639976
-1103.887942079369
-942.7486128128729
-264.8317661872006
-250.13648546834207
-136.08018248286484
-5.499149697199335
-134.23115997125325
-459.54973506725145
-132.90022661721883
-386.7905275211454
-303.3597647355247
-271.7172066980726
-270.22875470864386
-276.35463574092825
-383.21751383471627
-274.7841630255099
-273.900560337066
-255.33097118589964
-131.775349190609
-545.022795854964
-274.9647689928841
-282.06440995536093
-139.91270514742988
-533.5349548353886
-389.1866596180052
-519.2769308897825
-271.90898615033814
-283.5735436571414
-273.50968118958275
-533.3162924478607
-358.9612996077347
-2.739539110397034
-388.61730324940737
-250.44733272365113
-298.24527298444895
-276.4405216964408
-958.96889042887
-820.1456137978541
-274.7808862368608
-544.4907037911597
-987.7513810820042
-2.936428873316685
-669.3035003452978
-1.6920720034912673
-2.879226184801116
-539.7795580294769
-535.3871578111007
-2.6018448977408917
-397.34230706069417
-134.18128277012204
-267.972082378315
-4.697715994018833
-551.2662489794565
-268.68659510067954
-133.98548532598298
-4.298866061288207
-280.7213582600466
-134.00105173830494
-509.4371757316023
-389.7903663053618
-138.92277608006737
-1013.2049957947344
-1246.4139188383663
-869.4937547026644
-1311.917888006171
-22.048532477437863
-1121.8780587150247
-22.5538111442021
-16.58065839183274
-1250.9534718756024
-1310.6016554924483
-1318.1476279872536
-1141.8195152119742
-145.95715177638075
-148.06183525166162
-1301.695405879594
-1012.0924004394378
-145.68890155751265
-272.84062384240616
-279.46591897005396
-281.20213399439905
-266.75699838247033
-400.1302021296763
-137.47803969663997
-422.8354262433018
-275.8345538817974
-280.07044906101663
-391.8280561704048
-135.85336789157435
-247.58830955762465
-385.4855507720223
-272.4135910665753
-544.9487635077003
-939.0147505782267
-837.4932354003358
-912.2147629501471
-874.2430432574932
-659.1629651939514
-13.64907592471542
-855.4859817358592
-138.6012743970417
-277.8678578773036
-146.21330495821618
-150.25692340754136
-410.1663540601374
-264.27071509268063
-282.3152794615546
-408.930759651313
-264.9202949719253
-392.24451430478706
-268.21957248094606
-232.8295025874191
-132.92407951541347
-139.69132106118317
-1099.8053812762748
-1133.3861676167974
-1492.8166294864366
-271.76107211300706
-274.08947012828986
-277.64006643258597
-301.91404332900424
-1002.186942528922
-532.7829982757684
-483.0487958247734
-402.92234891794914
-403.6807090306493
-1039.9223771445622
-998.0666910510494
-973.9496641611726
-1078.503920082032
-1052.46129774557
-1046.7377490599067
-1017.3680280280429
-157.74226437058203
-17.99093247555904
-1017.5982879176107
-507.5686434442691
-255.877915649581
-20.048294681799987
-276.1183681082953
-138.2910350524962
-991.0856423230373
-257.89165458626803
-133.555713393976
-479.0601904070464
-2.181149854788186
-995.8125086760446
-135.2035199720762
-2.6916238025410792
-1.8633949205404248
-1041.2505302643544
-135.04753124812444
-895.7955405823874
-927.2118239908041
-1210.5261388455438
-1210.800238430902
-1196.3209208994658
-955.0017455191444
-15.23914758383261
-505.5195961629944
-15.842832637240631
-268.7777179292684
-645.3059428580577
-270.1401031294693
-941.3429006145784
-858.8926809529339
-1213.474031423674
-661.1450125485225
-794.1818566813291
-642.6170596762094
-791.2083026459404
-659.9547792854416
-1213.5934367766883
-402.26144287711617
-1232.2335949768533
-278.4120288992078
-1195.5116309892298
-1346.6219323040766
-745.0452280859887
-586.0395479319798
-1165.3755334000018
-1395.22587078842
-951.3855660402669
-139.1422384097018
-1339.9989829405495
-1409.3314097385523
-702.1465461407151
-1494.0997684110162
-1498.0301215212398
-1314.261557197996
-13.574891399329442
-598.1629701017445
-399.3948550672457
-1484.1349775851088
-270.2278466556306
-1313.583882152466
-135.80350194639274
-1391.634860112382
-1234.0902776982507
-11.386480380418872
-1095.0782197458655
-1162.1695194038164
-1069.7179427589829
-1113.3752801562277
-966.6396546462554
-1157.2104157294962
-990.4587130858562
-1146.5976928422367
-1152.936277603695
-1220.065130482758
-723.9066345275342
-373.58583032996864
-1194.1504100372276
-864.7055570605207
-1073.0109875610763
-360.33194439552165
-125.41899936985779
-367.74415733561665
-247.2082630798103
-246.0174884379026
-248.99452294684477
-944.2383282359048
-1040.7091844821225
-121.32730977766067
-250.60475098154058
-981.2471897304138
-978.3145121662214
-983.3093254233321
-978.2897776366059
-142.49533674553862
-980.7489373150675
-511.71728803618595
-21.83653837155132
-912.9834036943823
-886.5505143758925
-984.498382391823
-895.7389764616206
-1090.1789390654233
-967.2470785073399
-1098.8250630554878
-1003.2480211899659
-1090.4902459489647
-1088.840890566882
-1177.9926850882389
-1165.312779599444
-1180.4238443582722
-1147.051186483632
-1179.8389200085433
-1188.6810993327
-1264.2994613488438
-1260.733841177962
-1258.0830951485518
-1086.6879876905123
-1264.693215865063
-1251.516119795392
-1166.2233419510792
-1248.9784917914099
-1115.4244053973616
-1075.8062596246239
-1071.7574623484543
-1091.3205412358905
-996.352898464904
-1074.4709514633992
-957.9165224521964
-792.5108134625395
-852.6779581662564
-1166.80264887513
-915.2406146229006
-1118.6624532748513
-855.4562655867751
-1207.1007382603595
-720.4837656600739
-1212.3072885052115
-1202.91041985172
-1179.0241816924602
-1030.190693327701
-1050.9715435613666
-954.6945312038187
-1064.3554513248876
-1021.6972412461665
-1143.4486129377688
-1180.8366033880925
-998.6389513098571
-856.8838177844588
-1062.312355096956
-1094.084944196014
-1057.0433166276607
-1067.1723219506093
-1073.8999702076262
-1023.9020651608246
-1190.8635044425264
-872.8662423355182
-684.0737961284033
-866.1298414414396
-981.5294056789834
-870.0495230964176
-1156.3202388209797
-872.5897992928876
-591.7323850040524
-1191.427306355696
-977.4654703604062
-1239.1495736319357
-739.5126518554067
-1239.8379771013726
-737.862912830577
-823.5702360955656
-1389.5499986755851
-1345.543965469623
-1401.326842799846
-1352.590529504152
-1248.2576355693386
-1295.3765875138047
-1385.8037316392733
-1381.9796904147313
-1381.9780323371417
-1349.480753158931
-1335.8778553396407
-1342.2678716036805
-1342.4803714006848
-1278.6317704065427
-1143.5793140118037
-949.3506689443877
-940.4110428707838
-1326.1407920099236
-1338.4305586270696
-1366.4137727086948
-1385.0605782419575
-1361.5552516657137
-1394.231482205931
-816.9725444947427
-1446.5623529028803
-1555.968470121949
-1530.374652076598
-1597.1639699685759
-1347.4393274821673
-928.2528382485596
-1203.3385855153251
-1184.1735904782518
-477.3742088271514
-589.950444541148
-250.96314351063833
-250.9734303575879
-1375.750539952557
-1243.4816940770293
-1331.9863939074503
-1314.4964079739063
-118.84049758163015
-2.9362299454502425
-1303.9888320804878
-1329.6400889027884
-1390.2756676622828
-1287.7944057753225
-2.1913180621246826
-4.555165613288454
-229.006608516664
-5.316209173205023
-8.479824680779567
-231.10469112917838
-1384.3683335246376
-242.42716099093045
-364.0521094805153
-1346.307571390356
-1358.68446362023
-231.93464753230634
-244.35314971178988
-859.0861968584029
-480.97648074722537
-348.3851954775355
-121.011646063592
-227.37462670189157
-251.17329561449498
-348.8589517580871
-963.2559570076843
-1269.792552158727
-993.643534575313
-972.1692526811619
-1196.562286804803
-1042.86578698911
-121.48731147935236
-1219.3074580065957
-972.2699836310506
-598.2616025877592
-737.7806599101251
-495.3343040149191
-8.473982473878534
-1167.6400227133984
-494.2209639049455
-477.717242568918
-828.5178729508775
-566.4362323518742
-987.5390516859626
-1081.9375813629292
-1085.0971885023412
-1027.9607902444375
-11.459455825664634
-1003.8817288975179
-944.7813725911795
-978.813922078622
-1080.3021437795321
-1037.6701443619306
-1071.8619433206688
-1074.5733212795258
-1054.2085421582499
-991.6820249257884
-973.1166177111427
-959.7196600691609
-972.2188847528747
-123.43129043324167
-974.4928222603337
-1076.4512475433667
-961.6719368489527
-1021.1193863739862
-127.2448845685267
-1.8363259635654092
-244.9414589311229
-232.01448823828972
-1049.8248616726057
-361.0350325162787
-921.0179223182289
-247.51945078165517
-925.4825508375784
-225.81242798658272
-955.2407510696455
-367.98670320342916
-944.5442331843267
-122.72268708717172
-369.63722878474306
-245.2949098360031
-249.752721866333
-2.0922105240857594
-240.05093956563618
-360.7573687794802
-3.6072450522517734
-363.4950269996296
-115.46704531534127
-249.4900649141606
-248.79425005021406
-244.01250696614204
-385.54443923486383
-365.4988492173296
-132.00056231084912
-2.1689986545410105
-431.46598485649304
-797.8874275097489
-571.1915378346961
-119.50671016483335
-257.2201509234902
-247.78983356662872
-244.49640281872925
-369.77786277343324
-250.43325497527928
-234.0080913619587
-255.42763609802688
-119.09673558464037
-2.6609479948143044
-389.0517728115445
-255.44999586416327
-231.14424416675496
-248.47132203102214
-127.7515875455933
-247.42089241511968
-1.7603231016627705
-2.9680146812594885
-335.05710527084864
-245.41215531460125
-3.404837186093696
-245.72132540381577
-337.4094065699475
-246.04205153979805
-248.0046996087992
