-1345.5143836774491
-1553.281218257226
-1458.8791504693536
-1311.0549762436863
-1507.3575790955456
-1424.8135811356556
-1456.418858211929
-1514.4619267669334
-1552.4489813799419
-1488.1897068929345
-1469.3765964850907
-1609.8398192111897
-1371.7425773132331
-1407.7653181764722
-1484.4360532329224
-1481.0898982797387
-1482.0762556455682
-1467.3162617060075
-1463.2366288092467
-1453.0699680801006
-1477.1606688514864
-1484.8260451235885
-1452.495067090338
-1326.2739763060922
-1488.5824868257107
-1377.8497513641391
-1450.0087549628001
-1407.870576775756
-1455.7187553835713
-1445.4925402823742
-1498.2556519289012
-1478.8863493007175
-1525.8125305865433
-1496.9248033189765
-1467.6000291068353
-1451.1889106516521
-1378.378515753314
-1427.9005824905062
-1343.0091766574385
-1240.6369997175113
-1386.975709155197
-1248.6696643783262
-1442.776322164308
-1208.764142335073
-1218.7468991258925
-1246.195426364733
-1305.5102490549475
-1493.717835586232
-1351.9611409591048
-1495.1676799244651
-1347.5061767583427
-1282.315806825928
-1281.1883191394381
-1316.9213069756067
-1513.1757537448448
-1505.6792260855204
-1511.0698129730422
-1366.621902711059
-1491.2047818358847
-1188.4322626492715
-1244.289254124126
-1234.4850696078754
-1276.2929635070136
-1321.017979760076
-1269.7013640341243
-1277.7011970493124
-1197.102767146355
-1498.094166652274
-1210.1711078517385
-1244.8674536481437
-1226.4096551717685
-1249.3873905745536
-1143.8671253427701
-1172.45283368521
-1497.2124496603983
-1274.951438766387
-1227.8645010937284
-1198.8399599620398
-1234.423795619926
-1153.6822972029834
-1142.6293211507243
-1181.406779415227
-1208.416142014848
-1166.1125506001902
-1182.416032284737
-1147.82306074649
-863.2515654760085
-1242.9912218963254
-1152.83977830546
-994.057992887062
-1271.9776782906858
-1114.971965388855
-1045.7328206241682
-1254.530431054147
-1162.9952289818425
-1078.2583062162314
-1088.3668508122344
-1180.3858949839098
-1110.1162970235334
-1146.884118659477
-1121.0757303078076
-942.5799239698284
-1491.8739896501593
-936.3350631202153
-163.33480021896008
-528.2877213235149
-1495.1439901912634
-793.428963221423
-272.6906439324061
-1496.4109293300542
-545.3507541020792
-1496.3814974475652
-1491.7304614487518
-538.3364465794923
-674.3290412085211
-967.0195844611535
-706.3590139196352
-272.5830158585225
-407.975036288118
-255.6502724372094
-562.675860139744
-425.9426036451108
-561.5864119544186
-147.49612010722925
-567.4483572778206
-544.7441108071397
-317.0329936944831
-1336.5619534720531
-441.95938196168646
-670.2209821473126
-668.4068629612965
-803.2578204830892
-536.8305119683349
-680.0419896026177
-1494.3707109152895
-289.0264368120391
-535.7949128347096
-1492.3298310354085
-1492.88052440986
-407.8778465848112
-286.5866761695436
-1495.7763026664138
-280.6769764892371
-297.76805752159987
-280.98442071378855
-419.107489721128
-278.57455238566223
-19.464296817229425
-275.78681433237296
-25.840253240161463
-541.7423715840386
-151.78740063347263
-144.16299486479514
-140.10215147124615
-531.9214243943402
-293.58818810105475
-383.2470079534613
-130.63009246338729
-149.12072624793137
-16.870897043604224
-269.42729858634476
-136.16875141583108
-138.77111729185145
-136.0343038324359
-251.89026755010948
-269.30108198049015
-8.187718114043685
-267.205429142517
-18.261500985476484
-141.0836382144665
-283.0245045380054
-151.20051809842872
-139.82736247336572
-135.30351200970324
-387.1666633281495
-138.92313315468897
-138.23960570421957
-143.1405990229805
-142.4672103490101
-141.2437499284312
-148.897715107288
-791.7668932756243
-272.0005494964621
-18.72252868577393
-142.21060832204762
-1494.8133224838227
-306.12543211128525
-138.73424467000584
-139.87323134606663
-1510.463022143834
-12.890013991945265
-14.742157037141954
-145.21514171561273
-132.91712548869543
-137.94976958855452
-137.24975372569347
-258.50041443609746
-271.87045383816184
-292.5187091158798
-369.0529220269551
-149.66315942487233
-143.7096012741543
-140.33728491766328
-142.65676606253578
-269.15600185159377
-152.39670322670096
-266.499386400782
-21.474560401527338
-129.4636438522538
-294.9794523625707
-299.0651403471668
-252.5809113052507
-3.769619398872104
-255.7899649552151
-122.0198977762881
-128.9559852925373
-125.1138343910917
-385.8530018645478
-333.4895110557086
-259.69805422447854
-276.6277656744472
-133.38893013344807
-367.86346009539506
-134.20030802988225
-123.67519755282788
-122.89094936154481
-1.0179924761294508
-129.64972679105307
-0.4274597112224266
-131.28859937986928
-258.6540585343581
-126.20301295466425
-340.13845335380284
-335.8100884516275
-129.45086722131882
-254.00348204454312
-1423.6601305341019
-239.96589365806898
-134.49558707622063
-243.0957912864282
-135.93937020362725
-129.20410916247397
-127.22105455305157
-131.5297097671779
-3.496822108440968
-124.60210133990039
-134.65338439286222
-260.3232688897838
-138.11774262451036
-383.87231659499827
-19.466222949316467
-133.26378459915543
-134.42935277227295
-302.83950639320955
-354.3141292749292
-131.45687365166756
-9.087115803591612
-136.08495507272653
-132.85068516230686
-529.9632087862766
-254.42132600182336
-133.7224988656188
-127.44926179339696
-132.93174903662856
-300.7170221105041
-256.50872935058334
-123.93423366149759
-124.12614129340028
-119.908414483772
-2.9496223264240204
-127.2464540004954
-366.68288577541
-233.55864196310696
-127.83563409718285
-136.67827871808376
-433.24181739416656
-250.41714480002736
-0.8627595509452288
-260.912239601964
-122.97800852680349
-115.20076807386458
-134.60239664435971
-129.76681326108596
-132.1656162787745
-342.12421900998623
-130.65389732992557
-124.69513379450272
-124.52612053569725
-368.53001985954506
-353.24587456507345
-3.323766301870488
-140.03664126330182
-3.9828684629362336
-4.119312592403294
-246.91527955141962
-118.13797480562998
-131.26838233013237
-132.64568524002814
-268.40389299725666
-132.75224300210542
-337.4412335264742
-131.04932812238872
-232.5603459932079
-123.06000777793174
-129.54659735115536
-239.73200108418874
-127.44843285168596
-257.9593606578239
-249.04741836287482
-266.2862021132805
-132.3082292023815
-129.14726030541055
-119.07089505437767
-1064.2958608256645
-2.1782011800496393
-123.53671082269074
-131.93181910478788
-135.70213809212558
-127.15395895821786
-127.4610376931537
-1499.249416520847
-131.57704306717653
-2.691058025306862
-251.6586783237605
-128.09680204039987
-123.54447822829214
-248.23887499107354
-422.22544761203983
-247.612063109768
-132.67637015977223
-125.84874820413815
-1.1101886737118003
-262.87402601489345
-1065.707075387229
-253.01074169834013
-493.766378909263
-1.4016415902976498
-255.44531451119343
-132.0061479867348
-2.9068281726343805
-1.88888088621498
-131.79184613576683
-127.34616647127204
-3.208498939631775
-376.4390445985924
-132.34713274410677
-134.8732114633301
-250.14953462586726
-242.18364577439894
-134.18845594502235
-136.14698259961486
-3.9452590793659623
-308.88167886483393
-125.90839721240316
-381.94370709097007
-130.77532063842366
-271.9446606264201
-130.23964762483
-2.592015823172345
-1067.005384943372
-520.963634511667
-131.1860603380629
-255.0180013362727
-374.617497845433
-385.86691838124943
-132.1362006341962
-1492.4150518253452
-378.7051539339035
-131.35220065720506
-131.8669768700134
-134.9620769431699
-5.5017788336042095
-131.31700211770163
-5.709308780318507
-284.09167553302456
-128.86564663945612
-265.6521145380118
-117.94886899167109
-235.25684661547322
-129.8252656642409
-130.2196103547687
-128.0744426685606
-133.46062478078517
-234.7466291477059
-5.553450702207599
-131.05265048852115
-126.60351584460827
-129.2916141019616
-121.51626100424477
-6.584583543280987
-133.54966793884753
-129.72435193240355
-244.91358529545076
-236.26389545941367
-129.15101334154463
-119.58742414588512
-130.26417186442742
-127.7613468391903
-124.26446067658287
-243.7303803506851
-128.38515516932736
-366.4839569916883
-129.67573079157316
-121.63937671038448
-118.85754595358628
-257.8317076358341
-115.40534551080866
-134.88572795350387
-354.7688647052976
-248.9383847142656
-262.6742853976701
-128.928998508895
-123.74142791614341
-264.31246615627094
-236.68274364281473
-127.36929497399396
-127.79026497868111
-234.92029955613592
-1.2640094071300256
-117.24293764656935
-238.349937094704
-259.8893253180147
-3.090791049396429
-264.2089639314052
-126.87581366753263
-125.30353109768113
-382.9440461408409
-130.97657507694566
-127.9709357053579
-118.92005212591819
-119.22220299478774
-235.9873059796867
-241.4273876712851
-118.37140861601912
-248.4315653796842
-3.948765020519013
-121.32068214141478
-130.51957002207817
-371.3986462137926
-132.1499208929697
-125.04042161801242
-126.23040234197856
-127.16032586253851
-346.6520033783564
-244.48881642306512
-116.55673897810746
-124.48941350855488
-119.7003779923883
-2.7144394582855718
-1.9618013808371724
-273.09522522182147
-267.7986300875859
-120.85505881227282
-230.04442241713312
-123.6135954466952
-251.25173099865697
-242.64282606813288
-295.4063343708431
-3.2006084579675864
-242.8985774681034
-2.6648551095382813
-326.60597257989775
-323.6781485879694
-124.43583404227591
-121.84742890279237
-1209.77465829719
-1215.8799871513727
-931.954533327436
-252.2072598309112
-132.9944239588894
-123.42255311248326
-131.87147418217202
-4.181534149886411
-127.06674900630117
-129.65710071801834
-124.63500603807344
-247.1352107451004
-229.05333578317416
-242.32108734424244
-241.69271963989672
-0.5624956619365067
-269.8240927585059
-115.08642183822663
-246.94011033876637
-1.1501091391168632
-130.92828112905093
-262.7740918976769
-128.52042945383135
-125.10265497199711
-124.54596992394329
-117.76346390799496
-450.1284804867033
-115.14174895374003
-383.8776733338367
-125.23025280159497
-245.0899645673615
-129.61700600802521
-115.15395793945528
-118.72426701418637
-244.19453030874396
-130.42741503508074
-3.8453147601839657
-119.70198065860701
-234.32012448043204
-142.39382334446935
-6.561917963444103
-240.34067758229438
-5.345847682572772
-130.2999541837226
-130.8444863717241
-127.43855530478493
-117.35237830366185
-4.986028908770851
-391.4768271954918
-129.96073534055208
-247.68758825149192
-2.952371470667718
-2.6309156320039633
-117.40745403064265
-120.8249671345137
-1.4524425272357857
-132.8042996482945
-129.81763294249455
-133.09105128255862
-248.53066513478544
-260.85193748552877
-378.4354853550274
-245.33555932938856
-255.23440001128645
-135.86209040764146
-256.89054025321707
-132.61942256969255
-1493.660930432324
-10.122954491487455
-132.80273811171705
-129.01689136985064
-137.30174452115816
-243.9443185071284
-123.87492330441228
-3.4794547531252777
-8.953980969139884
-1.9698935900208014
-130.7539992980928
-116.42901500032067
-127.74853683875283
-131.3020130412943
-133.5511970846445
-119.64796534045335
-3.9771562506333242
-127.06191038201892
-1.053910760592332
-234.0809774908161
-237.03412546420398
-4.667709708938382
-399.09817266662156
-133.44689165371906
-260.05213516028465
-121.32534479092844
-123.27730475117552
-136.8474452012824
-116.40142696780453
-133.7882891159738
-133.87631266056667
-232.60496753265969
-244.40695638577648
-125.69266113175415
-271.05845875932687
-124.81123536264232
-364.7930654783611
-3.392515406160367
-2.313523424456083
-117.43624464622285
-128.96576854561835
-135.00660629203054
-240.63969538299165
-246.5610993381315
-124.23465473638069
-247.53289508143624
-120.61827367311027
-363.2293880894519
-118.02997551232411
-383.17144075987727
-380.18325762204176
-286.6834299968317
-133.69577830208135
-129.25998488379798
-130.31650165074961
-131.6924628943163
-129.05655394411644
-265.35366674246956
-116.75243340464336
-276.39243118711425
-1.4246550676430718
-122.40108271797084
-1.6860231051409138
-275.8518008194603
-117.02304220987816
-364.38757971196884
-237.46922478908803
-241.72266024147058
-258.88722368475635
-1.6740061285927914
-390.0508820734983
-129.78466127491177
-305.3081727446336
-236.75104231657693
-127.00410841360565
-369.75302658695034
-360.43215437773085
-249.20848122444457
-1.865859195990701
-116.00991413581275
-239.3853602305959
-1.8729354863087253
-128.70632375563795
-127.42972596234301
-245.59911689021453
-136.5796048008135
-129.61456224006176
-252.9207977558627
-360.33814422772116
-131.7439240455148
-362.7518834357563
-116.63742633566487
-130.03101609830225
-129.71502697561453
-126.88047259694042
-127.83130650771997
-115.33903564796094
-265.153180910189
-247.930397274146
-323.33157131319524
-130.2714485496828
-248.51357940763293
-526.0772873348811
-263.59754010030343
-3.57845708358589
-4.225405438954873
-1209.4293792366325
-653.3716911967941
-1225.7506988449875
-115.84706947754755
-1400.2120788728173
-1372.4964495721304
-2.9036944727717335
-1418.51911493036
-3.1695627893159846
-127.17118091164515
-265.5929909073146
-3.1715536215996627
-248.11610661696128
-136.17493803601715
-123.67175502611377
-245.93576468385706
-127.00886093811198
-130.1289188587641
-1.0853244543291989
-239.5861552999339
-1.6033879516822933
-242.92643413696763
-127.34907505706786
-120.59478816385496
-356.1367349964736
-129.4236095599929
-245.56718420370925
-2.501350299685895
-260.79811600898836
-117.16148421286019
-247.87121364958043
-134.47220825123134
-247.85426631426628
-247.82953844550448
-932.4496730364764
-256.2978675444626
-115.97182937056841
-134.00254858755738
-129.06672063848117
-129.4060640281485
-123.21288930447884
-125.70305895751669
-123.1189127930174
-133.48486585859126
-3.320009323483338
-139.68866258694248
-134.2523777756188
-230.2195201249623
-133.4470007994975
-131.40019809661723
-2.065861952952177
-253.14348254460677
-269.6622311109281
-252.55339008459575
-136.9884819986967
-142.21731419581488
-370.9290746501603
-132.6115403838802
-366.09745510506383
-245.14746372751145
-124.11086206699237
-134.65499509223812
-347.54257344374145
-132.15414900977763
-116.83163289332855
-115.57457243853679
-119.41535396978607
-2.5996867147717846
-253.31368041619862
-6.704390171041769
-275.7561806158889
-289.50483759512935
-248.82661181790544
-135.47262287902882
-132.31355523510277
-2.615337223530155
-5.87781681673181
-130.16953030658777
-248.14958449852617
-133.33825947091557
-143.29865321446067
-248.06238494601453
-135.78674571075132
-552.4134090251212
-135.67701951052797
-247.57928615444663
-242.93303466819896
-123.16552536696466
-4.409254334289769
-345.6187984098347
-264.9514907398111
-16.32072650857238
-136.43024968895375
-125.80851510723811
-236.55163099102978
-131.84707674433795
-228.90929372326545
-129.45128070097542
-127.8098411470406
-243.00947581984747
-131.25803531402678
-243.50355580542956
-125.13047957905015
-249.8637661618973
-131.4625686084932
-118.19563867262238
-0.7940594295600464
-129.0680588334743
-115.604527665933
-127.45691646660853
-124.1334465782638
-114.27781520360303
-131.28041163259215
-132.10591317874392
-250.36575333887944
-133.36402774713704
-122.61295560877907
-241.88741939401584
-130.26402757021458
-0.3826850176654146
-136.93657621462896
-5.631664551015908
-252.75590049180838
-131.3779424040013
-4.217235396604915
-129.92735342312014
-129.77624310925768
-120.19602657510784
-123.93533066179066
-3.940922696055931
-249.4858798301676
-269.43197775924483
-138.9909267945018
-251.25760042233796
-125.4839613060339
-132.96424257349685
-133.45336628441498
-257.4935287398884
-144.32146125138473
-952.3964793251017
-927.224029614212
-256.78969188632374
-138.85643708605585
-263.84930587691247
-116.87188919576222
-143.5106987637498
-276.85078182152665
-128.19945765960185
-265.26089582272124
-128.92993162564218
-131.08819141406332
-131.37553074686573
-129.20469413693036
-261.4009954168408
-2.2282269924076457
-233.61082367896842
-121.04238983504605
-250.34398198026926
-240.22836832444835
-270.06613487782533
-134.99647126672852
-247.91973194104273
-1.86464586876241
-256.4975738300681
-117.61058271180298
-115.89248019460037
-134.7686738440558
-123.98026338400152
-231.17825148142543
-134.0903859111009
-131.0832912782581
-245.61169507394243
-120.85306557157833
-131.47186639058387
-241.0244234581053
-135.22391424683263
-120.89118288466638
-415.2059602760005
-3.629635938928618
-127.88270002442935
-2.1546161530629586
-351.3174624657539
-118.73083113228061
-245.5868486182398
-130.2661917579669
-249.19947122586493
-377.25669399925494
-4.1552677622025795
-133.86119761554184
-123.72093590045391
-290.9608568443719
-132.09504564400746
-118.66913916405004
-5.758213588193979
-134.24783529767805
-133.37549101528177
-128.11159677432065
-4.110909052267294
-134.01117103163148
-2.885494955781149
-129.6695600555669
-246.6898228410027
-122.92851490537842
-120.81122929245839
-3.9763363653721777
-366.00712763886344
-131.21723235054193
-236.68178089891313
-122.00572405199829
-129.63127144693203
-128.20932168043976
-131.9066732051137
-134.71900323939923
-3.2781663229592675
-137.7622286419962
-268.58491306490316
-137.6542776269031
-128.83856978970445
-132.3404237408634
-255.67462242742295
-247.44137498248708
-121.06787237265463
-136.72626562583434
-6.200996845519477
-132.61720557700326
-129.39069067321782
-251.37383000828697
-279.03922022591905
-242.63179380684664
-4.34703035625165
-390.23865752669633
-3.1474181218810875
-127.5192514397116
-125.89118863368583
-3.40171436583539
-130.95768912138908
-134.2743851508237
-118.5021794863713
-256.85660650102517
-780.5477331399379
-340.5128040126194
-259.9382630860075
-4.243024450129317
-1147.8005590980122
-6.449929712172529
-3.307635893873325
-133.30166899707544
-131.4125807618091
-240.74323151060133
-122.42259527452656
-120.79940716065884
-128.91353853036304
-129.55124647125697
-237.71467366531311
-238.77426592954748
-391.76210959290506
-3.6845182801414906
-248.95987000976345
-313.8493966650904
-4.3400295743894395
-2.788464933601358
-123.94038940874508
-269.83986234952147
-250.00218871759327
-130.6323336120847
-115.33225981261477
-241.8728232812273
-244.6063480357713
-907.253523576723
-242.95782595450058
-263.4200631016957
-117.92629493297244
-132.67771955463732
-0.9333781604334703
-127.43844247659882
-119.57238026267578
-133.16309829229073
-116.48385345020698
-243.329394959778
-128.57560124033603
-223.66539046261073
-255.07693482616625
-130.09453100970322
-116.82221445499492
-362.44509876482203
-246.83475188064048
-128.61346825063916
-126.30697771571502
-355.35232649913684
-118.59659157687959
-123.33232305144462
-121.64115437320689
-235.72636552252368
-124.2380344205723
-238.67171472660968
-124.91323208311655
-114.39185344102646
-325.0570505597583
-115.81616472461539
-127.3438510477332
-119.58547613466948
-120.89344676332307
-228.5831295491238
-362.085409234546
-245.9759466089544
-114.90781789732203
-128.1043846538891
-118.84796502527831
-126.77921443300183
-116.11692701143099
-247.86229549572676
-121.14693414495804
-125.83065662337307
-3.0344143426873007
-126.0561224731772
-117.96735156951434
-375.9648700302734
-125.16048367817783
-114.31727616802856
-241.47436069371236
-117.25986674405084
-117.01662548342303
-2.4424757974049642
-135.27341376827636
-121.01415558649082
-2.5049578486412547
-121.41819832423074
-249.1461592065632
-125.34107268907402
-0.8308217619152384
-4.571140745911657
-257.14410207121455
-115.29198185128746
-248.83934403541727
-357.434642949086
-119.27138807643357
-232.93980192566082
-115.85938652765356
-401.5366493862787
-3.702941027676916
-125.17380270728056
-3.8925345776047497
-1491.1673838530103
-332.4589341297853
-127.93622037300271
-116.04480653017289
-121.95662598960259
-116.71749545279836
-113.99015133416063
-131.32525272784028
-125.2780891058465
-121.5001498940266
-271.70124200213587
-120.43063278388715
-255.13756840304356
-126.33907497296642
-129.92792351043528
-130.79601031766376
-125.67017026156623
-128.89631203521466
-119.65508812903809
-130.81126179962922
-1.8648713190979378
-244.40665471308807
-247.40036220294425
-127.44243286178826
-118.35226027251278
-386.2019035269951
-270.71323605039015
-1.4035165744973208
-254.75168879153927
-1490.867461357367
-116.04678679360848
-1.2489597413036537
-378.666391950432
-276.60752389274177
-125.88854232778411
-120.5535632457344
-129.13018682475948
-122.63277441676188
-2.2185813221741344
-124.39674849212703
-252.95043857324708
-130.28670935183098
-256.18526183321967
-1.6475965299336663
-128.9324779947342
-1.6939138377263034
-125.81301921448825
-361.2910751245166
-120.78402694988694
-252.18374446784009
-2.1811280932674024
-6.856908000692774
-1065.4400875797828
-129.75026198890498
-4.772300339580902
-134.19497243853812
-244.85832423212588
-5.857662574617807
-1035.7448301177485
-6.922939414641012
-255.46804524462587
-114.09331708219221
-256.9213939448807
-131.53600018604942
-133.1983439878283
-241.74730561297937
-132.3465484509338
-6.564557438486137
-6.538667861163465
-134.3232181982579
-263.5697015696524
-126.67236162364773
-134.50146579302117
-250.2837944032921
-7.540804134032311
-271.7800877330888
-133.98793306832056
-138.66600859858892
-254.23180919814388
-262.46450033985315
-137.10791445994144
-251.5755356193335
-130.3928245286982
-129.19304126757885
-262.1573056020555
-135.0450658511466
-120.32892702671491
-125.59705471867855
-135.40220377908568
-10.500619578634959
-135.18945926053976
-121.04385699221193
-8.170993002206327
-126.01227129075053
-119.70184656098137
-129.94060703436952
-2.586468354494572
-2.284593872999671
-380.4584222491525
-124.69913654391888
-130.75773018295544
-371.4631542773527
-248.46409812653596
-262.4903194378405
-263.39134659629923
-306.20426543073336
-350.3629239246538
-319.64490183342997
-241.73868440330227
-262.49589000009695
-353.0399070711535
-129.96251808058565
-123.27875053685788
-130.0474713428553
-130.78720270198713
-259.99371284213845
-129.58044163908582
-250.89688730097842
-128.62125673038696
-251.17902509478128
-132.07215783561665
-136.64264397794992
-8.733429156324245
-127.48800059714344
-117.48071086650057
-129.28145444406297
-381.3717190091452
-398.30783330045426
-127.95576105830278
-129.58569392414435
-127.8259100506907
-1491.3815266171703
-253.2161664547564
-331.1106615171213
-254.29667234291665
-248.978495132304
-1.4753257224632386
-242.69271568872014
-459.73557469640554
-131.9906926440967
-245.73810624774384
-134.60410464597044
-7.923671694819083
-5.760381130560577
-278.13849417575403
-128.96489483496856
-243.254009639275
-251.58107066448437
-1.5553169238511622
-130.3303036843006
-352.32753284715454
-360.8858265745195
-126.5293174083152
-118.19004544254794
-266.9579342828979
-131.16698340379344
-2.004023204274802
-127.99853947077226
-365.9133382267214
-129.7438838412769
-118.90137153735427
-127.0837266468951
-1.8206458885104717
-124.95119237956283
-130.04891708625405
-117.31018866465254
-1.752201590591291
-0.8789112145981288
-138.5424331428899
-239.20537453903702
-132.27521930999643
-248.67749888386413
-126.32008544366967
-366.7701040007068
-128.62272786964394
-128.7353571371272
-246.00641890286076
-334.4575942786332
-245.36176514676325
-123.32981703970795
-125.21105054993227
-1.7671199576919818
-126.57037099611819
-128.18149667040032
-126.0314643629429
-128.72003018305094
-128.83807544539513
-124.1425256949759
-236.60471085699456
-126.34397555113782
-125.44075522158893
-235.97443115430656
-2.6340165740502814
-126.56306406564313
-238.30920539906614
-123.47709739929957
-372.3811421926254
-116.15261039375288
-250.7173347943794
-127.16030322517732
-124.68147994154157
-128.63775568953744
-133.27057783017335
-123.72559433023531
-128.8746829073756
-116.84756864681947
-1.30091204235579
-353.4177986555536
-267.7654091838219
-137.67153685466383
-249.2993856096641
-131.6895725762529
-126.58271971145376
-130.8459516042284
-130.11374527601723
-123.25084187253547
-130.67861548662248
-5.123757508440316
-250.17232243404533
-129.99923065501392
-4.657379079699586
-118.61012692780629
-251.77914589232753
-120.8356671167091
-1246.8747913875127
-124.51423461885936
-125.14243425494054
-246.34351792055423
-7.749624036139092
-124.61625792410096
-120.5908169554675
-252.3596276863627
-258.4226339280997
-4.935463566883974
-132.27243452559742
-132.99705603121078
-129.21597701449923
-130.3666456741655
-237.83395916671338
-249.8780833020874
-127.35590529090386
-4.856249710962472
-125.24446552756815
-1491.0222361374804
-1.360797591978042
-116.21587304570166
-130.5402178699195
-122.20693243147008
-361.50783584179203
-266.8949033751599
-136.32767172214741
-127.97313310330539
-356.60586951822387
-137.4699878796045
-132.72041525215695
-131.25318673050378
-7.7783915806563035
-126.13301583577339
-131.47360347311306
-122.47392688352484
-126.69778572084641
-234.49666315656893
-1.6652746148923034
-123.8290856992802
-115.2859736702109
-238.57453015448567
-125.74904884690675
-935.4837208329186
-125.78323730208879
-248.32422144118934
-937.3960784784291
-949.6915061713887
-968.19777841456
-1190.060856105058
-1.2832994153320632
-257.2774485181811
-131.8699813021066
-133.74976395919305
-249.7010771382789
-239.75224642996557
-1030.489801851312
-1043.1642691041645
-0.7721444703389779
-268.6714337692888
-2.2337270110036713
-248.70268671836797
-129.41123196810352
-124.86508774271684
-382.79325519995655
-128.7003360585719
-131.4311965918099
-369.60460683137745
-123.94966606618371
-120.62179977020958
-243.71399041534062
-255.73052550882235
-3.393669341537689
-1451.9645427560104
-385.49383489593083
-133.00355017353326
-126.07618908689014
-264.05640503664165
-143.8854047959521
-136.5826403680353
-13.176293882540238
-249.99489553483042
-141.3740453770935
-331.8686930229219
-13.725944935512414
-130.85403316372015
-136.58017171151783
-127.82105738698864
-136.60675528756525
-246.49945588372267
-245.9197520140449
-341.9194861629847
-3.293931920927473
-274.229182757516
-260.08052975666527
-1.8468930776999302
-124.90814852792363
-244.5654464063234
-128.79524849175613
-133.4321592633973
-319.2184963705959
-128.52901805012434
-134.6840187974459
-130.16019211598626
-131.56221015694373
-135.17951170065194
-117.71504538748208
-265.32723489494566
-136.76728354272024
-127.85267163605413
-361.8463853717044
-126.09511668043916
-257.604937937073
-389.5060696335525
-123.59383982505366
-250.67260726884388
-239.2074871519924
-128.51422068340833
-116.20736872055494
-127.21011361047455
-409.95828356130386
-130.4457239650646
-2.6113107675679514
-114.30283214584959
-133.61354820967503
-133.6408047528971
-126.59502687535893
-121.3367978972962
-239.13833810563975
-130.90170463451383
-364.67881168470126
-114.4366101260454
-127.59738266127808
-245.52810762664248
-2.3284306725090174
-128.7196305757474
-124.20965710243861
-358.0990675080289
-239.30618460283875
-128.33192717467506
-127.63312356284982
-128.0664267165012
-250.93326504796738
-120.43362623231582
-123.1693254367744
-245.3522015391023
-126.89923314453799
-244.54535144479274
-377.2904026197058
-279.3937698378594
-119.44580059793755
-1.26650635108518
-253.55142563427327
-116.60073252276126
-261.741569927347
-1491.045331747917
-1.3548557434827149
-239.7419420764722
-1.7504829250147536
-264.66563402091117
-120.9059371068704
-263.49134507105873
-2.7380228848262784
-4.729363978053235
-117.68193693426296
-348.6733337005515
-2.4053271363122697
-5.286603295820629
-126.95206276845377
-128.77875458782196
-243.56259720189067
-281.20634381979806
-118.02288261089595
-275.6651154635835
-336.53106543733304
-129.99405323038513
-1260.5199110407293
-1200.5041142596392
-120.83035719125424
-236.28601842150522
-1234.043657655167
-1057.6316598370677
-2.8750902400602762
-123.69915035056754
-129.48112635866065
-130.8564836215382
-260.2292949190443
-131.48428868611717
-504.841131905276
-263.0306846701409
-372.7496383544155
-239.50316577502016
-1.9175017084815846
-366.8941724041078
-3.67981891047398
-394.4825817047758
-272.5316861174608
-130.1440578017112
-244.2457449706943
-381.03838893816754
-136.043349377442
-128.05049744210422
-232.7956642033226
-1.9803725121601363
-119.81717252684297
-133.19588597617397
-3.482741067225861
-118.06603837795642
-123.34698358096878
-118.72165669520287
-123.97708090199627
-2.112977569257145
-129.14763172713006
-125.10594566536088
-2.9598715027252083
-126.8032338102747
-129.8651965896985
-118.53486944265674
-242.18337982826313
-4.582818974756561
-258.770895200085
-125.47147226717038
-124.68140592407826
-130.0329838087969
-246.80019389611715
-132.1204066042705
-382.2988273572035
-123.21441236400604
-123.62492319230874
-129.7094844678432
-1.9854773459849608
-243.77471945648418
-3.0515461355093363
-656.0237037616132
-1.7968589880317694
-413.60571858263404
-115.29050134920126
-3.8276332259597665
-137.80874310998456
-125.80032153326165
-263.201210816111
-382.3165665483047
-258.2108873939822
-398.5679889918586
-234.62657880877921
-131.15418970048313
-264.2128265219806
-252.04585439229564
-377.66350176269276
-375.3213243999185
-137.42041446431293
-129.5311004985358
-132.81755307750186
-134.06305983132626
-132.41335135199068
-131.7327653641928
-136.14698974043742
-135.2503780107618
-138.3472939792064
-125.6236448659214
-132.64497334926648
-256.8596857677258
-287.22684831746295
-9.861550300008037
-250.17092286320528
-256.25682696295877
-252.0825647388061
-139.20811415658017
-269.0552302689868
-134.3850580258281
-7.546710739629773
-135.56040138767528
-263.1426449188735
-6.336848680400846
-130.15278698491625
-133.32063524662848
-131.9979300118573
-133.36730177245997
-131.65289348893083
-129.8171313118287
-357.8813328096014
-259.822906974176
-3.778754687430286
-133.46950724830134
-352.3770565673783
-262.95337258242716
-125.71370855369501
-132.69201282513745
-242.5672428146398
-278.2981669029346
-250.87475292763196
-2.0741954332683505
-127.97456962743314
-356.0974504136303
-131.55667119233408
-126.25100644447676
-124.5240637264672
-134.96219705190825
-122.8340728357877
-314.0738617648261
-339.45171522079005
-2.1497424242240237
-131.75753200332653
-128.40651506550128
-354.567874699217
-660.7114550663578
-119.13700370034364
-258.8905074587519
-249.23891852481702
-250.6329849039097
-131.32908852434636
-128.2475909694889
-922.5771473959687
-117.71175045727796
-1.5175499345333596
-267.675625009735
-128.1044965255221
-131.58784113422604
-2.7411211377884093
-127.72918355590468
-254.80985122696848
-127.44620036791402
-122.25199643634485
-246.57926837728263
-2.5774854678613455
-131.1707771622912
-130.32025730369864
-2.1109023392018407
-126.07297295843615
-276.975628565272
-133.6920666796119
-250.73360520679125
-124.38546546180197
-1.8280243736117545
-298.56894716665954
-250.68757796902074
-1.5937108363300805
-129.56714033136157
-131.0538203347922
-254.4746718498176
-133.9711235237576
-130.14665429308678
-129.96046248188793
-2.541896646159038
-266.99137097665215
-266.44852414567083
-129.9455759208459
-131.92948540516366
-359.2785857741844
-242.9080853167222
-131.96357412129598
-233.18044250423765
-128.75215319577157
-1.3281515553641867
-1.1820451267145393
-263.3331673108771
-270.3367843135665
-131.3811975233204
-3.27978731981909
-131.02600987959758
-510.07640382906294
-134.5145556259851
-116.8093711907343
-1.1787856954465243
-319.183451871633
-132.04154809155182
-273.2463604306125
-130.1508201777242
-134.12996516747373
-244.82905999078028
-131.29753452456572
-125.7418030729174
-238.25147473908262
-120.30996318535173
-116.02071810909734
-255.25916734956272
-130.443485949163
-124.64194883119305
-244.47676758240283
-237.86930218389827
-133.02146173657337
-5.301071670910123
-265.27188109318627
-121.09459864359363
-131.07906455695914
-131.59598850564308
-3.9497232302324687
-132.82124794862446
-131.82518515248145
-240.06518290708613
-133.55822030512797
-3.965810990538723
-129.2159996201111
-123.5889879198728
-128.35244764185032
-133.7395216354249
-131.10137037873469
-2.527053856495438
-131.85405827168282
-958.5970874580527
-132.32639751754905
-1.4903093958127378
-131.67452812826352
-421.41293784185154
-934.0879341251793
-2.8346056114382407
-131.02636007701585
-130.36599420866247
-374.0791505437005
-130.41024633340535
-238.23816600628135
-357.93328879700135
-339.2829638456429
-129.82265233557243
-114.2896478829644
-122.46055333554915
-132.80205410292947
-129.42830795236995
-245.17850931551425
-123.68558268516128
-129.4762668843955
-255.2785465430066
-131.48839427074776
-128.93802389137582
-134.8450599766124
-3.672210697964746
-358.78053439508835
-132.76971778292622
-255.11191056003275
-252.2978427472581
-270.21482891436153
-127.9110054821966
-137.04230701762143
-134.89229121613397
-12.235894291075073
-137.06496653029043
-276.48089361703757
-5.983881032236439
-13.104527145124221
-120.51434521831473
-314.90570418352456
-130.6473961126563
-253.48859323052267
-380.9730330084939
-370.3721031511874
-3.1308379154568393
-251.6230480313358
-249.74138355022956
-251.78459189548184
-126.576143023006
-242.25775227108443
-127.686925872382
-248.15286733477774
-241.98539920427683
-1.5908520358359595
-119.5093970011249
-129.0567207468811
-127.35641231425838
-121.1329314214865
-342.92567709234095
-127.8795198264401
-1.1099622898323076
-121.60379165457051
-247.56729960969176
-247.1713877249007
-258.99494831151435
-122.03940441101828
-128.28484735431724
-1.070484436328697
-1.3879883544495228
-130.46332927387442
-292.40230578957227
-247.1498012322023
-132.04859111715535
-246.26859327357627
-129.234118538141
-122.94562801164993
-122.88932886271263
-368.52762490429495
-123.20099862907786
-351.0970036346887
-121.09317869650225
-2.0364540273628986
-120.51394591402557
-119.80105825460042
-375.57445261562356
-255.16913025544034
-131.5641122373587
-246.43929111420266
-1.8797153657455437
-256.36073007256476
-128.98468779341974
-116.23837537790241
-5.248914012565716
-128.67687910531328
-243.00372709387494
-125.72725498035518
-127.68007841297654
-128.97260737857147
-121.77813127622555
-130.44169456709062
-3.32549904367176
-131.90957465155674
-123.55846771785247
-5.80854811870978
-123.05977279617542
-127.32483634233682
-131.62189472079902
-356.1654147227076
-359.95066363434086
-118.19408077363735
-120.25012614733635
-123.61876099323501
-115.85461208334257
-129.6629070946882
-127.52071731898258
-127.70374326129166
-119.85863507058357
-119.28764113572618
-134.82995790770948
-121.88605557187735
-246.23980306550888
-282.52076506767554
-255.05266909416932
-228.97226045844027
-915.2908803499884
-129.53922933284863
-116.79814943501202
-342.359102919382
-130.8658183869947
-127.12080205495583
-133.51508133805396
-392.7729537194622
-1.4435525040412558
-243.32748089513777
-1032.4510793072861
-128.19963806075788
-283.93695795973446
-1013.5613860152016
-128.0797746751742
-130.61646945752622
-134.69753770741616
-249.24970999676398
-133.69034492612292
-248.79167179725286
-135.44934335574007
-251.91137268324894
-377.1261053934955
-123.65295929319782
-368.25987953346396
-126.45294954055026
-132.38109889123203
-8.964653195672598
-239.90486692614442
-245.43621691576558
-810.858371987646
-126.20948782892036
-129.21018058738525
-248.93035534084703
-128.30143994008355
-265.2137845895867
-125.55814426893332
-14.886063428719059
-142.46306294961352
-144.8501537719926
-291.35410316737284
-130.33305839678923
-520.6494155681369
-405.64706437553525
-21.188453521479595
-146.47558018261375
-24.139212594890992
-139.44420523333855
-276.4852175440401
-24.237599290408795
-412.4489552424789
-139.7924602900384
-343.6060968286047
-271.20270681832693
-178.85490124536176
-251.45117664992918
-141.72418269027574
-266.636977913862
-508.69976781443563
-145.65385301989093
-516.2948406564327
-139.2190114094115
-483.08034921970636
-518.9396495327521
-462.9806906029618
-262.5364189046386
-502.0341991996859
-263.4511170818094
-519.1238330038113
-620.0770982276044
-641.7214954718012
-633.6778444226862
-631.4013089711027
-254.72185557654194
-140.55743822876798
-249.98972981774776
-120.62606266726391
-126.631673063439
-6.628187457481138
-520.2634397627525
-234.1773013131667
-130.09645933663793
-386.2930469022274
-527.4412608182841
-19.560946983430934
-146.7603048612218
-1493.6275247678147
-383.8065303754678
-254.10377670614108
-12.805842375001506
-136.5338533693602
-278.23557238893204
-277.9871636627121
-246.6856217587183
-132.0084297048391
-135.7094232232135
-1490.963153118961
-128.65303155362486
-117.55791940709156
-239.99491936674085
-240.32620532443713
-3.3305105485469237
-129.63712418423168
-130.8057479018581
-117.51746630184832
-239.83182440315517
-318.2186330705291
-119.50332401119732
-123.62583933098745
-129.55413068258346
-125.00239317443206
-243.13873797616185
-248.35053825882102
-241.14359525195914
-133.11170528701416
-123.46710599175152
-132.03299400685165
-3.1781010764531494
-117.785157286994
-133.20367285914244
-129.8163522747287
-127.76043458968871
-129.8645505231475
-126.83696570978226
-923.4428546070586
-3.744168848287316
-250.59523860650626
-2.0153794342715172
-124.91152361241572
-1078.6057563270338
-1078.2961411242748
-236.58717209447045
-1075.4590845526236
-945.0983973213431
-130.67280020392317
-123.11266125364656
-122.8249919373592
-121.95971520310192
-266.20024431329585
-257.10817664051166
-260.4231920855926
-133.2926504093508
-3.4845378776645313
-129.2405140663017
-234.171146053393
-130.97148167029823
-131.06589999272651
-1.5726544005080982
-128.8398074555044
-126.30767099583669
-316.3217169910193
-135.06239528321984
-246.61350998361218
-129.43640308273777
-3.0095048508009308
-120.22530475081548
-126.94699858398543
-260.51288611112443
-125.58179152520471
-120.31171578249369
-1.1754450496547415
-132.32860371610903
-0.7807900635997489
-117.71389469145333
-127.03604357424692
-131.34835909727633
-243.7549256978447
-127.20683957289829
-1492.349034470744
-251.8491428480209
-366.47812703323285
-131.9019160208196
-126.62758671752921
-242.85402263932642
-129.58846106073815
-249.98807283509277
-336.62481190311104
-2.6537504511595458
-236.63175973527436
-243.45539218845718
-132.1698693973389
-248.1486257124664
-246.56370626327745
-134.42273434345765
-133.09939088457358
-945.6848181927071
-350.01353790459234
-124.5502873429792
-129.55532626389063
-135.8615901297478
-131.22940681458803
-240.86888994395525
-134.6206305580106
-131.86560606231959
-264.8581744249212
-380.2167857792897
-252.2330892076451
-370.11556790374516
-131.7398998630011
-134.87308925519662
-129.393796838344
-358.4224715007032
-134.43807665329004
-122.38238671955254
-129.21972774179682
-4.672185306736649
-133.24705728308416
-247.01597935361553
-6.421346027595141
-254.87645480881338
-6.347943871310379
-366.28533087609435
-266.849587200667
-366.2942184528824
-126.12131434578681
-242.22286563695215
-123.58306792830591
-255.01251365720577
-132.97030331348506
-262.24037623732323
-131.77188610774996
-393.1045189694088
-135.972628009288
-135.29488856925695
-262.89422963469906
-133.56754454403702
-138.19828877408463
-266.279988965878
-414.6669610714601
-135.4858814913405
-131.8026927929545
-284.0473822272876
-124.08972759544453
-258.7258699934057
-128.02828665132492
-384.047092625662
-120.4350662829731
-1.746308764218353
-127.5942396093434
-129.88927188481637
-259.25447203531985
-137.26624168043023
-242.37169579509265
-133.69280996235105
-120.75084079508153
-4.596769755121743
-131.6428102126264
-250.79685329968967
-130.66777811995826
-129.9067563102718
-129.96087407367614
-125.50816497564963
-125.12758295700814
-122.63555250340634
-121.23922167514054
-295.7020482235967
-1.1589795627783153
-140.40586082221435
-233.57466741624356
-263.20543132158855
-2.258860026413957
-393.06516329714
-2.112449774769137
-1.0965429449646413
-115.09607171856928
-243.72485272398407
-256.9003511942495
-3.812437063108459
-2.1062438223736124
-250.6716321891726
-249.0039136174889
-130.3404876715679
-128.42167731234608
-1.616590600452756
-358.81278750685823
-129.17017687506572
-233.95409351759554
-371.06395973493915
-2.976988373409661
-264.0936444408255
-1.3823463549522772
-137.832202504873
-1.2969438421332715
-130.2499718128955
-242.32228184790856
-246.74391646859578
-131.27925125419463
-1.3742741829710035
-128.06952053867224
-133.19975734242152
-127.72819984686713
-1.5995540477577144
-130.56863020264615
-132.59727094295212
-243.96785006691812
-121.48945674762517
-3.1241865549648384
-365.2411300401951
-118.74768791221697
-128.45569630362039
-239.60928400317525
-238.25472884847977
-117.70940651016964
-246.25193187150532
-116.84891544888504
-128.44161638800324
-337.9099575806822
-128.8856418788455
-114.33606489313443
-130.6000004451774
-128.1378116655376
-240.83114131458916
-130.91254968216123
-114.7752003653245
-129.89100036191522
-324.78885524367615
-1036.1463176077957
-118.29147250686023
-130.74972820814313
-238.2418880959293
-4.091627614660194
-127.7963583915981
-116.61363806375508
-128.29796860349376
-924.3821863147689
-1.260181138460466
-131.37903294206194
-128.6247510215032
-254.59030126960096
-1.5764899469764522
-132.76688594316605
-128.99419404503075
-2.2634438962714007
-130.39648867938126
-130.83583644911434
-256.91878138513164
-134.1993693356044
-248.91812968525696
-128.7417475432683
-123.39941156685785
-131.71503846435067
-129.5749233679865
-246.44641744415617
-119.06569594425659
-131.7553429357812
-130.8971169219486
-129.64997562678388
-127.77397247336727
-255.1898184600285
-257.34115537418705
-1190.1321000408911
-130.605065809277
-131.36816336529782
-249.786921862486
-133.6304507400162
-267.6510538075631
-116.55007362385336
-122.17303169860556
-268.1256892058527
-246.02951095285462
-384.48770790259084
-128.41749633006924
-134.895887592897
-131.52897369350598
-133.888205117109
-133.74318415653863
-247.5395987384411
-128.01191073964043
-2.2286391374369217
-132.88558620419784
-387.50196256824006
-136.71457745516537
-263.0487979160219
-120.01067405555075
-129.3313367238764
-245.04708945930838
-132.89989229188723
-245.294224785701
-126.09795277650119
-324.61104592641567
-4.6738354565502105
-134.12513425107534
-135.38129093219808
-132.37797252930713
-137.59561267589845
-133.14020787057717
-130.6367335539456
-268.1430488182765
-247.16351545888782
-130.4575104153024
-125.88093184602025
-131.182458693185
-2.6338018395394913
-128.19579405847068
-132.52601413265063
-132.03334982936605
-131.03855763339448
-131.42570524457477
-275.05606276761705
-132.0518130129358
-128.31411738270444
-132.67702781491568
-130.87308476180064
-127.66922726920684
-137.6601986367919
-5.126285773839346
-2.4725524398045193
-138.0657759626806
-136.32978831896318
-132.0862394749482
-140.66267060432898
-134.94871037131037
-136.4775609762019
-4.710683569418102
-4.185096526520066
-273.73541762263227
-127.31577262593298
-121.14468178299835
-364.4323206306164
-3.0739746850770864
-128.4808196106038
-129.2586306693449
-133.82319694781614
-127.90515123470705
-122.36422897743476
-138.939126312416
-5.023741747334683
-135.4905177006369
-129.70077682969298
-261.4959283958346
-138.2268437015562
-123.28329951391194
-254.00101068191586
-249.60652263512554
-134.4075504115342
-5.020240654786799
-132.91641795219155
-8.64140357264517
-231.3855329582388
-133.8617091455742
-135.68904314675373
-252.8844549362644
-131.47943444990918
-127.0188705681782
-238.7874250974713
-135.63550359630966
-136.03531533954
-132.56507448595323
-3.4867950869567133
-240.42292120265597
-133.00920626678203
-262.0124533161052
-138.42344431163593
-240.7990198004751
-264.2703670098286
-267.1983639787564
-130.19447445138766
-132.79479851655725
-1196.0092011921781
-1180.5422396722895
-1210.2252395377209
-1227.25861495844
-1196.1122850247393
-1090.0642728103069
-1203.9903972881084
-1059.0222659749222
-131.95164285433685
-341.53241571479964
-130.65371450065658
-118.53187112200584
-274.28167640688474
-136.85986812311702
-121.68663601313591
-284.88204900471777
-226.8612690156279
-278.3155975488879
-139.8433462798778
-19.765277967033423
-148.40227378366515
-140.99615468631464
-250.98199140020515
-11.429911497870428
-921.7920751495017
-135.02372596565442
-251.7212967952149
-342.445690130526
-357.7681242339833
-132.32131512594532
-129.5797368494927
-243.58066601264787
-134.20927121424162
-128.80156434463555
-133.89686102120342
-244.48827230655795
-368.12678754961587
-6.929856406248801
-132.67049559573147
-242.0203623090535
-1067.581337441297
-810.9148250952109
-270.5195843096089
-5.261457072198712
-137.91851092682896
-7.716733290685321
-131.81789866335603
-881.9122086472437
-129.76773917997778
-132.3640135238917
-246.43459866197256
-136.78631902094543
-120.43368307273252
-128.88915764582728
-131.9923468838285
-394.82450040723876
-14.536390456049796
-139.2004138801672
-135.20488650097056
-251.3682840806109
-267.0948489339847
-5.551850808824142
-133.93819795296537
-264.10103912801196
-268.9967046851623
-128.81083529215778
-262.56951802289456
-259.94064501772806
-482.4830288058572
-469.9283471153638
-271.32651301873005
-129.03716449665697
-1.9905767053423906
-264.2367336756097
-261.31868657655286
-129.92565817732614
-133.0001672498624
-134.13954157928455
-265.64214834167717
-375.5122529216721
-141.00017273261798
-117.4964682384092
-2.2387185456194385
-375.3524554171281
-392.14153358057405
-390.6191545086242
-661.9809727362721
-140.84387536960168
-262.10723608863094
-148.53037780611993
-138.8075001976589
-263.61432177428884
-392.7498092273464
-122.55777287849865
-136.37057507829545
-6.222268590863474
-264.7157021387309
-138.0609692556836
-236.35736351904004
-134.752699777221
-134.91788005110988
-130.40849260728845
-131.88196122989865
-4.2164354694591415
-243.138286839422
-257.90134490286226
-1.774340128629777
-123.75964399809992
-253.44783962990277
-247.24719589612778
-137.34851640000932
-120.28409896227826
-325.7824903369252
-2.5612715875483376
-361.92355052297006
-132.60564417894486
-283.74533972599835
-115.05386820262126
-249.86077780443554
-346.14261753132615
-128.85555034030364
-131.95091915524688
-117.1528742089618
-130.05790580899424
-135.8867323754528
-348.77399643827016
-131.88169333415743
-4.359958306473128
-133.75396514207196
-248.19925323981775
-133.29656607970654
-252.50327966841735
-130.19591861931994
-830.9634342201861
-116.16131277121711
-129.84247849619152
-134.5778499184749
-2.9003937590528888
-129.6143313384573
-130.91465346681713
-276.4144315429937
-131.51570595324495
-531.1271662078169
-1.543405456533484
-120.20238736892136
-132.83851766470508
-257.40472825441833
-346.44670880983523
-129.0573949185513
-241.50076725016547
-2.0436618609757926
-118.04872077410579
-297.2173265195567
-134.2169850111679
-1491.2981017382122
-133.10450340262096
-8.58987157820772
-134.69474429300354
-136.48094979418593
-1.922658885504295
-354.9810980707391
-127.99809329281055
-1.641243343882791
-912.834966321634
-131.15049586429404
-135.15878945795217
-132.03691037104872
-250.9854635952604
-129.78668902908763
-244.31695385997205
-2.680991712698888
-128.96615610869557
-1491.2326318762484
-133.42028125995952
-136.10401805922476
-134.2638853247039
-6.728515240985983
-132.83087627192674
-254.48188164221793
-358.7642508163954
-119.23083419104078
-232.5979602464568
-126.7293840948716
-2.9962616365906003
-384.8664362568407
-126.04280260363694
-257.48626328628956
-127.25121706567367
-121.31936766061955
-6.917051076409268
-119.69528650718219
-318.01726196245994
-126.8028335892748
-128.93946022819586
-119.42083623147941
-262.61602271774905
-119.84479999102038
-353.92485627075865
-122.09937548227124
-1.8952111549102666
-130.91908196289012
-126.15210313909125
-1.7445114147438703
-261.3920852353598
-240.1263262847662
-249.27894574500795
-133.9479696680352
-130.29000112881056
-1.5254528388165107
-121.62012732385388
-1.7994095499990501
-243.13795890666827
-131.4536506384454
-379.3692385705269
-4.489793001805618
-126.8062724837683
-1.7582932064206762
-129.86551084289567
-122.41404697634498
-2.7552577757876433
-125.80586855579753
-131.97118448651628
-4.687884440825404
-127.68819226866107
-326.70413670828754
-245.3065095145268
-243.49044773022172
-130.051154138506
-130.39550257140647
-255.5428411398093
-125.12661833803251
-135.7451804891749
-1491.6340223620814
-133.3611993548091
-275.93566412679195
-128.3607880179456
-137.5415237922504
-269.54563171614683
-265.40117343962385
-139.96050977420055
-260.88560577274257
-1500.2868415633172
-396.91217899300773
-258.5818450817255
-259.67392826050644
-118.23097191190236
-3.4102428930203907
-448.8758741570971
-132.20830804085836
-3.351223475426537
-125.52740838618077
-133.7713948126089
-129.19068297026254
-132.84879203253232
-131.66665075919428
-132.48581787730774
-385.644189617571
-251.2027672996592
-376.7593808841465
-134.65374181207875
-256.9571143246181
-126.6484392944982
-132.58689907311955
-140.9443810090578
-1491.2066489929023
-128.83173937263072
-266.3780524753019
-131.75695858202613
-248.10661498572858
-134.70313290658933
-1.865993720250675
-135.42929385122306
-135.6052349804294
-381.77151817772807
-412.0588599501559
-2.18194608528895
-127.34671480159537
-116.30333189761916
-115.13963401133705
-128.64007229907824
-134.77616832583794
-144.81420886801394
-9.331916103254764
-7.393791889998086
-251.8749589225263
-15.492896826572661
-367.4491757651051
-138.08473194274023
-7.340666599743338
-319.23080028657824
-138.0251646076321
-248.31269735609789
-7.314416042061198
-128.7174800853015
-129.03488664110665
-403.60279624619017
-121.24167709244087
-254.1803849603249
-379.900637419987
-266.4448047979171
-131.58989181757812
-389.9620201543984
-267.06473054808293
-3.3649150840946556
-389.1833579964493
-265.31469632587283
-129.05988328177835
-136.86216396418376
-132.16230845379025
-246.29627613203846
-129.90007073399522
-131.4788566880251
-117.33768422394704
-132.80840971342917
-126.79325985567502
-264.8005219061558
-132.7012437261393
-134.78418411056845
-124.61004902546989
-232.36088418417557
-255.51923350592799
-131.76728140888483
-3.660121338566355
-137.53935885570795
-372.2234336368082
-244.79699352368834
-266.1198212508172
-5.20091710491434
-135.48709653172267
-137.83061597215544
-135.24032121242934
-314.36416161431316
-134.47404168252993
-135.89492342293156
-263.6046818140319
-1.5700719822687754
-116.4051357917309
-4.770738199530264
-260.7962760467934
-134.21333447067073
-133.29091032167972
-1.7961722029962646
-1.609012840207017
-130.4051993529283
-130.62903287525518
-5.5525308518008
-125.9816081505084
-138.05949674990526
-132.8262753534785
-129.38228681313896
-134.21430702126372
-130.42702306225556
-3.0518260679173426
-128.98306889602435
-134.74395492010316
-261.69577502402365
-312.31994494702565
-916.2205099812236
-127.96237735138895
-129.2399672752558
-2.098870228292402
-285.60799771888094
-128.1117112005377
-127.74024750948476
-134.83572447485307
-131.93054464573194
-255.1093536954699
-133.91584289771288
-303.88357356493884
-247.19299478518005
-129.54065494575758
-257.13443665954793
-132.88645146010956
-270.1043881421223
-136.35441492987633
-251.73205562764016
-137.16742017356546
-251.65828535559083
-6.542013102753012
-137.89914711218898
-5.693008772743848
-5.375757105400641
-132.23376979981558
-132.86039914950723
-133.71893340210494
-120.97460239257484
-243.11219169052296
-128.4134537416186
-126.64121822997434
-252.45240773139412
-134.07280395726787
-122.24270400667399
-4.812912732779909
-118.51397067417388
-133.10213457541806
-243.38261745852418
-133.99372296485154
-115.96795805576873
-127.13773854013824
-2.6218338173223605
-120.99540781309179
-118.46440582664444
-130.2873759986468
-117.95068232606114
-243.90116856267366
-5.51591493079473
-133.24890563917566
-138.8900234481453
-138.9033344873334
-126.24848599939087
-131.86110997748392
-132.32670932288883
-132.85419968783017
-131.00581349260653
-266.30018896869905
-349.09088561914234
-2.500411888595499
-779.559943090042
-891.6420566095122
-798.0561242254685
-789.9243443131187
-6.171740070309878
-786.2018914997606
-758.0535468642377
-387.3436782445828
-272.60959930177785
-136.01463199960958
-278.00459733456705
-130.50611292216954
-134.65637207929308
-384.27926958037955
-133.8728311192427
-2.107570311156612
-137.81306834811068
-399.7048461053808
-132.00095741002937
-130.3447302906049
-258.07729565521356
-130.1194704817748
-238.76278692949185
-135.11343488026114
-243.74713925165216
-122.49371045773886
-128.69207769245733
-1.5479724001459794
-121.38715263369564
-120.39896658948075
-250.86122723459465
-121.70305653239335
-251.62460953547046
-130.2539784559204
-127.17109817582794
-133.33328083086425
-1.9883616836146627
-256.134411204039
-123.0220203374408
-241.9693172255309
-248.5188949928941
-128.3555161823639
-2.520380009585861
-132.93763356026435
-130.1010942299673
-283.0407165362453
-249.43238141448074
-128.7978731470572
-130.44576336221456
-1.760044992527436
-242.81566132220485
-1.7676845559320622
-2.4239002256459514
-131.13140404051364
-344.26098532917104
-367.59653964122344
-246.41628843979865
-1.5574232693699093
-121.7701260677583
-121.27276664631957
-4.461170236718811
-132.70330877397248
-118.85587832127484
-1.5843693080936883
-223.7534490941535
-128.23340119458038
-2.8532587807073435
-253.06416199941802
-3.4824075633316474
-116.313157565157
-119.92256534716256
-244.7536734165831
-247.2248173143235
-131.6480651503011
-337.50560253671966
-130.07953367017348
-247.55886034418523
-132.338880984267
-130.5547490006458
-130.7928215762816
-274.35396415087644
-133.6194319897747
-133.35598303123606
-2.348113331501059
-244.66754393726853
-134.95307782936152
-2.3012432521400394
-240.57919959380197
-131.17399414088476
-395.96350993698644
-259.7865455693267
-132.91613123002065
-128.00694255531286
-1.7998636054296313
-133.40137492209104
-248.25200092771823
-229.60535322795366
-336.77595041717495
-3.967210030387407
-131.2862892928188
-263.78520112561773
-132.4980970278977
-243.17965508263137
-114.58384862914318
-132.25858399161237
-2.9130397469531686
-126.54609986164442
-359.86489902865696
-247.45314192155635
-126.1751915311219
-128.2706396799877
-240.37671795208612
-129.6486063474463
-123.18767532125389
-263.5821978924924
-242.52590789957725
-4.165994118365753
-136.92007097534912
-118.9406515217041
-137.31026608023126
-261.8866488007756
-246.46567586742725
-139.6326296711624
-121.21137252321748
-326.72836427646183
-254.35336184218488
-132.13262593996774
-372.7463256606563
-124.22059812245126
-255.11171710646116
-135.15805370115885
-134.2002220517675
-131.87490355584578
-116.86560009729273
-347.00780965627797
-249.1910012193626
-254.63636409612337
-128.84308191175796
-2.9227696166524506
-244.0983197493979
-244.99993367049603
-6.123914910462323
-405.73577711294257
-369.9356868637623
-131.2921445106987
-358.8059027964612
-343.95453269501684
-4.129004584203986
-263.6371915411751
-261.1292206281077
-132.35124024424155
-258.72256188456663
-134.9625143045229
-252.12363441458066
-259.17631461555055
-258.4126572506969
-120.85402953211293
-1.831692371015334
-129.54909216744952
-249.66972432009734
-122.88934668723803
-129.06747937287045
-1.9640985843176102
-131.9246324853442
-349.3944544567623
-128.38301236299094
-132.01952910032605
-263.6690699437875
-130.75901499418885
-133.1362056796145
-134.1917238524362
-244.53343634465253
-317.3946265912299
-371.6048219183114
-134.86341040053898
-127.75154920877813
-268.7821918969599
-121.76238166028494
-248.97527281831273
-360.43394259835213
-133.02232538078994
-2.907890808268786
-131.8177567381155
-4.537426542636877
-133.95984297939472
-4.97248962867186
-3.376288504604385
-368.9586171807014
-131.02009781459853
-134.28714758075375
-126.69428742634078
-2.2370333763615102
-134.51532670461518
-128.72626604045826
-131.3508653437474
-1.6815154067642932
-129.8416252372002
-275.853576869775
-132.6378672959615
-132.91143389669577
-259.53434428573445
-254.87418126973452
-2.488501860835045
-132.38743494016097
-130.83600227872563
-133.58726175929993
-310.51082096000357
-118.94623050351215
-248.8416057060675
-3.539442553685424
-136.12806731345646
-135.4722976124488
-258.1273569260916
-239.75182476266477
-119.27861265378158
-126.07621793578882
-133.0915770551622
-133.26708074974653
-128.81437251253755
-127.91208624760675
-129.2303500793012
-129.732518741125
-308.3381168332029
-130.17852162489544
-2.3997659201514425
-380.84485063556144
-128.86049005948453
-135.49784810574752
-131.15362467156012
-128.83192247828637
-133.81140941474155
-124.18206008550221
-132.30913768361856
-130.82328635834455
-130.3878037114762
-131.48988147962075
-129.99400952845005
-125.69281801774073
-251.8673323996987
-137.98902267260908
-131.47690229783936
-127.31377188779626
-129.69367073883794
-2.1625649188956824
-131.68737564975643
-242.93684480723047
-130.5820988286265
-255.0117410321605
-230.91675613856293
-379.2651731213516
-132.53714330438564
-259.78988076666695
-133.17745220901824
-253.29247204061605
-119.90485519610257
-134.09947238528505
-4.309995053819486
-263.9427097968605
-1.6109742227120847
-1.629136474761938
-128.80480236297487
-2.0527012545004806
-131.91971517492615
-2.287715621637934
-132.27077608052392
-130.90159775807027
-124.23456266630387
-240.4940377528279
-347.0736429287752
-340.6623507576879
-132.88286338204432
-131.6818243684029
-4.214826490906859
-4.166032267864668
-135.00496395297952
-138.03235318156254
-270.66222860494
-132.72404715460303
-137.4914879351652
-130.6769674710927
-4.503703046729794
-3.805158274991458
-3.831183714235242
-398.71265273338594
-234.1597328774483
-1.890897544601615
-1.4945885238852423
-135.35459129751428
-126.37544416142994
-134.8431710306718
-3.644206802126113
-2.026675471315537
-355.99067211704465
-136.61539765970994
-124.95897852553695
-1.7696733812067695
-132.62011437914762
-135.59307462698501
-130.90497558982827
-124.26372381475083
-247.48563949341764
-1.581845259056317
-127.80731365827339
-240.80960275981374
-133.9384338285808
-250.0727822204337
-130.5799975694157
-397.61602408907817
-236.8689942215312
-230.95426232616182
-246.51302505836762
-378.1217229277536
-252.13694255881782
-132.38489492251173
-358.9393636993307
-259.1424010482738
-1491.4730609327091
-392.82308068399624
-138.2721232288649
-123.1416328579171
-137.74393661422104
-269.4747123409824
-274.6612839455983
-267.4294201053507
-379.78555444402093
-141.70232712006205
-10.331960424935168
-134.48626153101372
-299.3226119202201
-267.98474888960664
-293.5130150834604
-255.34040143778924
-134.37785586990074
-137.31031733618468
-138.5283438591985
-130.39388270330014
-135.67786306348918
-251.9207069908562
-3.6046416576993296
-361.3152417238807
-360.8128592680707
-120.51836876297061
-136.63376506804892
-265.6698391462506
-133.12505298522032
-130.01718693321206
-2.240441911054819
-132.5251671050479
-127.60797935486968
-406.0205790868729
-134.75507455933305
-125.42440501765846
-131.87785969943442
-359.421157038909
-255.8646137986899
-133.19948668132125
-295.7284239869505
-280.0370328951462
-133.3445950152049
-385.4673557659205
-252.71942318656622
-136.32683346769917
-9.839047232809882
-262.2940697372495
-400.37210430535254
-136.67520836772528
-131.80873773699662
-133.9096043565971
-253.68688844581897
-1492.1432971540742
-252.87258588211017
-132.43938866899722
-115.09311612747464
-125.37621873997048
-1.681578870414688
-1258.9552710024366
-1134.4969785263843
-1.6798876231302386
-132.6676267977172
-1226.2090601026414
-3.0720441682614683
-126.57720473934326
-118.09199120483707
-2.4253759857276513
-124.28952529552727
-2.4954941110008098
-130.58622176192668
-128.33756602637456
-1075.5822280444895
-1088.8019704858689
-926.0145280957177
-1085.633543071978
-1133.5392149642812
-1113.548828935179
-1.7895381100990486
-1235.0722879300286
-1310.9611150214068
-126.0677291429034
-1229.0107463654538
-2.153658898964994
-1193.1974706048286
-1029.5173000269413
-365.2104489030706
-377.9489328384225
-257.12969511917515
-3.642731318994197
-260.58435648631195
-246.10375727114055
-121.16072935088816
-140.11005155413156
-251.185220205422
-252.64395247372326
-139.8142350658768
-138.52698502849378
-133.1047811333687
-135.9217105966914
-7.620465840255189
-244.18182878900993
-134.69026091724658
-7.446647780738989
-5.864177891059567
-132.3895697146692
-982.6780766511152
-6.885262059116004
-125.9302805275476
-117.64612849823843
-261.40695187288526
-6.929989291177212
-129.27375757707986
-132.89983405375114
-133.64947070099177
-136.9654123064838
-925.1205231941819
-117.68517198719263
-913.249206946091
-8.297959918117915
-396.9615265921172
-390.000105319318
-265.62503580254946
-533.2419712318741
-951.0210074966693
-841.6245584450661
-10.995126846326619
-787.732577887193
-9.943776383017454
-657.7828990280641
-529.3476837052615
-264.4641743417043
-128.02879458488616
-3.158989041950255
-256.8372609127823
-268.104233293494
-223.88023416780297
-131.82674124918563
-237.86522447503918
-131.16121186439784
-132.9241833240136
-127.07384882753426
-2.6169924826340214
-942.3311386702636
-117.22309145330468
-252.00864564738438
-134.28288330561276
-254.83900772215168
-244.64266164144277
-937.9727533221305
-258.05117211392763
-126.51982482434262
-133.19444791485085
-1.6966936049546115
-124.69821604651555
-131.56550793401863
-1492.2955800323525
-1.893064661495754
-124.84689902285756
-8.069639875733015
-247.72333007121375
-1170.7819406748567
-1076.108745510899
-1160.9740981418997
-271.94321650424735
-251.75607376477862
-248.39139503758673
-231.32036681729343
-232.10168944304223
-259.3722123780443
-264.63250275490793
-140.06173194580285
-266.41570280637865
-140.36468285211143
-139.31870415930578
-133.7100713765689
-131.74840533916523
-135.3002388930914
-136.8684530829384
-139.5829090428581
-250.59718677902833
-134.13536752931853
-135.15532204419387
-140.59203995107725
-247.05659089965584
-260.227749673599
-137.16907318071677
-138.88695472785304
-7.849843300990278
-136.7349965493266
-134.6279241699193
-254.70844110514628
-139.12722629882302
-139.01794935954806
-135.46651201176422
-137.0290135999637
-129.93337159919955
-132.20351186299578
-6.2855941160050754
-359.42868840676675
-259.8501826503647
-254.91281127067631
-131.26213297467424
-5.586604088921412
-122.03864005808364
-123.66601094175498
-259.26293961257403
-123.75174969808964
-362.33225776952077
-9.572222529067847
-129.26877546424183
-136.71028683103864
-385.43589479568385
-131.38200137000055
-137.8362071900993
-3.5276963627944724
-129.69144046818582
-130.58836975477377
-119.53236123266177
-128.92591928397138
-2.3224210076600977
-128.9862592910749
-120.57275643532383
-133.27521745753
-131.1901673055792
-1.9066025599010432
-254.7649850258892
-4.8304643161118035
-136.69414476315467
-5.887335106352164
-5.065277692974489
-122.29089980692885
-129.0583627423906
-131.53321204002702
-118.93088536887687
-125.5097673971756
-4.751257860741254
-130.93288705672973
-130.23970231396046
-123.74094949959141
-253.7144137070886
-128.0904234060176
-133.82125715677935
-393.79596424696194
-246.03695317018926
-120.49362245593831
-131.1174105192586
-128.16282344117087
-1.9039623534405123
-3.8888918208255414
-301.7026465911231
-131.72907896922277
-132.86590783877202
-239.439960744804
-249.1771365692458
-1.1193857259544044
-114.85025758481457
-234.75550176487098
-132.202385730306
-247.77268250484414
-357.3000882856106
-132.23275320230152
-125.64883016190186
-124.17423452342545
-263.2941981424362
-118.43631124638323
-242.44542004832303
-117.50914580860965
-134.54761835195154
-128.8904498923745
-131.89733002300017
-117.4220185276803
-473.2656317571336
-2.1520277658415727
-333.9049884483522
-233.58103827148096
-3.653637476785674
-134.5215049471845
-268.59709902822084
-134.0087600210359
-123.12891306609747
-3.140217394179566
-246.9960731558853
-260.5540180500259
-361.8188240180786
-9.035403874297955
-256.30047191852043
-132.2284956157008
-117.9031176711559
-1.8191374033798355
-127.3483432218495
-241.8512332126049
-134.31197992251842
-121.4981887563595
-133.443649331752
-116.74499205915656
-247.34667554804835
-263.8885430891305
-135.99869037421882
-249.01643051226202
-271.1303992369477
-132.0269424678406
-249.62810004594456
-127.92643634966919
-261.6064157787448
-133.99850663793953
-128.26263348650596
-133.92814974845
-250.90500940835716
-118.56936567662315
-131.06286908654266
-134.03545800333617
-124.37139761745692
-134.04892938874121
-233.09099066476816
-250.32884130898896
-129.25045700516364
-231.9832664543638
-114.90834733758446
-247.17418096679273
-117.96868959555373
-133.02455534517256
-246.83962940912264
-261.21589061473634
-122.19195648797759
-132.31524596355993
-129.92985625581875
-138.16387172440818
-252.9126546785008
-130.4343623801904
-1.3839799155708965
-1.0779212138240943
-251.677978464102
-135.91147664994966
-136.22804707333322
-243.48155765197518
-252.36569012355469
-133.0857954380167
-243.99968232839925
-239.8870080668668
-130.98499773976775
-126.61260727502139
-119.3752079800189
-128.7647128580846
-132.5858162540185
-261.96816313075635
-136.21275196130634
-130.24496005512606
-134.92857224709812
-518.5734899645823
-133.33590267390414
-117.21049506732842
-134.03740665888736
-139.36751228727198
-127.26939078196007
-139.16458700944267
-2.206594209613241
-262.3623615338086
-0.8951482557435259
-0.9862001777102656
-380.4296986339838
-131.87536881890165
-119.7728314106093
-349.7170954482437
-130.14510925144268
-247.1650256011236
-374.1930277045837
-388.07049820483354
-224.6211595054247
-138.09644104368576
-134.3089463724021
-6.2882673905970154
-139.89075252314117
-4.447867942033188
-118.65145139568733
-123.7491692118546
-127.47932994439414
-131.89969229166982
-136.15931838458388
-131.12890804955114
-257.92268823302607
-137.85589038763771
-136.2830111259925
-1.603383068148313
-132.13994297100277
-128.96817349523474
-130.60507389013367
-132.94707799825227
-2.306051366119044
-130.32016789405372
-359.0508045570492
-129.93279544253835
-124.24877132059947
-125.39163559561068
-244.56616897586275
-248.26300100519924
-125.2224534354092
-249.87831976223046
-116.18117453426785
-128.06327156805415
-126.39505702621729
-1.157661133857976
-361.4743920833039
-3.6292498605767065
-120.1309808823017
-5.395027301815048
-1.1498724375217815
-117.60695704156572
-129.7528273656757
-129.20751265198462
-3.2590701934078194
-256.6011003072662
-132.90253907802978
-134.900793572336
-279.7197275372204
-126.06732038368907
-267.3373448416162
-138.32373798147825
-133.71432252680458
-1492.8570181421906
-120.49413123745836
-136.50036105557356
-274.39740205482906
-119.99171426875338
-133.5860374991397
-133.65190900716917
-132.5798291200645
-132.08229493576732
-120.93518192096622
-249.7524675633456
-133.33264884043254
-122.54929662802097
-134.99333804230017
-135.68361604709148
-127.72858458506269
-131.44434396820117
-382.9222515242178
-4.490612351494502
-120.21381215062686
-132.94528556317417
-133.19292118161275
-3.008601890997522
-4.178767626018899
-115.81001053079967
-133.29808346778415
-123.72346603617031
-129.78099695644556
-130.62529009281772
-132.22269744667042
-4.4434308071985935
-128.62538944691744
-248.72681078334293
-134.4467847583273
-244.93317516392284
-130.93490048654485
-337.60725908496096
-1.399564393623717
-133.81735450948537
-245.13078422647288
-134.70926785444126
-266.9795509968064
-121.4391356858515
-3.9685516182100375
-129.80379918932988
-256.23470984612226
-243.9752349416021
-2.706371420034753
-242.30813094365377
-251.9860978342417
-120.00115009008502
-134.77100261675253
-258.4642039705738
-135.1884002967029
-127.9905670863609
-246.99889250405772
-136.35228501817784
-1.4055092729958663
-130.57363845403168
-131.8385394127663
-126.55652750801195
-242.08129445186026
-250.99711719925222
-282.02907901701843
-1492.5056921428115
-117.26504860410408
-135.20635074424936
-123.40720605950787
-252.56539145679423
-2.6513721229417904
-347.92731126705394
-136.79490645521
-244.2550516755764
-131.70110433177666
-246.99547047368083
-244.50925628663458
-132.93160389182424
-130.7140502781966
-126.81171835708285
-422.01379597777265
-132.89886282574724
-135.89924500691674
-129.1005566612981
-7.116063432127927
-8.226326505431762
-132.94209844052622
-8.722726989753635
-138.86726716041332
-395.785501529945
-10.184491508567474
-298.11587448305187
-299.8625438470603
-252.6073713671716
-128.68489174497427
-425.9983422713366
-136.57207412004783
-250.8460025707885
-1491.3609846425793
-137.0743604723961
-9.629029232036165
-290.43518344677915
-139.51402490987644
-134.4976920529999
-136.77697120463571
-139.88011257931944
-143.70616928455908
-258.0825696874699
-132.79626854964732
-126.28267202966695
-131.1366369746872
-5.694190859104776
-248.31660331350395
-4.417971740842749
-128.92703187151596
-247.02613877385303
-366.2981216980822
-1.5580403228631334
-135.46365698551887
-138.94244573754
-130.39944302511498
-262.9474279156484
-142.2216215591058
-142.69961128529093
-145.30584259440607
-15.351350597605743
-15.577559855347708
-132.2246259148246
-17.711970444293982
-389.0178263473845
-274.9931154514085
-143.19199196206088
-138.97100612874823
-137.54698445751407
-145.6442512320953
-15.147275293800444
-143.01036532722978
-251.95432284547988
-257.1914385623955
-130.51186175246494
-136.1094715190342
-125.76251343745471
-129.21831050415574
-3.78974094256868
-253.61200583269908
-2.8021056242768734
-3.967675137849105
-130.88653253060826
-131.49526839064782
-128.55003667647534
-128.3515766963565
-259.40754483584027
-832.4516308238497
-1037.9010725321937
-268.5054464297865
-120.92202800077884
-259.48949289879704
-3.2668530278969237
-1253.0228343977344
-118.73166062953266
-228.635564643959
-135.26847299287644
-1323.9704882391943
-4.469513275699143
-129.8064697461907
-130.840820711605
-1.6940013312314572
-1.614562967791975
-252.32364962866885
-116.10302872701567
-1279.5765886285585
-124.72567442392733
-118.99617220392587
-128.0932206405781
-1287.8980330384652
-1259.4691466798142
-1029.5200316903808
-3.612057411446663
-128.10324227036946
-129.1172345310351
-384.31072372896017
-130.09182880183766
-234.13792801040822
-124.66430109343648
-127.6904637764748
-242.80716479074755
-126.503303742144
-130.2030592759457
-130.9855179072883
-264.55215055218656
-133.66803405874026
-374.6256860304065
-125.41480266126867
-0.6568032209832981
-130.1103249367702
-1382.4404030239161
-0.44944080762552513
-1397.5997658108795
-0.4253122834270546
-244.3153090411079
-1358.3339252275275
-126.03048532015639
-269.8567441154789
-1372.1482347353817
-348.5561356165408
-134.52767949120698
-133.4180538740503
-238.58065132423613
-249.80500933873932
-134.68932720234943
-125.69821581661644
-1230.9271779370324
-129.04631223070018
-132.92593049437144
-123.45898531632186
-243.71437584129305
-131.86635532285538
-114.50193461915195
-1.7129667893935505
-0.8257218093044282
-129.05122366379516
-272.9646877490615
-1197.3129740403672
-1213.6067102143238
-5.428514208981223
-123.20598642860871
-136.42037430577807
-134.45219641754505
-137.64226607167356
-246.37089231897482
-283.88711508197974
-266.0258517566276
-16.311358946639796
-143.94295239584252
-252.16271041339976
-137.56656013316694
-250.14706709650196
-243.5389315751544
-263.9619227156564
-133.0296020078062
-130.43394777272042
-115.56004785969385
-131.18049870119071
-126.47313046565885
-378.94097945006985
-135.04586106830786
-246.1056891288749
-132.12269058008914
-138.1403842361723
-261.6849434176961
-6.390464227052074
-131.738220900945
-4.555515473167517
-133.59643035009552
-5.027555934278919
-138.08188096432357
-265.7804564108358
-1491.5681092716368
-4.088090365855515
-134.2932619793839
-257.2304881257822
-131.86706329636033
-286.0715541467302
-255.3454855411794
-4.1811008090962725
-261.20041726836087
-251.24836335797394
-132.5640132802562
-381.79258899771173
-127.94401988183868
-253.46954685812517
-6.5800280865115095
-258.53800047256925
-375.1410336081836
-127.84352088580886
-255.88857293671077
-265.24906421376846
-6.342171956912237
-124.55200228343148
-243.9750046345769
-266.2095155097539
-9.165690234552663
-260.53373726003565
-245.2117895078092
-124.58706329025331
-378.69508802777744
-932.377390704533
-1040.5413385689494
-1067.2274720897549
-8.870997364172176
-263.37529985716264
-122.41596524261136
-1084.94522322187
-1493.3950089262205
-1348.4691370552353
-118.02349337819768
-1334.6967719063132
-3.5633381318088078
-1338.6603157756979
-1322.1285734604269
-1225.8677553377097
-1316.815649321657
-1122.0326437997728
-1321.1028113471582
-243.01513978130362
-1197.6225556223724
-1282.135914397154
-133.39270340073517
-1094.6796593547238
-1111.698551557991
-1089.415784621626
-132.63189429430065
-1187.869747390723
-1103.570497079955
-121.23715261102431
-1155.398605012398
-2.8896593865663474
-1148.0857807607204
-131.8227200111676
-126.330515576354
-243.72872865400953
-128.9322583072027
-133.73307089286226
-7.6823341501626095
-136.4403923826835
-138.50740014100086
-137.63297921354447
-135.86975682225284
-130.84002296580644
-378.4408428099981
-131.20479790544624
-131.87793067974613
-118.8813526469841
-128.3181925043257
-4.219327674084289
-131.09125632856103
-124.37638489734107
-343.2549367055121
-264.5976902361459
-6.822743144399979
-9.660971211896705
-138.4014887771457
-138.19926497891657
-124.7372491849108
-351.5130451633994
-246.75885882735025
-135.00080394867481
-257.02647053647286
-126.75400833766057
-126.06290974689982
-120.06455486559143
-124.75367804548735
-238.8521321183551
-119.9624378440062
-8.461801030971904
-133.08904646797808
-247.78041355461892
-126.76211293016976
-133.4575377338562
-127.19723123154883
-353.81150989139405
-133.7222983067521
-138.9553273653169
-133.48981407346213
-10.140811916778938
-132.8882806287519
-251.46162272529017
-137.14786015717385
-12.345396168913997
-137.0612953205315
-338.20454028880823
-266.0870674259249
-248.07366353367522
-122.70276426658225
-488.7015988947045
-138.24918349796326
-246.92765296756974
-250.38971143390677
-141.00947955172506
-138.5273117972413
-128.66549093013435
-138.63601101758528
-248.07475014432515
-344.36066598495495
-5.088373527577155
-127.86371278431933
-122.15884835242808
-126.73878013961836
-128.47128352494937
-128.10736775827104
-130.85726587625172
-133.2122004247853
-130.2016561155334
-2.8319024432530293
-117.09928828713689
-242.6868277150474
-119.05675044399551
-130.22238648633163
-347.06923930366503
-127.07206685505592
-125.13954535078359
-132.239772029942
-128.25355526219005
-338.3900389491199
-127.88596293967699
-126.86107438873486
-127.57536034532825
-128.81279005933948
-131.4901626463373
-131.15177402848204
-2.7916904690294126
-129.24444296599557
-126.51666145622777
-132.43425101901332
-1.771575872455259
-292.7710145803429
-243.69773914232843
-116.27740461214962
-116.37483313376319
-2.406256609567867
-248.71769213587154
-4.1007466108202015
-348.74504284346466
-1.7315321227105656
-127.32786511514051
-124.06460199939984
-130.58669200262207
-118.3976002135528
-242.04846461904995
-226.15047090063425
-131.12356570888275
-232.01152391807142
-125.37498354196545
-252.54872077819275
-134.82074731336724
-136.06299774129755
-246.90157322670345
-138.91187302071478
-258.4491478637711
-253.8771776785783
-777.4835662359732
-776.7673492421894
-239.14566493983094
-132.69871009482281
-367.7209358705207
-777.6417192598371
-531.0338855652238
-17.178913137817748
-140.4456898823153
-142.04691128602283
-265.75550763515577
-269.442023778372
-794.5288398051098
-753.1645283043093
-759.6655283777136
-140.15072007738658
-140.2165942443188
-269.7189635188689
-255.39258670358637
-252.53899640970656
-132.70719662600598
-129.46299937314333
-141.82391595220733
-135.44224787418173
-139.8101611305093
-140.33947501971997
-139.45325565443005
-139.01141201695597
-9.741151257826083
-9.427202412472246
-263.0929058630998
-386.60778360589273
-6.810920502745945
-6.008378309849013
-255.16960107012846
-133.0094514745964
-250.12246263180975
-250.5827109669686
-133.91608910941943
-6.5073844448311196
-139.84845823105258
-250.07565073937374
-3.8835805089035156
-342.09996372405624
-116.4405572818878
-244.84932856544165
-133.79372696153519
-236.2425996206293
-349.97687628421454
-245.99992458285695
-252.94775440098843
-240.9972037234007
-135.60262784179304
-125.22108538981448
-133.74063654004195
-1.9488994671674913
-119.07171132745042
-138.51700763846097
-133.39370600784548
-2.7704272497201776
-129.22398772519688
-120.15379162947971
-140.61174406137553
-130.2035223938279
-128.46941065836367
-139.46152210846876
-281.6718104043266
-139.0462141579016
-8.266602443031026
-9.432692022571711
-136.65804319784064
-138.49031707729148
-11.92652196093734
-137.1112881172387
-138.1392284061315
-139.30910337950502
-362.2645306922924
-16.482552438376825
-262.157535321973
-13.846092951825263
-142.24506620891339
-126.86762449799691
-136.279065352271
-128.09020600384846
-124.63409972650284
-134.17443798610995
-122.9060079537967
-8.280344050532122
-259.21545478408086
-138.69608895687048
-381.90041916010324
-248.15456140204418
-18.546340484666988
-145.68839381777838
-15.676671698625992
-350.8977893597937
-140.00840253595732
-140.49940946175286
-135.6738116341864
-138.43805955725063
-389.4797313587297
-143.53200169403135
-271.2695494872642
-124.64641182471786
-249.062004620789
-135.57438872401946
-249.40313619171963
-250.42059749965753
-5.431145317968023
-121.98011981496818
-123.0800782750395
-141.43191336584928
-262.6252238701149
-256.033770897004
-253.74913786090056
-254.86842487363378
-6.753930464429374
-7.05386991333769
-286.2102404929511
-134.78956102621444
-131.7404704703159
-136.2713700447286
-134.80160189961467
-129.9850482076287
-242.80507965982926
-245.3304063335694
-123.48350497026902
-124.23795215844564
-114.6387377702966
-133.88973480950216
-1.5766077823698346
-126.18567501921358
-121.93252672673027
-259.8310865223704
-363.5209690822451
-134.22209524004438
-138.34414385798055
-334.89390144292474
-121.7910139462916
-133.6226456226514
-245.91354189903504
-121.27704820422494
-136.56266010776224
-120.37224133052577
-123.16430438233458
-134.3560461613308
-128.421699526003
-244.7422297675633
-356.91814975992213
-138.47725438003204
-258.62686564135294
-134.80910710311056
-137.18526326643826
-235.2299875209303
-534.5472596440246
-140.27587371750892
-5.646607517825916
-133.74516821403566
-249.7039180960197
-249.60260065488967
-120.43183324631306
-4.089161146177461
-130.7362427751365
-269.9288505315906
-132.45283535102575
-353.22363012157746
-137.29315582100426
-268.7431875667699
-370.33459286449414
-137.2417074625872
-236.0462602061685
-4.435796056771433
-127.87742134179703
-261.17838450348734
-248.50446113825546
-128.78041073955032
-250.2134036443087
-134.5279540056675
-121.76109168119852
-136.05665615144355
-270.57876315082075
-141.89017408373817
-142.34908338437754
-140.53890677034522
-136.94489305464305
-124.62447999493871
-126.85535390461249
-136.60427362649997
-125.50872642594054
-344.11524277530117
-6.783124435561335
-258.16394330792815
-248.01459877310901
-138.30862785381817
-126.4614679939685
-247.7959645133345
-133.65664292573823
-6.311376386411644
-252.57543646795105
-137.76759166752183
-136.6094544366278
-5.4361350486574445
-127.43643173054379
-125.60030686159713
-134.73874195631075
-130.90116298645768
-130.9926620540104
-249.06843179448103
-136.05178204393548
-132.88626202427673
-128.55170147068506
-132.07436572991347
-130.20977578966486
-130.31079965833348
-121.8034608277105
-130.31596389322763
-242.24150684031744
-117.50889635889537
-229.92828422428667
-131.51358213579536
-126.135631770171
-122.27403553701255
-125.41184156640296
-1.6250422273203409
-130.9881313203111
-121.69180225527742
-265.107140465133
-130.66227605496906
-253.0344632911649
-119.19878242219782
-125.71883312985187
-131.2787745779988
-132.96672183340874
-127.97277391242287
-256.26703887824647
-244.20715507217466
-129.3266140750359
-120.15830750573544
-134.22972203535568
-365.69501153746904
-19.77870851181937
-10.492185998708626
-139.51305972754955
-126.49496619120427
-282.8416955117875
-135.24424438097904
-387.4815030690743
-134.56075908779715
-248.37804247618632
-8.380447251799513
-132.66203041424612
-251.1704007832242
-408.1795459727156
-395.04162012458073
-259.21566336958955
-123.86443773985623
-845.8162475664246
-1317.9608084555537
-134.68931959871085
-133.9001397251656
-266.97673678185816
-1220.8670246435531
-134.26644605739494
-135.33433642612064
-1250.1337360799084
-262.31103889049706
-1094.1253623613616
-929.7885252594951
-118.92780221670328
-4.583076225852309
-6.9500943823078645
-314.1567753300955
-351.5706473709545
-127.0741577773251
-132.9840013207506
-253.32838237241654
-124.62237106139084
-130.5128646590945
-134.17162166732126
-139.30346687647602
-236.19238925931927
-137.03338035183444
-235.06682665685477
-124.30311968262941
-137.1712992462254
-140.54536063063375
-244.60482021648647
-137.85336573114427
-373.0326434100379
-264.3511514378571
-252.92442146059605
-136.21110310639475
-140.65528506515656
-130.353545151241
-136.5009786151198
-134.98686613483628
-14.202675847612896
-248.78957445248545
-122.58225769587673
-135.80800968546976
-242.46440401039294
-251.18743309864146
-387.9023293745937
-137.42451010927337
-231.4503934542342
-528.1563649215988
-888.0692659753612
-378.81022346711535
-133.2586211189661
-266.5022658677244
-139.36388230366262
-140.56358779607694
-12.520640150109063
-13.010154950624903
-134.2351713561452
-145.79149721831536
-354.5705613542397
-139.92339163173975
-137.2152015684557
-12.1044723401419
-129.35311902476369
-9.636440656651278
-139.48848808722187
-10.326927744111824
-140.57463548785248
-128.53528057411415
-139.21456895288108
-121.02731786555587
-236.54718748554592
-134.19128766800463
-133.49335293672195
-8.572387675741746
-124.50728494763744
-128.7675284059999
-125.45349943708382
-7.120216462727702
-134.01202695548466
-132.375079733323
-133.19521072668374
-122.75748900516251
-249.2973208057184
-134.67382176331964
-263.29897106087304
-7.049656721165972
-349.16781535197777
-124.58138660931459
-367.181214613719
-136.59803142671743
-124.60601585130082
-123.78980708115407
-116.43180277215629
-905.4272322974097
-121.07800152618664
-127.40697192600493
-131.87227907683743
-247.91669432522625
-253.16763740020383
-374.008217868588
-119.1272703344941
-257.5977952176489
-246.14484301410766
-256.8020420153102
-118.34794287800483
-275.2405467094303
-261.73453134959584
-358.25921372386364
-131.5222487628119
-127.03581238955883
-122.78000143678634
-134.93327299026151
-460.2553527526189
-261.9962770746908
-126.93978060432231
-356.82531688501444
-243.7036334610762
-247.5865662579085
-136.2307931374084
-128.1686935648896
-131.5112405552788
-123.4463040359499
-402.49739387682087
-257.7514912072249
-254.38785750257648
-269.3779291372508
-382.6802068121798
-136.84803005183124
-126.3254519170464
-264.4072989168826
-266.3791663286719
-266.2723708138769
-262.05205660973024
-258.466653573578
-6.9512211089445275
-331.3821832621777
-6.481941431677982
-266.6518388381982
-401.87806272276015
-263.0415529754639
-126.50784048013617
-134.8130590105352
-282.41854729491405
-129.2306952110122
-244.22763126132236
-260.71910949548976
-121.36951110549572
-390.17867690316405
-128.80457353091685
-3.8834411560625544
-255.82682948308357
-129.0879675306691
-262.4183163462147
-252.8692605190899
-124.38631812520612
-225.9565362896229
-223.99548488479263
-371.5640128277005
-236.15053417971336
-3.358394507552877
-118.27415757521773
-129.36044749027565
-346.44878460905625
-130.8409913986287
-3.635660349448291
-122.53268461606709
-253.06325154836114
-259.743329174885
-382.2296225128813
-378.9230468534784
-131.1889026351022
-359.39669067435096
-124.86966522115036
-129.26229124419632
-3.3505023610977345
-133.97290819516778
-256.86881820607687
-365.796780190916
-128.18482926554998
-126.97979772611752
-127.47184276094593
-133.36866732393997
-115.38781227863193
-121.59591969146857
-245.78157472113764
-133.62179297475967
-3.945292172502517
-363.7362969346231
-123.90895868616846
-120.60939528556992
-127.19043126084944
-115.41606855006792
-130.80452103048694
-2.0382424770355057
-122.7846106394465
-265.143061825388
-127.75479056418249
-127.68576378789507
-126.62412523193792
-130.8427188230376
-120.8265813920746
-4.388331397452209
-329.1883920948936
-133.4970898085709
-251.59719774635886
-4.139918053389606
-252.44872796104286
-246.94612888714877
-117.70980187055217
-119.9577446790078
-138.50450226685243
-251.66607900435437
-243.37229133544776
-6.054062004076916
-135.03807175654563
-118.32084633089055
-130.3376780247389
-6.183589974982948
-135.2527044738858
-256.17824174594415
-137.08684084284715
-384.6419556188313
-376.3302588338203
-130.97048040179922
-135.00086619966925
-132.0894656175038
-266.5637014362064
-133.0531207413401
-132.85433460673084
-136.4552526916031
-259.0889918728594
-130.8547829411905
-263.88051557974313
-354.93864884122024
-254.33996441540125
-126.62876513390131
-115.62738611389697
-123.6210412823567
-125.09690148113744
-128.55530012121943
-2.8348664905712697
-132.92049651059088
-131.74753107070944
-125.81190298463729
-129.9262425876587
-129.4637011057861
-231.39844590631728
-125.65141171696607
-133.66906665748047
-243.9396737266883
-130.5527087215827
-136.73861947317428
-244.40253038320597
-124.60482204704361
-254.84143592276618
-232.89509970669127
-381.4248095136188
-133.90781502308633
-116.8102738022334
-114.81782153214554
-264.3824348020211
-263.65352994254476
-139.22544690063415
-374.8646788241192
-270.87942008015904
-134.3562308911604
-137.25646599833823
-128.3266366401577
-125.07959853738578
-121.14109577102096
-133.842869008553
-241.6102821494457
-126.4606015491975
-116.76082665360458
-135.4561197793178
-240.639157825787
-345.6437909248345
-134.4938408024222
-140.92515149587888
-3.615722924473609
-136.54173722382254
-335.27348282191343
-132.59134833374037
-132.03828448408052
-259.9643234724807
-134.3906776101844
-132.3201919798231
-249.12106414773947
-126.24583385602342
-4.04252135419021
-234.39340452422505
-4.763636819212935
-6.928600768609815
-238.3896764604243
-242.5838882553675
-129.5464495043563
-132.62687040904166
-132.34331047823912
-132.32237125968535
-5.0206865862967005
-252.25392036320218
-130.73188245128716
-121.26799171775845
-234.09340864840476
-133.39684364182617
-6.5819296505741045
-133.6875031149561
-259.73720454050067
-135.9931438457654
-132.39353000683988
-132.6235765404118
-222.3895574572874
-129.9038593351301
-123.78630091609534
-120.04662963121237
-117.74641025447649
-122.20473902299823
-116.81732701576225
-125.60479859041949
-243.69980777031031
-120.22115127465116
-245.5939856465323
-258.0206215586311
-127.15452832052866
-329.1848107780675
-133.7672690809004
-122.45527286452987
-125.35742394842934
-9.086024144379905
-10.183306960335008
-762.9303047105899
-5.165442281497073
-131.83176960697634
-505.9830545609333
-494.32531633126314
-4.964427524480523
-387.138438721425
-386.5350019145662
-252.5629592444671
-370.55207668488987
-253.2902153994117
-128.53273764610574
-121.20276986454292
-125.26469853900372
-8.613297046549375
-256.18578925781867
-127.893130281473
-246.62937188674283
-296.6837370576502
-334.48820198717925
-396.27950004996205
-277.6801732193338
-372.58321594547107
-122.48520496414196
-240.82129886715916
-369.78420493217493
-126.73423719115016
-408.9919484709909
-1491.046884566613
-138.8817798095643
-133.60534227750966
-246.37007060813048
-253.32464583670136
-1490.880880040895
-131.1435514824206
-255.88791911951674
-291.53122804138616
-358.036247794559
-361.49849422995646
-258.3703638652403
-393.42995001536883
-253.9729079921868
-402.4612818834207
-376.5521633938406
-11.256599750806886
-395.4723332111847
-139.58402387982153
-363.0903492771169
-256.60982142878504
-131.22441855193765
-128.38392416672534
-127.37652401386117
-245.93604609341716
-127.84905150097956
-130.13663245156818
-258.379746870402
-264.0347297156664
-136.34181487895876
-390.3989651018074
-137.22516651062207
-132.78599370344543
-475.6225536814715
-365.3199682834408
-253.63178717602258
-130.78600123893932
-248.80867511622483
-3.77539786001553
-130.5609463336537
-253.19559321760656
-127.73970660078221
-132.46986573020646
-244.58444993035448
-240.3573323175622
-221.11192558296415
-114.4229897572494
-132.98246712415175
-344.0143701857465
-364.4454226856145
-115.27756136838919
-237.9120096618084
-133.96022984655437
-248.63349104158775
-123.78792922683608
-133.70892870861653
-372.59901734871784
-139.15569934222688
-358.08155327663667
-127.13581115881584
-245.21769310177748
-134.96328206450252
-133.74716454521288
-121.8493656361472
-9.572393815948312
-132.76538520271234
-259.284547163263
-129.17990172408358
-247.77440555620834
-268.836300545573
-133.5131855064297
-134.5995576342126
-142.5255055595983
-129.7513183977331
-131.64078593973025
-133.7605087069839
-10.53011294099717
-143.26817921791755
-132.75213252349417
-367.2812784788851
-130.81287262625855
-134.09378895988212
-134.99302386131737
-251.4849782191961
-128.12748915294605
-130.54293531416562
-347.7444238164864
-268.96065945571087
-340.53559183140453
-139.63227895252138
-132.70140776585652
-6.805099042896124
-137.15741318481858
-5.6700782914466785
-235.5821768075511
-250.08142386814887
-131.53430370165137
-285.14730763320887
-128.3254385668975
-134.48240628936864
-129.8530016113889
-134.6997361987788
-132.3515661296398
-133.15680309595555
-242.9615976252912
-263.33693071951546
-131.77888804978497
-3.3963108288959103
-333.51687284261453
-3.2275819166347914
-119.18161008460672
-129.52329516923078
-321.34499134363006
-132.8257478017389
-249.20128467777613
-133.55355192320158
-128.89938842729944
-365.0044376663525
-2.2917227567396106
-121.59949968876779
-118.6091428933779
-278.40931904407427
-232.47689360810384
-354.78799602812273
-118.48684572200854
-128.74316320690144
-265.97107107808245
-272.4922498463806
-124.76543872295855
-245.7702852598272
-236.94804783502545
-249.86430825952954
-132.7397986195235
-129.37378944477726
-130.83736468288626
-129.02490876749013
-245.6845312047562
-117.60836208945311
-134.27781361018467
-314.26283708241596
-245.65182236942854
-132.50357982781867
-131.4738973477362
-260.4188646492538
-2.842603056086237
-133.8042036669151
-129.62086252591106
-394.1705883694349
-4.775961912283148
-245.7261046077241
-130.9220502030745
-126.53083618651334
-130.1424069411047
-311.72831276367816
-233.97506539163052
-1.8748690599688493
-362.54997793074955
-129.91814116241684
-125.63565765548506
-129.8608486288377
-131.3062341543165
-126.4467148454464
-233.63717157171163
-343.27644695846976
-2.885849227654647
-379.21085645500887
-119.52864471361978
-128.1863583197152
-124.89891830381781
-911.2216860956563
-130.87102061780095
-238.5626029820787
-118.7363373572762
-797.5329321179798
-247.25303590280242
-130.6846892542624
-256.45096480490986
-364.78671582352786
-121.53597350313802
-228.38990006513387
-122.01202245627947
-116.89459485389385
-114.79035890139019
-241.29333896321336
-123.67109272659913
-131.2516765392893
-3.0899001423247046
-6.046528367381493
-134.68756316376027
-388.4201003172024
-262.73441455629586
-233.37934954521137
-117.96488207118622
-123.72930014195711
-120.89943140796282
-1074.033829718321
-118.2220921244137
-6.39164039400924
-131.27577699292146
-133.05896571045383
-127.20200024925278
-378.7892803699185
-133.3973479163149
-131.50419753799895
-131.7986940091949
-268.9935487056795
-9.266412836504532
-10.441374294262822
-379.02279875395
-247.68675068712952
-130.15789664336114
-234.3488793581094
-128.39509971525212
-132.06069481304024
-8.47918866550372
-9.83642943145467
-136.74716564584475
-119.21197147383498
-121.1341905103282
-424.4853690519799
-248.14506088470375
-15.310873464653678
-121.79189781926188
-258.10254856830886
-260.47709153623805
-121.433413133902
-254.7320462863682
-124.69908773282137
-123.46541739998963
-128.334214894454
-3.84285693249307
-124.76408339614879
-366.35213054433774
-405.4639677651595
-2.668675555966728
-260.76774355355536
-4.106154210901869
-121.94622616973875
-119.57966003556318
-124.80236568089025
-263.8391453251235
-2.5123957991351586
-4.274558474741554
-258.0576822962343
-255.62068162646813
-377.899974982831
-133.76894388352318
-379.9966428063867
-135.12608770787085
-133.45837596806518
-3.707708631024817
-131.7282907097906
-129.6160695403257
-125.86735397329674
-128.01974680441964
-3.277853625486745
-130.30632265477547
-128.45146499419684
-343.4176000385516
-267.9393548167566
-123.59516762191807
-3.5732608494253864
-129.65757711712098
-131.10716508142522
-239.6760843590043
-2.4624772909044883
-117.13321492853117
-2.3477301988396597
-245.02786551948105
-132.48701029022402
-259.7939925970887
-252.25757980687018
-258.0720614444632
-251.60141335167737
-128.1664345195612
-243.10658456131466
-130.79738272750726
-5.553230963326291
-263.00609494343036
-6.6825821953761055
-132.33494372712357
-243.9731488085022
-247.97008886444317
-260.7292613443012
-5.141117423289014
-389.4028350063758
-248.13764451255636
-130.4587240691842
-141.54270787926583
-262.99019184546194
-257.41782638653075
-266.15694442770734
-127.94251281184415
-127.82157156332369
-370.71585537153743
-138.65224320606805
-142.3272310255453
-128.13449754509156
-526.3670802996902
-397.01757090334206
-527.4243361845976
-136.16094499726728
-135.66948400867264
-505.47453933489845
-636.6075634225648
-256.00679342044833
-381.80937599376824
-253.87270985154586
-136.79267955428043
-266.28106283332136
-242.2171225409926
-123.48493502445872
-128.94794626312603
-125.95881887538793
-243.69535983092905
-245.90607961573895
-245.21723081560398
-131.382466365917
-243.74909793314282
-118.15952457152402
-130.9382410416716
-252.87972140261093
-267.72235465416964
-118.37456677804437
-238.9609362385484
-243.0152734937927
-493.34539518131584
-248.18957664222688
-245.88101398086377
-1493.339967508325
-247.45440885430165
-240.97147677979157
-1.8187288309809113
-122.29144554734914
-126.37357528147032
-254.02027318975686
-283.67858886136764
-118.40053282093744
-250.9859363205039
-122.71685411366694
-123.98175682561998
-250.87761149755573
-2.919841312695406
-120.42768617796398
-1492.2001540040274
-127.0922069613546
-127.83757264320957
-254.70160272898445
-260.31180696771605
-128.42016789673772
-132.72255956472353
-1496.038557414809
-236.55603529220315
-269.98100651160325
-127.26206676726444
-120.7073032005083
-255.29187778830112
-4.303570986152346
-244.0986765363268
-372.3744515497378
-232.63830351608917
-246.73234227858643
-252.5809155570844
-256.6344971733271
-131.24695766453056
-320.84104038547235
-120.89467175379087
-129.2256839843386
-251.47798239311402
-250.4211077250328
-224.56604254054105
-252.56153375921576
-8.46234085403253
-259.4234579017346
-374.955199944303
-124.80748215253486
-414.3464048778492
-131.9895372330552
-121.03535773838827
-118.10558117789456
-250.06638655320847
-127.38590267435121
-127.80714940608516
-257.2660830951104
-122.91721949959992
-352.1163713257159
-118.44312899206906
-394.8871875455016
-1.6379962832591743
-118.1634896552825
-252.01676217161216
-1.576304675956666
-251.27986884027783
-1.8804397416049572
-116.62242087868763
-118.35187919304737
-235.2628339727905
-258.97206220086656
-129.53231129815453
-3.4172326883118873
-358.08295995761347
-246.74050554911057
-343.1915209917557
-122.56580832565297
-241.07361761557124
-342.88093463774277
-122.72849518326959
-117.0389584865452
-123.13716505675933
-241.19307410834116
-127.95528173218095
-124.56070699072606
-125.25809452179887
-133.41694987399603
-249.9853200392259
-129.0742196285389
-247.57033368639821
-226.96698618288272
-131.1065197424521
-120.78620215859316
-115.5600871966865
-128.30489606648854
-4.054770834924488
-250.0983315126436
-3.1478815778532248
-2.6119406736801314
-132.1693821651006
-249.0879417160974
-232.7457172448288
-242.2131035332136
-128.22544582062153
-124.30681852353499
-126.76196772288726
-131.55052205245087
-231.51747189357434
-128.48605896620958
-509.7498397742203
-226.11373567430468
-118.07717223597417
-126.75065929077198
-123.26709930566145
-117.6088388005948
-124.0330818144113
-293.75384372240563
-376.23525284676725
-125.4209006806783
-127.38491326634362
-120.92016641288762
-117.35564975924008
-327.15757700990264
-3.673378148549577
-136.4851951114917
-233.54230001559546
-126.28063194436359
-136.13554514977707
-134.33130083754804
-258.9275999273561
-3.745969525149539
-341.49746198556386
-127.49719488111307
-137.0692049948931
-5.2195400891787
-125.41614274009345
-261.0698037394877
-5.040634837933181
-123.63038918584196
-257.06524856619865
-252.4904822030901
-121.6754046662219
-5.320321727280306
-136.60329708912732
-352.6328232263225
-132.67623150207118
-132.18655416694546
-128.95149000608455
-261.46505248225566
-119.2444423838565
-242.45197249591945
-376.4855547833762
-135.89541022627088
-134.86578854265304
-123.85015166397396
-132.45687861995324
-129.78500551013076
-126.41230410884233
-235.55825400381454
-6.75956754164019
-133.76586097608066
-246.55951523302193
-6.435245573770787
-137.64828931025204
-279.15229827364533
-130.83142085578405
-118.9089953836278
-134.81714216673268
-269.279644313536
-136.74166421086784
-137.12624976300404
-135.44159254592026
-244.5307187245596
-139.30123593431546
-143.53142101041067
-325.61733695067625
-136.320699220305
-248.67478180604883
-133.86289736532368
-11.648979090480983
-143.5871578091672
-127.54534664885412
-126.49586897347105
-251.0890457372649
-6.296624573075203
-133.82716033720294
-7.197151202645956
-248.8120877538697
-253.44096192541534
-125.86333726182008
-3.6283899963410664
-321.635909263273
-6.711927729575998
-131.74318209965259
-119.20144598024358
-134.0979963717125
-5.809372511894108
-116.4073101653613
-128.12527101595887
-256.57467591763765
-257.08973984743113
-134.77600278331215
-141.73395633513178
-274.8980902237587
-116.53213549972273
-246.03353140370658
-124.77563277087255
-252.79771789056068
-119.04474306604378
-120.31261107425148
-139.3764606441531
-8.491635627232473
-118.95959973857055
-252.97830919019353
-1493.4731238286495
-130.19126059255765
-372.3362663972926
-255.9161639836316
-131.053050072109
-249.10118258359546
-125.77212416234207
-368.6462301427453
-262.4584337174286
-260.6948258255459
-263.9105404032258
-398.9277058787562
-239.91372979975642
-136.193315317371
-249.80131171612456
-130.90274067554807
-271.1752333764981
-141.28185603874127
-138.08146415322315
-13.519401911011045
-243.28528698440212
-15.11050958187607
-343.1754146154464
-256.61294757195697
-131.76923428141944
-11.866840792124933
-240.6266828549571
-268.5232327543801
-256.2126296407619
-131.47412593752674
-8.042811952322149
-262.70827390522754
-133.65348856591
-121.89465158596917
-362.99748162769174
-131.3810419770589
-371.67799997282066
-380.6650425093
-246.92567430855235
-134.48489597931135
-246.94500299085448
-134.53654214215186
-128.47761246196268
-132.15428919496716
-248.60120332217636
-133.7726381905072
-473.3897804884542
-256.96742533121807
-339.29387951772844
-254.9233405915951
-7.317121290458323
-7.206995625917858
-133.37294160657237
-8.204877884925894
-250.5973864838618
-243.67489401435057
-135.02604877814494
-6.60782922992272
-356.4688761871952
-388.06464717710554
-133.77728432445338
-116.83265883597173
-357.3188526462833
-231.70614722474454
-245.31604274622924
