-1278.0268800525366
-1524.4482953763306
-1453.36930246186
-1348.9766627816703
-1198.1215799498848
-769.695397289413
-1120.4331997556717
-1000.1299641134653
-946.4006488654414
-1038.8282945859485
-815.3945798367245
-759.3663237694336
-678.1132999858477
-750.1208779418039
-773.3965221026427
-775.9375396322625
-533.6726931115178
-634.762181238488
-694.9154555774063
-524.4926244221213
-629.9155333070197
-515.1246645399505
-398.5383983442753
-639.7920361840337
-555.0708399113113
-395.95178742731133
-261.8593409250674
-254.3240455591315
-669.0092887970632
-127.60634836330527
-251.78423472450916
-131.2957023172334
-130.60287849631823
-129.27736467459118
-2.1484073840553735
-3.69598705844406
-127.94314762137041
-124.30232679407794
-132.41159453478707
-132.67373545346857
-307.95738290869525
-370.30249454465553
-131.04102271887604
-250.1546823582901
-260.56567912732294
-260.6918235057186
-0.22447548502377015
-131.19020935061803
-124.05998614768932
-394.39950303900025
-389.0153908507259
-134.1490632525049
-126.2682983982622
-0.8196862737232139
-2.4254775531557065
-128.64763879256517
-248.85765963014418
-2.18565743995014
-377.64604817710807
-250.46850132652372
-130.15691838133102
-135.9725658240899
-132.04792286065023
-127.36447113361534
-130.36661437093412
-135.12365958319901
-125.9318683928788
-124.82557987555514
-132.09643901778387
-275.19220368680953
-242.95291459790778
-261.2193105063655
-252.15845391989842
-307.4599313570501
-135.65265039121837
-263.05602501755976
-143.19113410025707
-132.9112615339675
-136.1088552394089
-122.63399368044047
-6.050041002565133
-129.65127700814006
-124.41446379928695
-136.25619855903645
-139.53097046112802
-134.7721670146466
-132.57417147858135
-138.95811622708436
-250.701260335053
-132.24805072702657
-254.13671238039962
-134.05228860591765
-256.5090988585465
-133.70916095502488
-132.7408881931393
-282.8333542057538
-234.6393224306178
-133.1000960488595
-132.31191118885383
-8.380500499771701
-124.35776742504311
-264.38466900994723
-124.22331072141502
-119.61752741746956
-129.24244034194695
-118.84794532540256
-130.6882532094406
-138.25398267341376
-129.887146481117
-137.08727997668413
-136.23417494288756
-146.51258172694457
-139.0478630027598
-127.00525010057625
-136.29012177863066
-128.04996791036632
-124.07025468335507
-139.33334052979797
-141.2829769484716
-137.76047228357655
-130.14364743220494
-251.81825595917877
-346.98725122444307
-145.8321944298442
-133.53609062614163
-11.616475399026507
-135.45606490448364
-141.4827345727337
-141.21481912137656
-244.45130321653113
-2.762236905436157
-144.211389293101
-3.2946306491771677
-132.69500441863767
-253.98791630712896
-15.966769934141537
-298.44418574466545
-138.4496331112265
-261.83232771503816
-265.5708128955671
-129.260214234542
-142.99797898043138
-136.12056623905525
-142.03163655286562
-146.70861867303296
-137.6799554306947
-250.09304436294934
-137.22621606067153
-362.79674343681626
-142.36712277294788
-1050.9081550705064
-956.4908503406836
-147.10983041722113
-132.80143526384097
-144.77716407932624
-134.03530348620995
-134.95000629074514
-3.9616773821952296
-132.09766426092673
-126.90144007858393
-1563.4077944449878
-139.03370816837815
-138.07261414237277
-138.84043646165279
-134.43482432168415
-136.16679067365956
-136.31062928331818
-252.79442842043665
-147.57672685341416
-152.98593627520924
-403.27898395602443
-531.6113007799311
-384.1379650771734
-267.4902819044882
-289.14776804610597
-147.16114110269945
-139.07515959465488
-131.7795451273745
-133.53835790473832
-278.4613753753714
-256.61422288139005
-142.3296799843793
-134.25414555606744
-140.88280704625157
-414.0664651267739
-150.49824181939272
-154.1313484761061
-144.4933742587152
-265.8296824359221
-137.65098696102552
-128.28623607461958
-275.5625265629637
-277.9401109396416
-382.0368133986533
-147.60779638175052
-120.3796283598571
-122.46734127339614
-257.063701923244
-341.0190900974812
-249.9467089509056
-337.96523602704326
-116.90794347740275
-127.81773503003012
-127.82981200512116
-270.009826501881
-140.8045847835112
-139.2786294491849
-255.13014015133103
-150.9623071878184
-135.52065494412034
-272.11941776592244
-275.3720823429491
-281.93698213679147
-264.72974220441523
-148.76923270897785
-143.99092649537104
-135.37082540147804
-397.0035130150583
-148.12248938326914
-245.47335374099242
-384.2964750960495
-143.2148790204559
-135.44897945707018
-150.28848318422112
-150.952683424343
-330.8045514373719
-251.1804901246502
-142.53739695749672
-22.942211110842397
-137.14655841658842
-409.81400409477527
-254.03546531659313
-134.84890458707505
-131.74046017671787
-140.1480088595095
-17.969152151875836
-144.6112758779234
-18.533561093492864
-143.62879926452428
-338.67118600061707
-234.52139362297518
-133.10224960228692
-133.41674663252948
-250.30584932741957
-0.6364019447382593
-130.6315320072579
-392.14810793579164
-125.21531183158392
-135.3108110132517
-130.5232283210914
-117.70665326631726
-125.5284503992962
-120.37025993531972
-113.77377128911597
-129.49001889553858
-259.4936691333946
-6.882646739293259
-352.2055389479223
-141.65619360368848
-143.0829544721657
-140.19050134973668
-141.90343032990978
-116.42674421487301
-126.04645328079694
-1.022901318933129
-127.10572137691024
-127.98957368133873
-228.49397284157777
-128.87608482374296
-0.9511057640405014
-124.27395700361008
-369.0438508356903
-131.7703061394956
-118.85995488925411
-139.87978157635217
-9.087814260074222
-252.65539686005425
-132.0166848328479
-134.80262396416094
-137.88192258964392
-147.0301074137717
-148.21846925779502
-141.96616778993106
-134.4491555812468
-1203.0156522089562
-272.334384881469
-24.171238809852582
-147.51411679475285
-23.5774391230205
-257.76498242731014
-248.39448311791995
-147.02176324845908
-138.9367097860624
-151.6427318241499
-134.2782271688306
-17.26895121827564
-148.13336929316083
-251.53315993385644
-135.64412763313177
-128.56980405668128
-125.52116268321542
-131.27454890908882
-3.2553424923466836
-237.14416826000368
-145.17822194141561
-145.39619089998988
-143.78598570885518
-254.2402543425617
-134.8919105712879
-133.95468209417945
-246.88049024076344
-135.59833240264294
-132.3061895571098
-126.0368464974489
-130.97774506559787
-133.27351332932167
-380.0366104162617
-150.9691491222778
-264.9859898434019
-5.683713858678857
-4.410689230315398
-121.86026429650421
-123.93206961724502
-138.3024542103616
-248.3839220447977
-248.81430105542856
-302.76966264712047
-132.84773429792517
-334.6144043672843
-509.0783726193517
-117.934062692634
-125.3992209749316
-8.392784175265032
-136.73012688681106
-1071.9282188822422
-390.95553853794814
-137.8392179439149
-255.34698798649003
-134.2016350843262
-132.801094538141
-134.60018737113327
-231.97312764317454
-134.19290362418755
-2.534634553034913
-252.14541142997913
-321.48990708367
-127.08764412921964
-130.79802904090826
-134.11853236700114
-129.4880083684542
-247.78985684349226
-130.40378151416513
-8.834077512141818
-250.82357844298969
-140.0037349213839
-128.43477692594035
-6.731838270055716
-372.8727124741416
-229.06316312827397
-13.887271871666416
-131.77722155006538
-13.355829703326076
-336.77273670351764
-123.57897977165554
-121.73962009227986
-119.15601848002056
-121.29812491594372
-123.34241168357447
-122.02815803588379
-252.3688984174581
-7.367245415391925
-133.7237119075443
-230.65955454646203
-363.8555800778818
-243.83086032743526
-6.813800774106476
-140.5291840704924
-256.52358756707076
-136.84023800691688
-226.43039248186315
-136.50608109365174
-371.2406554113018
-133.48137340634335
-149.44286704583064
-126.6464428954167
-355.80306071863043
-251.13444009331215
-119.65938772032365
-9.789713833427655
-132.4098854264688
-144.15666405959055
-9.84537801536879
-150.79607267171554
-125.2738853151106
-141.0602029769901
-256.8142453348773
-141.511246947546
-377.2946095647818
-143.11874323665853
-21.135618111988315
-140.22121303153412
-377.3715033027372
-146.21591859126642
-144.71520423806746
-145.15745265844834
-148.316652230905
-372.53679552128534
-261.5880230746846
-145.17352761863967
-261.4770405217325
-148.24611548610335
-145.2735045295758
-138.51201712610765
-146.66232162307458
-373.11037567695035
-140.67972827640256
-811.8037687096963
-139.88255358825143
-15.599593993580571
-144.47271910079226
-19.30427918612498
-146.0461666447908
-21.701442174932176
-153.87720529661573
-22.012683188047067
-145.07549230783357
-152.5259045574917
-139.82044116516553
-149.47697596863645
-260.28030273680355
-19.816990791191312
-268.96965900499805
-140.6128677368476
-255.42650691245063
-157.50990149408474
-142.38996179893948
-146.8457907044453
-385.83738304612405
-116.48612013948613
-372.25158225176966
-143.31110227927894
-118.03812706367495
-128.37163051975284
-132.5831130523823
-380.51181035503765
-153.07286415163853
-307.1733353240938
-121.27570100173075
-371.87528206591384
-147.01735021323125
-149.7190232046172
-145.25237424496027
-346.20670139344094
-358.86248527207033
-134.79919220408124
-135.6996358578079
-400.31918266692117
-153.86330760564965
-333.253150798476
-155.32343443841899
-143.25067232298431
-273.9076712111133
-143.24914437264488
-311.5485383066403
-270.0687404327016
-124.88814820896825
-239.2680223800705
-130.53539189654762
-138.86263323225143
-133.86072657708652
-10.327611453783216
-154.1776551534338
-539.5842221069822
-140.00976220244797
-147.77816448115016
-122.31164507619599
-153.6568085534841
-271.31866453047473
-127.19744627055582
-155.10051502657936
-4.922567513266963
-142.76292493521515
-154.80093269413896
-31.137280782625265
-0.465670747165193
-265.14260212460306
-156.7452826302981
-128.7439909337105
-268.85188139180224
-366.19735223317144
-121.05000051147361
-257.5353671398111
-127.18195803537553
-325.8148023004401
-9.535881239553111
-137.06265291844608
-252.69015536686737
-129.5451151715861
-126.20358513841136
-139.71756531009402
-8.66815295604902
-268.4386723304174
-265.6921519195722
-7.708339569037223
-251.92745822727514
-128.3437643962726
-124.99347884672025
-250.58242807333167
-266.3080514468154
-138.79328913481783
-128.3966405012203
-361.6770441376767
-124.28230067346026
-465.3819157525736
-12.86437505014492
-356.96685599087806
-138.04319518321236
-275.43557162471654
-123.85947954125862
-141.28910562731187
-137.68238011420357
-233.19495008494272
-784.1212702712035
-377.7224535507906
-235.98096885153996
-131.88276384943367
-271.6334803202327
-264.78176814340156
-136.649828862653
-247.1450237382121
-9.366386735367533
-132.33890046715302
-248.6829216087314
-123.87450342591421
-5.204955165821035
-142.53081803983022
-4.744727992719484
-5.081870053127909
-140.2959741031209
-135.75030298015596
-134.60241283063868
-268.8958823079418
-234.00836645809665
-138.53226346196914
-148.21864471858945
-267.8749812268597
-1062.2844849698276
-891.6375644577265
-406.38837614279436
-129.21006485771636
-281.7640839173089
-132.53318652314232
-342.8013610945075
-132.73256517692766
-137.23566260336443
-134.5302757000137
-242.16448016192172
-124.10020688498926
-131.70895918266552
-131.18877153450836
-2.696101114402298
-131.52376969364477
-132.2151594998318
-309.62737968613055
-4.970920325555877
-359.6412585669996
-140.5078633059245
-143.60384551118992
-139.3762221084646
-342.1274901823549
-258.85234149434626
-317.6306414082695
-271.95387016228057
-133.99475568265112
-127.4489867166748
-126.30227372785444
-271.7922858744081
-125.51511642979926
-239.6899910317763
-134.34656997080899
-274.0704195767384
-133.0206538016899
-140.90841698025878
-130.91836683102102
-5.069741304355659
-5.244483359502564
-272.11190404121334
-378.86013763853975
-130.51758539140647
-141.69281580910746
-136.6465680528146
-316.38468949131214
-258.8287503831786
-257.5828991379886
-137.3863086762772
-15.134467967263824
-138.50247058411475
-131.59711513558366
-264.85531028494285
-122.77853994230922
-132.58358195702579
-133.38856227816035
-128.3850494879668
-322.33141257324553
-122.38543146092786
-309.8193322428344
-131.3771832334112
-132.01185521989066
-126.34584080395886
-359.05343187933073
-119.47656267965245
-263.44838762040354
-1491.4705918296513
-124.47869883683656
-136.23021912935548
-0.48374955607020903
-132.95077069563138
-322.1079645280232
-129.20553539185875
-241.8882145150475
-124.13208692364664
-132.19289064858378
-249.02852277071057
-230.58895777111522
-244.75002717669497
-18.85459638534399
-130.97835366018455
-5.453719412910928
-123.50608190127436
-2.4278341964481767
-125.3296163036719
-126.94426336188705
-252.9201993885966
-271.6120005726508
-227.95648600221278
-128.5135401125624
-0.06481323088899235
-128.79122396391466
-257.6693744172699
-124.79942299154091
-236.157785781384
-2.4239067641739247
-1.9162298781604306
-127.35522462402164
-132.4369820383893
-257.72354174568477
-269.0613767505328
-348.2130847754429
-130.85456115455202
-116.95496270288328
-121.71931672215487
-127.46108896827086
-129.80752246277262
-261.55606403798913
-15.078840797936527
-13.686774613240038
-134.38562089287657
-372.0660851700041
-138.86189419949625
-355.94078744097993
-252.57962637943612
-117.35720977666573
-129.08250629278135
-130.85751146767723
-264.41064039696016
-250.74252878927217
-290.08407049352627
-227.19463799630356
-4.653001650377131
-129.54682418153243
-243.4472274433251
-241.32204099516875
-235.47674683712899
-257.75362857658916
-244.1883271312246
-245.58517373217876
-256.9918851139755
-2.678997975422899
-245.77380889118623
-244.63552490134728
-251.60581544122942
-131.2660313776889
-131.81583505507024
-5.29977385564574
-131.80431457071333
-122.28482842924674
-253.10041991538617
-121.94170877068308
-253.23970091323363
-131.587986523431
-256.5895190668229
-288.9860893851981
-136.55318827402763
-5.22930622089891
-373.15020941106417
-119.69104673783004
-250.20458051510582
-126.89657426729791
-122.33288723376135
-1.4041638578560558
-127.10510831916777
-128.0900766409999
-114.30062176847616
-126.76213932275364
-255.48315534765936
-3.748209753293759
-136.25718980891878
-128.03073936986613
-115.90257558999178
-118.48972784506005
-245.21034439808105
-378.42816332446483
-18.092885707685852
-141.38980031736435
-134.8230131442938
-133.8130114601949
-131.88236540579965
-117.64555314958291
-248.51745647387128
-131.153949749582
-244.93793311939413
-131.0418390789977
-4.102359650832367
-3.154031158671275
-131.11333360976633
-123.21111794570248
-121.27311103952944
-123.92695617960106
-131.2026009634433
-132.26109761860758
-5.441241993252902
-116.23558216308479
-130.0765563574175
-128.80038656255607
-131.72405769983018
-244.4335222002628
-247.43288288502654
-132.69186243319297
-122.50611874225949
-137.21106963131905
-136.4029575245139
-121.91553965404836
-138.103916899312
-136.8601204079984
-395.2952020845336
-3.6407444211199547
-253.24769272339265
-12.320762893705812
-134.62284502541146
-257.4906479737859
-137.85077197794982
-134.69881380851953
-264.8245467748611
-131.3412684053081
-142.16063323257015
-152.04776309206153
-23.772023062066523
-131.2347939589023
-10.455373148474743
-277.40135532965803
-244.82542823271663
-252.58232897072182
-134.5419447089128
-266.0536932972381
-141.11321403950652
-273.1950120157589
-375.36739822813155
-21.249139950758344
-261.2315897238763
-661.083318806466
-24.313929903062785
-148.07810972506235
-142.4378608085342
-137.73826197740522
-145.24533783326703
-268.8504074632906
-262.1156710019996
-265.22670623899097
-133.17452320918844
-268.79813534684234
-11.89013104711825
-246.55739499235685
-241.6978571211964
-144.67534755086433
-134.60855149691162
-263.2597941850426
-138.19768445686242
-145.9498863128494
-247.21988665669775
-139.29141436850273
-1041.9544100433202
-119.01639498109107
-379.46604192042076
-248.98554981637787
-128.74217512869336
-384.24158758765634
-121.57839880339718
-252.84168580611677
-228.8903956067157
-134.08579026292767
-131.50192555107716
-247.4852655358373
-249.54996587861805
-124.72697484079308
-414.87334761773315
-5.270645451497183
-270.6003676508406
-135.0254962232407
-117.54509434488398
-122.86424814026849
-136.8379672828963
-257.11487192552147
-262.54727543444443
-247.88037091629005
-378.4674570703383
-8.631041135202473
-262.61153564556065
-275.55768596441874
-148.57575709675604
-144.863402757936
-148.9700421334484
-253.8380622993647
-264.4783067514768
-142.1531815902818
-357.81058332037384
-267.4120464129257
-131.2243908692843
-0.4063682862338963
-2.907726570850307
-1510.9784942926055
-127.8336737567627
-0.5373560375850046
-252.18689369185293
-130.29385923878394
-124.61749650384291
-272.2302255802096
-116.65548530927023
-131.48232127884984
-1.0145794168287854
-131.45645319906313
-358.62380661598996
-130.6603573399692
-381.58951600319074
-255.33981376849687
-0.6043524051174759
-128.48767834686672
-335.81294990270015
-368.1394336216514
-129.52648057475955
-130.2483543405688
-366.10551969816896
-123.2318403394479
-0.6183449877936049
-118.51964377136709
-128.18468994061283
-113.8068007488797
-231.2952105318561
-247.10179883218964
-129.63386870582104
-230.9373050672561
-125.4870354937553
-130.65366591335692
-249.91116821461924
-127.40478637458567
-327.7391463737235
-497.8933598874721
-120.42364288910818
-133.23848103987004
-257.58252478152554
-122.38783004217154
-1.9573807583817595
-248.2119104371844
-134.7007899678672
-134.29984228040666
-256.8230848983486
-1.6518096717497803
-129.91053628197764
-259.69200365398723
-2.3132826232259998
-2.615994047545786
-130.5000178617162
-115.30634233046081
-136.53102267371227
-347.4114813974786
-124.40959059647349
-232.51694847102323
-1.842821186148204
-125.72434230050523
-300.08024400489614
-130.73342270452198
-349.9850773536494
-134.5079484219723
-134.69256202436068
-235.5046132638745
-223.448021611886
-130.45641762427329
-128.46545446802986
-242.50026884637234
-6.56322249430152
-118.72915462265932
-247.29853367110078
-256.8661299005615
-131.21893260661543
-286.6828452813367
-123.2432633669432
-357.9460122454943
-3.343358027511094
-6.857849382968718
-6.933610388122191
-126.83828203581886
-135.25251729773998
-134.10935476071305
-138.19697683544237
-254.02362329214338
-133.80728559026633
-246.1196483704508
-130.73688083942696
-130.75646353673724
-3.0805354549670585
-1.6487071007692562
-238.66076228970223
-236.6145548616782
-353.27984787351994
-131.3979183584849
-264.3296073709039
-122.84591411421441
-266.27594775939957
-125.071230053435
-343.96866039619215
-236.53000511487892
-140.41932979083012
-123.6998785241378
-336.14595512624504
-2.723136632835087
-385.08058898111454
-371.31119956721153
-646.6013295711072
-357.2467549987648
-131.99755340463176
-244.30423222759336
-128.37466747168122
-2.6150310822090064
-0.5813128383156148
-256.74178307412006
-263.7851550166221
-123.38208999219458
-264.00879495901785
-5.056859062698763
-254.19836568054828
-131.5166175734336
-1.952130737040044
-3.809140823904841
-141.7113092712323
-132.0866603113794
-124.13720071138088
-130.00739068857857
-134.38690799676428
-246.77476410924146
-136.4879957379991
-125.42269131117094
-133.59263975871025
-253.7691780443006
-256.28144433494913
-265.23411258061253
-134.95922976506483
-255.2114358519471
-8.490375448360501
-129.56287076198538
-390.50210009181274
-276.5627253029597
-128.08939969450944
-259.27740978919024
-253.83999599400556
-251.11327396633223
-401.434458893133
-141.66617415512442
-133.39857760701162
-134.0784106161353
-137.58144821941596
-15.909285499151068
-247.79953477024821
-130.88599541978948
-243.0526472222194
-345.7032523257174
-126.56631426399665
-129.6839956541632
-242.61387998501118
-15.802415116423475
-131.61129521550873
-259.7985414622107
-138.72212682217224
-14.370096418625161
-9.418756085197586
-8.953080044606354
-277.0024572650519
-124.70887353978235
-8.847684789262031
-322.9697120237185
-143.50092152870542
-137.44834910234778
-132.49674759955826
-131.3830009439447
-124.12613421948696
-366.4443996730272
-252.728279835748
-8.207600580891187
-134.27474824953933
-346.2431714707479
-136.79455310039208
-138.203947092172
-132.83504040947508
-136.98333444887405
-142.76924685326009
-136.16200046667757
-133.0936831382843
-137.71184561237604
-133.6280095903681
-138.56554488600304
-143.7744739291569
-146.09415244278043
-260.4008713662832
-142.7199306158824
-135.75498428727707
-260.2965123271366
-141.75345356737293
-260.86982171461955
-248.98097641986652
-128.78454698880446
-136.29273169614206
-13.05122786177046
-263.1905441800779
-252.12074723275006
-250.8785747658598
-229.1076298965171
-272.9693042800647
-122.70838571805838
-130.5573257023256
-147.30159332454298
-143.38875167609027
-267.14908642238237
-374.8839074204727
-138.35037214461232
-483.42731470480624
-258.49840826875766
-243.6502310066028
-253.0661830446826
-131.05934119319616
-2.98576010221099
-263.4946518579396
-124.43441554888315
-125.19789438653744
-135.37234884603683
-138.2231063591435
-17.958816506245736
-139.02807107840792
-144.25658056263674
-138.53181899767344
-141.1217231515191
-293.6443633821294
-261.75023005760636
-143.88750060430328
-133.87051580997445
-265.03830241807657
-1.4120106908327685
-241.5953613346636
-352.1035507624166
-143.52835547526135
-754.0438580600229
-918.9412536630422
-942.8457341213124
-1012.739965642771
-658.8948725831965
-786.0492329888674
-132.23376776153285
-1092.9862015547455
-127.19278082317572
-127.79336182718501
-127.67678254179492
-11.006324355507338
-243.72205429330756
-122.88220693235934
-131.33277656635713
-130.0774629079126
-298.5574337154655
-263.52269045430955
-142.42601857803442
-133.37147405570002
-0.5329685041328507
-256.19552517763333
-128.81903884865295
-132.61844307104818
-123.81119941998831
-264.9459695843534
-138.33835971061148
-246.8580048978202
-235.41739175433403
-270.3017939085022
-136.2726851919201
-133.29472453980742
-141.86390477889242
-239.68769000091794
-253.9253824962488
-128.57668414640912
-395.77935692623805
-139.60211533354064
-260.6477518407663
-250.05852610569502
-358.1134902358748
-122.8459513809583
-6.018597111365193
-247.6509921410567
-137.99457387464685
-137.32200511862783
-129.2615951258607
-256.0835152149517
-145.8076688448961
-398.604924949061
-136.0345877457326
-1495.522933000394
-130.6135506172763
-133.269645799567
-137.32267198178565
-15.683773558388332
-5.579605482504264
-139.14067559181225
-125.91371044032157
-126.07248349977253
-245.35321576770167
-363.02597940997873
-265.6242173975935
-246.82461871193087
-6.207820584124415
-269.3888598833077
-126.17714133040067
-247.6567949579485
-366.50574539570664
-128.443636842318
-138.5234132504337
-256.06628976733066
-128.55750655309595
-122.39166043419216
-253.00438460663844
-247.94698887468797
-11.22139405977735
-128.67695397332534
-130.10001459366006
-262.8957071921147
-133.79880127022744
-138.9008182169158
-123.49930517770377
-6.929382775033709
-132.16823481621506
-337.54097767717394
-129.3886902157354
-137.72048937627554
-137.74608434192567
-137.2358054002751
-260.16733960007144
-126.92065089747419
-121.08106337705371
-140.81707616149842
-21.1873004847037
-259.5937900938649
-250.05613483360946
-16.74868741880635
-131.08994839638706
-130.3346238013615
-129.68305001671814
-254.10118625703268
-259.4221683741353
-253.11832122709427
-147.09915030718895
-264.2306142424642
-277.6423261345723
-140.9064878161296
-358.8238669477852
-145.3166690444962
-254.7213036689159
-9.868456397287003
-260.0571054551671
-126.23093079293947
-257.9060169360279
-119.4606348409193
-129.72035800116754
-139.8329562669081
-318.37706033858893
-136.69411365638456
-136.25129758361177
-136.38986877297003
-120.84381164440977
-136.16587709071734
-237.38278717550793
-244.50638231930074
-4.857283211630062
-137.95318073986965
-140.32835385199226
-246.33912498325265
-129.37627222149658
-144.96669577373947
-254.59907254345026
-133.58176637963788
-127.95241978763953
-7.097456133829747
-254.8767985388847
-262.578159890739
-17.94840786258022
-260.6645888747394
-131.8514231590213
-139.81049970870362
-251.4679124394027
-295.06542340830356
-346.3737033217243
-145.33267124940136
-253.40771189237617
-133.99516854386442
-143.53303364570436
-133.01222194433473
-135.2056074138846
-132.34746194321852
-3.1444456270943797
-130.96458247640712
-237.76619766177458
-258.17351264023597
-132.16089665001522
-124.35126407571315
-288.0850546909967
-2.347009306755343
-286.3857030912525
-128.1747892097854
-233.07259114928027
-394.06530367075186
-129.1950366505843
-127.14638725694887
-338.01652064134265
-1.3700875620749084
-116.03324225200228
-239.06800465198168
-119.1592986996827
-129.70799367175937
-2.531962332490216
-133.23466686036684
-4.466619903515892
-131.80906394833943
-248.84845078822661
-256.4292654262393
-120.05053234971943
-229.14714247306452
-245.65097347656484
-126.37146899179196
-127.48178660828944
-235.56928687454894
-4.494834788752179
-125.41960749690143
-118.92331146473548
-328.9813040898878
-118.04608010780967
-239.42888105386675
-131.3440838915192
-123.48584802773614
-326.26143766910036
-128.84744941469262
-249.53461876927412
-368.34796532731986
-249.4425137980071
-137.16754945254294
-132.889532211381
-249.02669072822698
-130.19983530976052
-127.29145618950729
-131.43627517146393
-130.3175348898187
-129.87476678488926
-8.785514209680786
-254.8203912975486
-6.944086940173161
-6.774899973997174
-129.91278600339123
-134.10222450606443
-137.59196434187658
-240.4070299384315
-256.3613919750263
-6.468864507726136
-17.05587127287995
-242.0962081790085
-126.07767214917193
-125.75555320774316
-251.6902743139222
-128.69858014312067
-130.656349136598
-125.87132193995642
-130.6985952819778
-5.010352606250045
-263.17994184239
-248.7249356853364
-344.1418929470803
-252.46865908098283
-7.198432246167896
-125.54815422520043
-251.66163731882713
-12.329249601115439
-140.6710708348971
-134.3882139904307
-136.3700402952054
-127.39933511588903
-125.34917586847921
-383.80720548490814
-257.9113556124801
-140.38578545401623
-133.60383186949804
-256.41541548957827
-337.08174218220665
-355.9762070563689
-245.6372116235983
-137.85157396553515
-138.38485606575395
-136.6844737672438
-255.58492805444834
-144.69528373410503
-126.64076985098303
-135.09977820686464
-132.37875987920293
-138.44464277857153
-126.19030456348987
-128.630893769723
-10.712730583871847
-134.73747715456594
-136.22915888408818
-13.37478530150813
-122.44990807618268
-124.87855043586299
-132.42498180624239
-1.1363328714025254
-115.21472983150736
-241.61773235713557
-137.93740224315468
-245.44618993801146
-139.12183683600915
-7.861554447603983
-136.29651334112648
-142.9765359761055
-11.685404256915964
-5.264052391965715
-366.53636634898925
-129.16793752363841
-12.536139133813194
-128.70024559451684
-265.5537058470124
-137.5225895408735
-136.53102268553405
-123.30391514526801
-139.99425617584504
-139.94569276511413
-132.09784139599444
-137.01548885615773
-141.03186680010285
-135.59046756792523
-137.33374482739606
-122.75306010423074
-134.9728665109527
-256.0288134631505
-126.86717747543817
-147.66521238628263
-134.8494933613229
-266.2942746768332
-368.67284938214993
-150.63733630232784
-19.862841735606732
-125.36369989409667
-140.7888495277956
-139.59240216740753
-270.6965918980798
-137.24754306340927
-132.89613936580307
-140.51689729561795
-148.0619826373489
-125.44157358990414
-253.86850625194376
-256.52876794221174
-263.65072310618785
-135.7236414020306
-143.82700839997582
-520.3772159614757
-140.0167728955192
-149.59774552878272
-271.7923145597521
-131.96064168356588
-145.91081812103286
-145.55715865638038
-125.1112973203097
-12.892524124003957
-148.8099542804437
-149.48299735073172
-145.60070582481842
-262.2170299471487
-138.88544079761533
-135.45553713870538
-143.62366437546203
-146.02434705909786
-19.493494268729425
-135.88849692970328
-257.27740763331815
-253.0522442741127
-127.83622627132571
-127.03412047128825
-400.54317347126977
-141.75937943875402
-130.3659642367337
-141.5349910666084
-129.6336495512285
-134.64434233777547
-262.1345594170654
-137.80890783192606
-140.32389111610004
-18.35877023161469
-145.08373779402692
-368.6811017749838
-142.44293388336382
-135.82289371125177
-5.056528568617058
-130.12152063323643
-129.9140256390564
-144.78919166244475
-135.07448093983655
-16.276987481167033
-258.83451481683045
-144.71346767630624
-16.05784381814614
-286.48179008605996
-135.59006303727344
-132.8564041258431
-245.26690300365436
-139.65973243903937
-384.3715584564545
-248.7138472044254
-127.89748607286671
-259.38791737844934
-234.2533764588581
-7.401889076325492
-245.70541725398496
-229.7581879632589
-135.12312975812085
-140.19318237729829
-136.31668093737053
-233.6182168716313
-18.9123591685679
-133.41860930149772
-248.36577851501463
-250.73408881434656
-256.5745799013499
-143.4670049022475
-288.32808859875047
-265.65643991024217
-138.15579811719337
-272.3363651025398
-140.99551567412482
-263.56081528957907
-139.0103533022413
-307.56030550854535
-384.0957498015775
-309.99352503318556
-151.4112667112327
-153.64917704875637
-152.22638107463368
-282.236619563459
-291.1496971804126
-380.5514662451023
-262.9889650386203
-151.6543564910698
-151.61282450315372
-150.60346066436497
-28.594387579916503
-270.8000246986578
-146.28384189370666
-263.50502693819124
-398.75120236784085
-495.6525576549747
-275.296373285617
-390.24388587475727
-398.0315902918405
-368.4574025306355
-153.0822553189813
-375.03505380535984
-140.45099355028339
-261.10183456912506
-31.88583056643023
-152.36983616957977
-279.41390401382137
-149.4177756529311
-29.092309550043762
-250.99776398128472
-149.2526271202092
-264.89615070120624
-273.25877129708323
-264.72476791742776
-30.540597350067273
-287.4456290382733
-148.86454499918932
-140.56252160598132
-20.32285683158853
-259.0340347171397
-129.94265571776805
-125.2957979208559
-253.07401733526524
-140.69228883018255
-145.15432782181716
-255.62259493417426
-121.80290694891636
-128.8223651851601
-234.82221396398822
-117.78498198263475
-3.0132398945317616
-301.1226627028068
-127.2054442689217
-122.57320291877963
-122.70965196506218
-129.77990076201172
-143.89787667647906
-15.02544741511281
-356.65319395347836
-146.43372718953145
-142.20284711407032
-259.53462269101834
-138.09497525993064
-135.72355463324527
-27.8975434678793
-251.65421316567753
-27.958119392903917
-342.5348003138571
-144.32950642572928
-32.287906164215066
-266.16883106789857
-148.4192783205369
-143.73060170746456
-152.08359781913956
-146.8814697696646
-281.6242833032049
-259.54854564164873
-130.52899351885068
-305.4086530783908
-4.4909450838959035
-130.74050433082155
-258.144382538285
-134.55877845034462
-253.33718700396554
-136.89053739180144
-142.37787070880358
-141.23970705966053
-144.10302552828517
-134.88800079821672
-20.091934286148064
-142.62068634476984
-340.02429813598457
-13.76565253866862
-136.6192277357726
-135.7874023796657
-146.4333432293618
-255.07095707214356
-270.29853047640336
-141.4728656726719
-138.48261181973294
-127.15382791363963
-127.71290926511122
-130.8765691835944
-239.54139971823955
-125.6388574221939
-124.56338247761315
-0.6045607994703441
-116.36067374307825
-127.68073960673732
-126.65956440721862
-119.91834914287902
-126.7070368024789
-249.69574928966233
-127.00870950837786
-242.3185839542464
-245.76715398635613
-257.0077702639426
-129.53062920460007
-238.14481743188014
-121.2726672450366
-357.2170099642116
-122.95274124372543
-124.68427760621397
-118.77995762072152
-114.30577168419045
-115.2460611093216
-130.0710484464835
-243.66528838880086
-127.7262446912941
-344.53550638878363
-278.90428097870966
-124.83971655763709
-259.13956109819156
-128.77777763309263
-0.42187018388955416
-235.60085488994804
-126.55209901025007
-245.47862434276593
-1.0238311136486014
-1.6807654215553711
-116.17889083185342
-125.13544761983843
-127.24609698916814
-239.39755154671542
-253.22692165819413
-125.26048841829993
-233.36494595867333
-128.65276464735663
-122.83684810511701
-120.79094859574771
-122.30165286067262
-253.88021691347225
-130.37148863506823
-115.67672192157178
-127.78436820852552
-113.81750592000876
-118.86863251282175
-393.49242418025136
-115.64810386379008
-122.79354403274003
-132.69063629234213
-127.67875315446796
-246.75078259297428
-328.80070527471133
-126.63333326241512
-1.0297922650317037
-120.33172929699323
-127.9489733849092
-114.07726261786561
-1115.0543492137317
-126.61080233900535
-115.4784744682464
-124.47586192004053
-118.8447245609863
-124.92545857297038
-120.53302633219789
-123.20141936918117
-124.27162824509358
-124.3549883846478
-0.36229889003623456
-242.9054797780266
-131.19242299363282
-120.37866179870187
-285.4514639566207
-123.63416840694693
-0.15813691405603691
-231.01319930718782
-126.21028358407959
-120.89820327315685
-123.95362664461162
-236.7797829255669
-243.53895265327668
-243.37373356914483
-115.46141397143127
-242.31789511096437
-128.29889466945602
-117.83073472423531
-127.2156227527773
-359.4211318961038
-125.98964724561303
-245.96588562634057
-247.58010890436893
-126.21491054043335
-127.19688668120068
-364.34000458545154
-5.9354319559807855
-128.6205950491407
-125.22385335805266
-125.64692632731591
-122.25766200841757
-125.87378030794522
-130.08051885886982
-366.2978925988804
-129.75840652995333
-123.43207506869201
-115.51265970580438
-239.16359364278188
-128.68297426176684
-134.64095267092094
-124.62423060924701
-259.8098723907826
-122.05244529977321
-125.34831129410837
-114.13803162491145
-131.7065486803356
-133.8725868976027
-129.94889657870468
-125.37264882216705
-279.2923328191741
-117.73275795493365
-0.7714652171070246
-241.5244941930853
-128.501456242017
-131.20577010805937
-126.53473626258615
-239.32482242992936
-114.49185795074811
-130.0715525958806
-1.5980131544336196
-119.18175868424048
-273.64480052864184
-127.42227042207689
-232.1844334129765
-126.8475178919636
-122.56818604763431
-127.05889171572174
-0.6685188059476914
-324.65673196131917
-132.62252364069616
-3.6661307425503145
-0.2504767890121978
-124.45545438424413
-244.22423652172472
-0.26759703497143694
-118.96513167968975
-378.71971188090015
-113.90162706393927
-262.09520485137523
-241.58000269208725
-118.35943051288878
-1.9319473104115727
-1.0317932549189044
-365.6431957625662
-129.51390635382168
-256.4386373067494
-125.83638273713863
-2.67476384712324
-1.547681876904255
-129.80799037160628
-251.48385363052432
-243.01160005855021
-125.63408713491161
-251.48338048718495
-238.73318651727757
-244.9193482183478
-238.63105929310547
-230.72017992557056
-256.27682580050595
-114.84960046490411
-126.78565390024404
-130.9909706496804
-124.97631648170645
-1.2315097824027292
-1.09452295252506
-373.8704046397718
-329.1246377955719
-251.01964180731974
-127.92945681230655
-134.46931656897985
-1.0404065574693848
-122.15850233178455
-121.83687254398853
-276.812082608924
-127.18897556972848
-126.88925286484877
-246.45965956966955
-118.31183178705348
-131.08684588398265
-243.17132705102378
-1.104064201048387
-285.24475801268335
-127.04147490842088
-128.0636729171221
-124.87035347668903
-250.69511486622108
-310.6832950710019
-132.29834840242717
-133.7268655997272
-2.1783000946074584
-125.52199389542628
-125.6047186220747
-129.08701868131303
-243.5995901673814
-124.44640821350387
-1.3073651108877855
-2.6176288989517333
-127.9186335600673
-0.6359955988371071
-245.44830236075595
-126.67639622786172
-127.39528292741076
-122.47220471625815
-240.3713717536543
-126.83359893963639
-128.3691692523034
-121.80010939611721
-123.77355465422205
-3.938687405001081
-303.2813441935068
-252.67200529923622
-284.74584332848684
-128.8730218938332
-124.16898457895965
-397.5107372174164
-120.25798214389557
-1.9041707650422701
-407.59508845487045
-266.97994675017003
-242.91886382096558
-123.8858629675965
-125.3780937766718
-118.29786669189691
-351.82898618938276
-120.76042654383384
-127.17128858914896
-255.15376699663275
-120.93833704931494
-126.2880289791504
-123.57937184302627
-237.50896608813676
-263.678901914103
-130.0090349873854
-125.72863400644425
-322.6420002108055
-127.35703298278189
-8.95649915360792
-339.8561811712103
-121.33935659975796
-244.06824327167
-245.9325545094389
-123.36261635661033
-256.9645343169025
-234.7207889149917
-237.05290525442936
-124.59513442062055
-114.70828660131951
-121.38606926698371
-119.06016605570747
-125.33177075053997
-128.89433636593034
-127.79528153299952
-115.77573710464763
-124.64734442874267
-225.2860866139766
-126.16043892075353
-132.0978289200826
-128.11100151166258
-2.666925546271868
-119.48954754605163
-127.59888395701321
-4.041040690967449
-3.22866564690301
-139.30753523078096
-132.95511566580933
-126.2396915602701
-125.99582089781889
-123.52339917606749
-131.65763624002795
-132.67451513764792
-270.409032939621
-258.415569827671
-2.883055101270018
-4.761569153577274
-5.41574611609246
-130.47382340168483
-127.14028925754367
-133.79889312048084
-116.99763791913739
-132.4984984070302
-127.8001772725311
-260.0028749083417
-256.7356198937839
-128.90909274469496
-257.72827955544636
-270.7456361025892
-5.5139100575361315
-125.58538131217306
-3.9598391554204952
-278.17329159744645
-249.40034755887925
-241.87607216344168
-123.86283256796497
-130.27130708493158
-249.87044396128624
-118.40578710718268
-127.46499583018424
-132.18667520114334
-129.0433895293077
-126.64270581795382
-127.49039356386683
-323.1599816981896
-129.5199763330472
-130.8678470490248
-124.07043365451608
-129.2722840022101
-366.9325999688358
-127.7585140125948
-353.1577904071685
-622.1461992134841
-269.67620721058825
-128.90537041110773
-140.24383573432885
-128.89664376677783
-123.43503456692522
-4.704930238102236
-133.21128291986815
-133.90728106624388
-255.34137361067482
-251.27449297489355
-259.41300255845
-134.59899311706397
-10.593903676404384
-260.443885540018
-6.084497462790802
-378.0732005079306
-8.46324030153489
-133.997450632148
-131.68666248310848
-129.59595114582385
-246.91752160067958
-5.9672881919866025
-128.31680191600475
-131.90675510733757
-124.05991913034237
-130.7479048870104
-127.44821209638482
-117.77026038541491
-128.79800693241197
-247.88375493672416
-125.59828525549308
-127.50687488223215
-124.02597814715736
-258.41940812551826
-11.038686763000173
-132.28855155745768
-11.988447020917148
-129.8025429966095
-247.17957491069902
-135.03063851107214
-131.85721155260714
-138.6012778910608
-139.04064667435384
-138.870986295912
-145.71492760632103
-139.57622188392307
-121.81281129480405
-130.3135878772686
-130.02547688475258
-127.78026605728706
-250.48666900838074
-123.91575835942602
-6.527991971986446
-11.090513200341586
-249.7782157372775
-4.505727961681597
-240.60682176946523
-136.0964703793813
-138.33144954089596
-126.8582833263019
-5.433918185137951
-384.8450278021429
-376.8778684346322
-247.14959029680278
-120.31053883203484
-133.03939982160685
-251.29226168091617
-125.53433361115546
-132.5875039409183
-133.3513846967965
-362.85025316017993
-133.9872798447241
-10.670692249196094
-357.55023870349703
-272.3942033532598
-264.73029292708554
-371.4612261167548
-259.7397075779848
-134.57355504998242
-10.571290929899758
-251.87049821503587
-246.96389304931725
-132.60875578409778
-3.021142906963503
-383.57428734171697
-137.98493155696295
-130.76046219909435
-136.6189854135209
-135.15447644801827
-138.1770997562581
-277.17447668333216
-137.02684668050068
-355.64805156835456
-140.86456296249904
-393.53574584269114
-142.62380969110228
-380.21110958818133
-15.12299303592794
-143.16780635803147
-139.73269099071814
-260.4837879653012
-123.78390817235103
-250.10157543002714
-120.79439596435274
-9.486813617255237
-136.4262359667136
-10.174943254443821
-123.00921675101475
-135.78439975868162
-134.10583298421142
-134.1525109960222
-241.0669284099456
-381.83948172494775
-123.79793069546437
-9.777552761646673
-136.14099796859412
-369.03870452436036
-366.973417158965
-14.274032855110844
-140.41968004249742
-142.07017681799968
-249.57502856020199
-136.06439705761667
-143.1364002709536
-146.0972526341029
-16.627826278845944
-2.9085984613251386
-122.5879065564409
-132.38465687922516
-135.26364867929308
-132.71108190661658
-355.39782020490804
-118.28240078083738
-127.95202389266515
-10.808395329558083
-11.886723068450246
-11.573949872782082
-132.16139781002093
-129.7962046712885
-125.50666119409486
-129.96811364997552
-240.83718713538144
-268.3887610508666
-244.37198121321657
-127.6731046479225
-254.76758668193597
-128.0318097642842
-295.7934349754544
-269.50971986564514
-244.25940626604813
-374.202864277718
-133.94639051478174
-248.5990101938991
-240.83678924171812
-125.5760549370897
-245.763792674702
-249.4993282754749
-133.19647588964648
-3.8598385316052495
-254.02707057967896
-240.13279176731618
-130.44540754317578
-124.34599346154054
-243.37643265196925
-247.983966019993
-132.68432054459208
-133.0442607145901
-263.490397852288
-123.43826714109268
-252.3006701381085
-137.12237487253643
-126.9072988312341
-129.1092279435747
-124.16920920925318
-132.1631324588355
-124.47073676246404
-257.33038671172875
-133.68765862839768
-133.35261973429758
-128.29752506809132
-124.52961742051654
-130.29161899678562
-128.13575326104856
-133.0001482952512
-8.267306152062476
-134.44028205166921
-124.14384113419311
-134.11725227215265
-124.87864696687842
-137.99476606133243
-131.93509588455598
-12.322488631017466
-133.65183605055336
-125.66189786289543
-132.9163295417869
-125.91242716528815
-135.13000138214625
-9.639784454539418
-134.02697502159222
-331.17123215806754
-364.9989639941065
-131.87913279997505
-267.44859996732606
-252.4188641360833
-275.9809610322135
-128.00838808809095
-135.47833190495845
-125.74812745107964
-250.0633992900791
-127.91484210604172
-132.42143719875463
-331.011451443696
-6.076672372896651
-235.6056811028908
-238.13959808861853
-134.57534435119567
-131.68526021789032
-8.275333744487758
-121.32647970448114
-130.67200614970005
-130.86604405650675
-125.36474536348645
-261.0893473734039
-133.06417301821045
-120.13383736953594
-282.6374335569815
-377.44005083105253
-131.23512755519621
-129.90720327923302
-128.99609320535114
-119.26312409386918
-120.86897083820043
-129.21139127738243
-254.64675009075015
-127.2888154371292
-372.91972954751776
-130.8589862240993
-379.26417783304515
-2.472387607319676
-10.96537194990442
-129.70212767027456
-130.50399351440544
-254.89094790615434
-255.2858802869826
-126.37394876010376
-135.29029580223838
-135.8399098045665
-139.6078546645912
-268.7383861075942
-130.9744966232168
-18.59934553025709
-135.0407362650994
-377.109691817783
-255.37011948721883
-20.18549401148877
-146.4456334179325
-259.7966191061683
-146.59324946657694
-270.6628216288516
-144.86578708188043
-137.3245590672923
-130.54195563908033
-1.9745310609868736
-130.89848384506973
-125.02398465242734
-285.48462977051634
-126.52299830312762
-130.16394068190144
-238.89180401614195
-291.6024312351502
-128.009442570487
-130.56749516006545
-123.81168132594993
-258.73209066821585
-19.315195926969633
-132.43620176779274
-143.60131006421034
-145.6063045907403
-133.71212041843873
-272.7748039980167
-144.88761481073098
-149.41144229701055
-20.820869882956362
-26.490461326918307
-146.53246959967956
-22.865218603689005
-143.41641786342532
-131.22079806469574
-134.63423167676788
-248.57019806057983
-141.1851853581682
-255.69191570276337
-144.5895113803312
-259.37514734115234
-139.5874604970665
-144.60677558452022
-144.67682214723476
-11.199463647968864
-132.52557834283976
-136.9367612962173
-127.39814041042655
-119.84379696967298
-133.99226827150045
-255.41273744503872
-139.60435164436228
-133.16927841247076
-139.9027214001192
-133.64174767211702
-252.08633299674412
-114.8626588581951
-258.21745543408605
-130.7790037826751
-402.4270590671623
-126.34482407884221
-226.4606922192181
-124.08115653570646
-233.43451060895669
-128.12750716479528
-128.16267458002332
-243.35789723365994
-126.34223950997996
-1.5052859775391667
-123.20404005032918
-270.8577098278121
-124.82763749919886
-5.865840417623021
-123.21366942985422
-250.53093690901855
-127.01028125025609
-129.398013148092
-256.9577446466557
-233.34880340019214
-254.94714901337127
-134.02496613215737
-242.0304167585698
-403.7602601313482
-129.2135733610987
-122.46541609064576
-0.3591169128489622
-308.3037225522804
-126.31630099320346
-121.36625648331488
-1.2724930158216674
-127.31902131983249
-243.9515158245209
-130.7140267610454
-129.71619445288604
-0.8387193789237543
-118.14194964338593
-116.84955131188856
-134.67208935038227
-6.910495165755851
-124.9069434713616
-136.65531965061393
-253.51843482268268
-130.34934324555215
-137.20739520147276
-136.1943111006776
-127.81621852667658
-233.57331417097683
-252.7453547062715
-246.00718667437002
-242.04038398070853
-129.20925457181568
-114.68614660963634
-241.45688660721316
-125.21740698646919
-118.64043432294889
-7.045461909238086
-132.70585810419132
-235.67538234503982
-125.42844353449426
-242.1746208158317
-241.68732355917936
-126.10179995541009
-379.3056077527774
-257.6452044332132
-266.444919052248
-117.38716220285093
-0.7130420580418139
-0.7569011464052859
-122.52523855609863
-130.39653554087894
-129.13219487382784
-249.1298584451228
-297.680939633921
-128.0190740127892
-133.8912410512418
-267.5237186501996
-143.40161438000484
-127.10236599234912
-277.1303596699491
-257.1709934334836
-11.68686315524239
-136.54629963637367
-117.63636347906302
-136.0448347256099
-119.15745895652572
-137.9997444853328
-132.4535671720995
-130.61340593145079
-242.12657176943915
-115.29711482833751
-124.56029148723267
-4.9430486971627605
-135.6986812123969
-557.1662609353332
-142.85038364539494
-237.64157182609637
-2.9388719443640348
-233.05542534294034
-244.80705069767657
-232.3837822512413
-266.65507514075074
-128.63518747328771
-128.68205151871948
-133.68587875578183
-294.7102774208149
-117.71214142512106
-127.0688701854
-130.75456864438485
-132.92823321926605
-247.0215323911703
-121.7618503675369
-338.22840700536364
-122.33894705441354
-256.04259644188085
-121.26691127169565
-132.43300819457716
-245.864673532162
-136.4263063230805
-132.49310649748978
-706.1787898861327
-239.0180124778473
-130.65283395870995
-121.82825070124413
-248.6012733315387
-243.315808763381
-282.2308071253002
-2.8127703384300258
-134.80744946049276
-139.7110658448803
-134.86458185839538
-141.74312014194558
-141.63209590141344
-133.18046686989442
-135.0808870100682
-132.27928724514794
-142.04997709891953
-253.7542919207585
-255.4348413709874
-138.61355760840064
-253.0581679506925
-12.952412910607691
-140.6504737261249
-245.03869137542938
-128.95701475686326
-3.615780590513228
-130.74687562687777
-137.58222141791617
-129.6311177017901
-266.80983958883905
-5.832501352680802
-13.713894723310117
-134.43915487954848
-132.0069488457102
-122.03504212758257
-135.44706703285146
-241.18973359754978
-353.68140852891554
-22.842222684315512
-132.16298833149554
-125.9822961427205
-133.94006672343676
-4.638691863292844
-131.66766024733622
-319.30806833328205
-309.65300791672087
-353.4233647340486
-243.37867293552952
-129.86286272577576
-356.73647472719557
-319.62856078700486
-139.85826969942286
-234.11674794506044
-253.28592661741953
-140.5947810347497
-137.44862600858386
-240.73211593981208
-21.527092203879896
-127.2894305307242
-133.14901080330117
-126.9754765407215
-128.45244692361547
-260.9708152018363
-248.0525602017138
-265.3501768757676
-140.06398803252233
-11.261884606582292
-248.96965811955084
-140.8031123297728
-133.81384992058565
-250.83552000142177
-2.385324356665397
-132.44678342851574
-122.634266191755
-135.56448509545893
-133.41123363733516
-265.9955125980316
-141.22262301621052
-134.76977003737153
-7.402920940178987
-248.30544871453654
-280.27809401803825
-276.8850868310269
-10.599983047034813
-256.4394778068064
-138.14700386975682
-127.09772939217633
-340.084068944802
-8.459412116808888
-128.35145338202247
-378.421563474347
-255.88272327493593
-124.88485267424369
-120.78700542050034
-6.553362751695478
-129.13925592982568
-126.29588929672077
-115.79861134510655
-122.39468149566973
-0.8282402761631721
-126.64624116938327
-241.15549836445425
-124.79130232166376
-131.60905899172332
-256.8167094485398
-240.14028008486906
-131.12701051912035
-5.028850972650742
-129.79277706767516
-118.11339995911867
-239.83886799046945
-236.6997531205905
-128.60688653806827
-131.34160575647323
-119.99756073837217
-122.91681926096153
-127.70782601575253
-125.35343076273675
-230.7188723498777
-366.6043594425381
-238.73413009447185
-7.521081450819298
-120.32698129273174
-270.37713336613336
-6.901270758041582
-128.8052199135793
-126.31206721743027
-360.562148511818
-133.82847295746615
-131.7466915104238
-130.4430323383768
-351.5662986781579
-130.03603957267876
-384.6006992353337
-130.39119718112474
-127.04213568138601
-5.274823733767238
-133.56497016294904
-283.79948546811744
-128.08454257174932
-119.89328223966855
-123.76788524036749
-126.78658165524395
-260.52495788245966
-257.3105539656232
-332.1827216611147
-128.07146951888583
-130.53136791288642
-2.0555259609116323
-132.51589277662154
-370.89116638848776
-126.89186067111402
-118.38405411527825
-1.3653013326804495
-257.18532838752856
-129.8008495118626
-126.67129156803406
-356.9650752081648
-260.28136495429305
-128.0443538909406
-2.9421726095350103
-238.36638102501746
-127.87507383626776
-129.67179464998262
-119.04358985318612
-3.448082402822561
-3.5492762246664453
-366.1372076916954
-121.58669312191556
-247.75161645884467
-128.2441609660184
-120.5914818228368
-0.9694354162944038
-132.6645856330923
-126.34052785386157
-5.149800878649657
-7.060487643684581
-122.400430145297
-231.89219275332542
-374.57573185841636
-134.1552797142654
-254.8801893517889
-1.8851699142176337
-129.78429278046508
-125.7715266154937
-124.78552685939785
-254.85847616410516
-129.41611469191963
-4.92223386352985
-333.0975787944465
-5.027453893561105
-2.959041865189786
-126.70483923620661
-119.54295865372653
-119.28874589123573
-131.3333662540625
-2.756668369107001
-4.284382419991901
-236.1040618535237
-2.7904913899238712
-131.1069864046211
-131.59001998968148
-135.4794552472076
-122.37363596358712
-134.86889064421067
-129.01282807801715
-257.81537862555575
-124.05629173557973
-117.29655751182625
-122.00291095772648
-113.71736362798647
-250.1707177409589
-128.21112649394786
-122.54797726087939
-118.74749800076849
-120.59808535160272
-2.862125508362802
-125.91474262292513
-117.01032808174233
-130.47261580859762
-127.0677560286618
-129.6595018152025
-131.78051372896888
-243.5257036540789
-130.40617712242624
-269.58735828316355
-124.08868221015011
-373.45975230676686
-2.8667402897126277
-127.99712209948004
-129.97051270733212
-3.57455683298026
-305.8729553692813
-5.524882544778595
-125.34076194083796
-121.51872694637707
-3.4950736550240262
-130.05252185099766
-124.86609129114632
-131.42706313691525
-131.75749188539322
-130.7732648400102
-242.25811999755243
-364.0680658723855
-125.52688974436984
-125.11773979890779
-259.39038373694837
-243.70559131739796
-256.28290467796177
-346.82582538559984
-120.07994748659607
-136.03796854666314
-133.75209944765967
-347.71554762296927
-139.52212465637416
-141.14292804639538
-135.36691876179538
-141.0598729472666
-237.97162615225386
-255.63746273463704
-257.0299388081136
-4.143950586743105
-134.78663975696603
-123.24769748429614
-130.11943898319484
-134.169752515086
-126.61195181010454
-120.44237002838675
-139.26282205099588
-245.73193367716397
-252.02199194663052
-123.22367032544565
-130.49349831995767
-131.8472732595163
-383.96893510780905
-251.8515942752388
-383.27674516005317
-241.07482490191973
-243.70241233486166
-6.550694499544377
-249.249254522111
-3.673656452404962
-132.78658344589343
-125.76936231958513
-228.94120507190704
-125.93407271409001
-254.71691636166588
-123.58127259277812
-368.4511960961624
-131.41224602683502
-3.1342795637655767
-127.18936277177062
-353.7783033847962
-121.06378304209419
-134.69089933763615
-128.9715994579546
-131.6026277802669
-6.5133450767547005
-121.43690766919482
-247.83847908508284
-126.43634182043637
-125.26129928289076
-125.84533769365589
-245.64700130987265
-118.89937306009426
-247.20986398184536
-265.38227223705945
-256.94362272947365
-242.0143765268148
-143.90737237841705
-133.62808591903993
-139.3906193993869
-117.11495665874418
-130.32712208290326
-246.55401229271746
-132.0119758538311
-242.25280071576157
-359.23890214590625
-120.85468027173138
-130.1309406574389
-131.34949498581886
-252.17016042692032
-136.3012385849206
-137.15745741128327
-128.5388737131467
-123.13708483344973
-259.8408288243379
-251.4393225561424
-289.8709984155559
-126.78652581607993
-248.61110721311775
-129.80881233335438
-3.8047838332422996
-2.54667697929994
-231.68643150493585
-249.98074318324694
-118.64837397550615
-131.47427376688532
-130.88004758362868
-296.6769098481986
-129.51722692700986
-236.2193362411395
-118.30581681466664
-125.54453697899706
-250.8995647463131
-129.1937037739593
-124.3187663536687
-235.89910244191552
-128.38603980657172
-6.992988568840465
-122.66912787034153
-126.56366742311243
-278.3439927517441
-265.668953222387
-122.90193071959466
-120.33699810950333
-241.10127229897932
-129.97554543165475
-272.3025318157714
-119.9956977963623
-1052.7128879640688
-120.55192348265415
-226.0714883126353
-248.9202621604062
-258.7814493509492
-234.3741189738682
-2.302672961263572
-115.83996094564016
-232.47357065505525
-135.83437798577768
-5.805832813527877
-258.91858358602826
-382.77783547689046
-1.742972796493102
-128.6011572004426
-322.4994079038306
-380.1369585759009
-4.1026281851480055
-3.336140035570336
-126.250348874158
-127.65499748697066
-121.80158106947961
-257.3883070696676
-127.00292379626897
-346.45154060958026
-126.89939617410101
-240.21933496024678
-250.57156116565207
-125.23201230830247
-242.86522223262313
-1.1678581745699401
-133.88646812295596
-236.0057451838957
-131.41149052656758
-241.60748553512514
-232.99187633547413
-2.942430822493544
-131.55670694969268
-114.62043724340961
-115.56889487616905
-127.79008572133905
-317.0299489438365
-118.09615296718815
-230.69111115110374
-128.1327022962905
-129.15547888102904
-114.70324924893846
-127.58425460772129
-235.88280557939007
-124.03952336560319
-243.59024909676262
-123.8658066581773
-294.9426290816048
-240.8511435491518
-124.1881952296868
-235.97472316163277
-0.5529792289077653
-128.47275821600527
-122.57569226086984
-241.62926465049205
-117.90814022259264
-247.98808940007618
-1.1773453816155877
-129.50877805802705
-120.10131840519584
-5.445854547446014
-122.9646970712932
-2.2677746134944745
-127.41194887906947
-122.45941232264111
-128.51037925963277
-243.18500779327135
-237.5342112562026
-125.54621094294545
-121.36346381664337
-115.99495857834707
-115.73388997903896
-240.63416764593933
-4.733587735694789
-118.01780500411009
-291.27478966348264
-5.7925865681304085
-119.86067055953175
-233.75327381673262
-119.57326854011255
-241.48748722343487
-3.0992872306276626
-12.178112281459052
-374.18077350156517
-240.85123533157002
-126.86392572270803
-137.47183744822428
-5.564442590855
-239.78832250526656
-303.43072891238535
-246.2156336051705
-254.4684721823047
-130.9714979612911
-132.8547454988119
-249.13642958719078
-125.95857302940641
-125.35532359231134
-125.15555974500435
-123.93403205799689
-129.42757172596757
-264.3655402442705
-124.89214010040544
-238.63395142045385
-124.90291922665335
-129.99371714304564
-241.50330747468433
-239.69091950678458
-129.87154296342516
-2.7318848524468398
-277.3690103252182
-130.9506997596122
-120.69148478767822
-7.496054428298592
-121.08214783856138
-242.6637879398406
-266.74400250248857
-6.464523741834721
-237.20661520427845
-133.04455992588512
-129.63843316449112
-365.9586572671002
-231.54617296331728
-125.08743529022426
-239.42527944442918
-118.4995741152274
-239.87563581359368
-232.63461711693444
-131.38918179887926
-117.93433499424364
-6.998716437555418
-134.49706139336521
-121.44853750658892
-127.46840159338161
-132.42844400392772
-356.71701062320244
-5.831806256857758
-132.98214755918798
-132.9187656569233
-9.520705908710589
-124.10244760874696
-246.47587397194192
-7.673195356598471
-273.60497352478524
-133.88549245874466
-142.67628594562808
-17.38562321081237
-140.58504399441574
-254.36817128598892
-374.4528452610863
-252.97135908699485
-14.287176521274047
-249.18525788813614
-141.64506450023936
-404.6936696585963
-135.85421589905337
-122.0930948651923
-1.6141381578160707
-288.9984668804183
-130.94722297713616
-361.2317975895285
-264.5783214046753
-388.4884862988882
-349.66889650933825
-127.2834160684636
-240.52846002843393
-130.5516013591795
-132.35608535660361
-241.7860779058535
-130.00370706327342
-125.22725504590933
-133.18817024075662
-132.52318729557484
-134.23103494872396
-10.346608361869338
-317.3815681937448
-129.58661085767477
-127.05950651286852
-237.4231853647916
-337.14206699950626
-8.636084757499573
-131.4315055739737
-122.97727520756087
-136.02042366365643
-127.05855333837397
-367.47111473051604
-122.28989561694033
-0.7941661873427821
-134.58070724090402
-9.02094255116718
-118.24630788550208
-368.346787347382
-244.79805813504146
-115.4876705031604
-128.8215565355168
-135.90995920472108
-134.18753608188536
-115.454437722631
-3.043323148177118
-123.23114799686694
-127.24359307359619
-253.50832840053303
-10.95893655813014
-234.14000201395805
-241.4157578666723
-368.8326186532935
-126.74641918959489
-256.5480799877259
-13.673215621944003
-248.0358220179935
-131.4190479998984
-135.16164014798147
-140.04472592960983
-134.66660792065733
-141.50710137216458
-147.04713265423243
-275.1046742510714
-141.71076014240228
-142.13859977504754
-256.0168662740129
-280.8126557171622
-385.2360464865413
-344.68197764887736
-260.70786483048266
-131.06080713012383
-131.17512231271766
-129.57499170818377
-8.628061916299291
-242.14989588576913
-137.50691847564175
-135.42244294611535
-131.95901115137053
-245.18079059144736
-138.68548927658145
-250.73144660120553
-248.417941426382
-11.215596566784832
-132.00234986619387
-135.70658880874245
-134.49463386458365
-8.38438234191295
-8.416702506096682
-8.454804618198576
-126.30911290932073
-122.5127700939771
-252.76476131050293
-132.13546646242654
-136.7046842834373
-4.555823193812341
-6.983413423460873
-120.78943299670973
-277.7148404890849
-2.4586915090292742
-134.00110545098875
-4.019318229145243
-128.4709627400529
-359.3325212388563
-130.4791072963562
-237.32496006011388
-237.40024287173776
-133.708607411068
-315.6002344232121
-377.532296803088
-129.30054849396183
-129.71311401994083
-133.26754008897936
-2.0575916457007835
-239.9872919380738
-1.9664029973877288
-0.8154659230111471
-331.4619274284534
-121.33902458037306
-117.29446801966608
-119.85342199883148
-127.22904044325806
-128.42463357767244
-126.9310050705444
-119.22849633185861
-115.71804952423304
-1.465925765582764
-1.3795707147386689
-115.60867910674303
-259.2276415612501
-120.67625322731267
-128.14626831583752
-125.33849805484698
-129.27562855335208
-0.6979559354655265
-125.78647428484145
-327.9319080199318
-0.05502864685939223
-315.5621784464991
-120.62398526613129
-122.73618076873711
-241.31672324192587
-121.32098236451623
-242.05512401087057
-127.4350752699405
-371.5134452048122
-236.73708229389865
-247.4228368390096
-245.72828136970807
-3.4459157104161635
-241.4991053727042
-128.97788820562434
-218.77748975817408
-128.43252877901062
-132.8030338611818
-3.8159034566061436
-233.3783569594277
-257.14254962929226
-1.3510320462549583
-127.8110755847611
-129.40547750340468
-239.37861682204598
-127.03241102994755
-127.48458923402559
-0.3325826454241378
-128.9489557897407
-1.7074829259907744
-127.82369817533437
-2.407162023470862
-116.51263997390657
-285.99565586665835
-224.64135480476915
-0.5496181751590673
-247.52553476642487
-125.12556200670909
-125.96122448514048
-127.49487103502041
-262.06566996208113
-123.1775110446355
-115.35337759297998
-124.7539753109417
-126.10419243352074
-236.6344892502115
-242.41311034064438
-124.07234797895732
-3.9172808833414545
-350.1683414130239
-130.57811482460642
-130.50910059235832
-123.06613400484795
-130.52915323745592
-133.9751305048544
-130.65926299740616
-253.7382554054785
-135.7690402374319
-134.17432876310096
-243.716612559851
-2.8228576528264115
-131.37387625572745
-130.18720683430658
-263.37920788972
-349.8841762571009
-245.76376004462503
-125.06849925957562
-132.45064830319168
-1.833269311827129
-135.93981633891306
-129.25668228634404
-243.7622539756114
-115.13921750767149
-240.24310658996365
-11.14249285277353
-361.0760815421811
-239.43177385750494
-119.77345203933935
-126.93930557797253
-130.11229411163364
-127.74172167265681
-131.5970939140234
-132.31655533097904
-127.17364704668022
-130.87358817082136
-321.73297240498306
-124.10157595004928
-126.1916557800717
-121.69628298623373
-127.13359146508486
-248.376771892622
-255.78551417310155
-134.20259231055084
-354.86034188463947
-125.73851475282747
-122.16977683218745
-116.34026321855124
-131.13648603260702
-4.128202050979068
-131.8277665425088
-131.92723334039894
-131.011397011203
-128.22229669312156
-248.87024316409517
-129.97821132509904
-247.08856007313278
-238.96895777241974
-320.8579542454238
-119.87019754974817
-248.54005317507585
-128.60703006727104
-118.87001165220944
-135.09479327781284
-127.90445003243147
-2.932486505804504
-289.93325655788567
-118.63421753552701
-5.747082335661899
-132.56409605267413
-258.5253616730311
-1493.1631392007066
-6.216367125836509
-4.447598548747737
-126.98657130850529
-122.11749805674661
-5.943822365710737
-269.00433768534697
-129.01645667374893
-133.00881830067584
-4.916289654325727
-4.389454735543019
-121.00420072027876
-130.33980078183174
-134.17778752052442
-127.45178894819692
-128.25643298816206
-355.10331856742414
-124.06734289877393
-365.79032364696474
-133.8064314999764
-240.53617584427155
-129.16290346648196
-121.99076477376329
-125.95486312425767
-262.6321232976824
-2.7034902776416034
-128.66649285414155
-120.46635940181318
-2.039271190572426
-125.86408429375292
-321.8660747530717
-130.48142874394742
-128.9301729297283
-340.2214926840668
-1.958090114730087
-117.12685084281243
-342.0098369880515
-138.1357135624731
-257.89054387673184
-131.47199298441015
-10.497350061176048
-138.4738460166486
-142.1621212660319
-139.9145398178278
-305.97429152107156
-132.7673409770052
-135.27166430674336
-128.282290404775
-122.40918011760878
-136.25344437670955
-141.32067001668517
-247.12286609988473
-367.212131233048
-344.6426402837453
-136.775368603031
-343.7298922714389
-5.234880930661417
-360.93031240377167
-118.12995641855298
-129.9174251299957
-125.79919675834077
-142.24197092212503
-12.224937218165522
-130.77929050796945
-257.77678596860113
-130.7281048905949
-133.0774111014537
-307.0457140507142
-136.09063380827664
-129.21852204563447
-127.75611947012445
-257.76829984846825
-124.01031576686108
-250.51299205672916
-259.69858882755136
-256.64958037112063
-137.0182531517892
-133.57584262767054
-250.72603952263344
-309.1461280922802
-129.54018239269516
-137.61739945266925
-131.69408605844387
-136.2718215705917
-259.7838504161559
-15.27222750270074
-357.0696931885139
-1344.4742167029515
-131.057443458312
-138.38342344172028
-252.89593175601223
-137.18579026767665
-140.2113168619826
-256.60193363840506
-252.9298721351321
-302.21964202802303
-248.96495820315891
-234.8288319222295
-239.25729461584586
-263.35877002392857
-139.56467259467567
-135.39171704289484
-15.754453663493884
-138.58159218859907
-243.48412157202262
-243.28976662173275
-257.01134462387745
-14.246963546636712
-138.66719152592256
-139.99287421975717
-14.322636379992156
-134.83090901766715
-137.56563890970162
-132.5651414435122
-17.26502740591671
-131.61656543685055
-139.53036821925588
-140.59009984688825
-143.00260148311872
-15.577387913326469
-140.19551785568177
-17.846232400844094
-140.75430938104057
-142.8012727440621
-137.91861223084308
-253.47829263878046
-141.88421543544598
-133.86155806732194
-144.71715495388347
-258.5939317926152
-26.325870943087708
-389.75604820038166
-144.45820419127364
-257.6148272625368
-140.22324652371972
-149.80298708929107
-264.70870918443956
-139.14073628072583
-134.20318175020054
-130.00214213412966
-253.45403751281728
-135.2207591668706
-127.95306492954461
-130.0657376696663
-6.953829521919847
-6.976621265960204
-126.50192725927552
-281.6162345991233
-259.69338094661197
-129.32099722806808
-236.32592783216856
-132.3301914594979
-321.2204959574879
-124.96582466563274
-129.44912951281427
-312.59248325057115
-360.54649687979264
-137.09932499668056
-10.972147492438426
-357.97498233442815
-138.0486863082787
-246.66788808026482
-136.98676396201157
-254.66583781760343
-244.65316693555474
-290.8860847054585
-255.69908568666142
-255.2904784558277
-135.48045088976886
-8.641227317481748
-127.79144184450705
-121.27411871262014
-337.04872174287755
-128.34069872604738
-243.0990713811215
-133.79094593856067
-254.68913443210278
-133.48154472855362
-134.58354027877795
-123.51875620545587
-128.29067547759863
-136.08807007886494
-139.4135149139425
-135.9855332685503
-134.13409221525578
-9.50985863003099
-7.920673674161263
-131.69088637225033
-248.19917697490322
-5.253346626937539
-368.282143719733
-130.71946259279486
-257.6146176040932
-139.15152643907768
-363.5257628475449
-19.44131161670345
-139.3551398174803
-134.62247834806394
-257.96992392185905
-259.97134490513486
-135.16929627770625
-137.42952338895182
-140.4514279341378
-13.748343491797002
-14.175422896502766
-259.1803721621797
-339.7178137836738
-258.01398821350597
-134.03865566983717
-134.54462643616878
-125.6968907532689
-11.518318995121275
-124.68407893853052
-138.78676201882797
-250.08914809338526
-232.12158889672182
-371.2477758916457
-353.3941469516
-127.39556311155931
-362.6639165934178
-136.81627664207986
-234.0170160530035
-120.97782854164801
-9.507399976974707
-378.18694934299776
-257.89882389322344
-242.1024992185548
-222.29753635308685
-133.9765290226807
-127.28640460678965
-7.167756525601738
-259.91884253672237
-21.522104263887567
-135.92630631777783
-258.2528593917381
-134.40951138101056
-9.168652893858223
-9.857212772833037
-129.33295342496632
-247.7397556394052
-131.44388029754066
-131.46309679246752
-245.11975011995176
-126.2480790514633
-299.5153661176077
-2.2191559075110616
-122.14405873924804
-6.960388091284056
-130.53462326054648
-345.1767814052188
-132.8721035446924
-133.0984506631586
-6.358831462489197
-131.4916285823196
-131.02611334559842
-119.84889813184874
-299.82459901546673
-245.99963462373714
-243.1227062348733
-13.632800660253038
-136.57255015412625
-135.0305764605438
-10.172284379713714
-12.118763693642844
-254.89307196450628
-142.22577146304576
-133.99717026086094
-287.7956131571214
-258.0013879698782
-256.850156986288
-139.617711174051
-142.88447856434806
-130.17240849694048
-136.9234911582051
-134.17270075134365
-135.69152899766826
-321.0164040807714
-137.2732503240692
-133.3269885418882
-133.0982038208188
-244.09693198546208
-122.57062056778553
-123.1338552626742
-243.32106628055442
-136.5388495819238
-134.49299039347179
-376.15662635523864
-114.98268389089478
-318.4572592560963
-15.98306005789501
-141.5961955498982
-321.2014386928291
-717.4736936047558
-790.6509682426115
-122.89228778471148
-146.20045362952447
-144.99483723868207
-141.1361931189768
-17.264804009656515
-146.08268667090468
-141.74278488691323
-135.89579834452735
-249.9495343799731
-22.687299583722695
-271.3721660096666
-146.89122908882715
-148.12030350049244
-22.509760240264765
-142.29818210390704
-253.8664456107252
-274.2968822673135
-145.6744465807026
-152.08401166426637
-268.9476391144696
-141.25918450414608
-263.2988771877509
-150.21885871304724
-388.14782482426835
-149.8488360398718
-147.93949756606858
-156.4909747532031
-29.052952355562763
-322.9677743591389
-247.15548636724026
-142.49308331574971
-126.06890882848175
-241.07036652263213
-239.11090777042787
-240.7364986397138
-124.45589844906183
-118.6057022685408
-241.88938944413636
-246.68516252510125
-241.87483764359237
-246.28231047911322
-245.37847000429787
-131.76758625241928
-129.48231965181435
-135.65975825846215
-267.45091885525375
-121.38333308739175
-130.23109746085558
-123.59881442027111
-128.322763074662
-134.39394043829245
-340.509094326029
-260.95857027990013
-131.00427409364178
-131.9217376431174
-130.66534280628335
-245.0878152306305
-132.5737730874017
-129.14762442992938
-256.8099931524418
-1.939166272977591
-3.221291544043061
-136.08940422154228
-249.0470935287096
-234.53245694217574
-315.7502952533002
-135.23829276524688
-133.66574823199647
-118.23183208272869
-119.90670989038887
-132.6163533495923
-135.11562736189123
-128.78187241234218
-226.83714491402856
-5.7258192323805766
-127.69851329906878
-9.55289398586919
-10.949660853883634
-130.10504862497288
-141.33032735087266
-217.08892652563222
-395.0905187829572
-640.2453746820603
-439.1786541388019
-519.1946648968091
-495.5892875103605
-258.7105572120026
-390.6212132466341
-267.91864354847974
-142.7427522622107
-269.550683913209
-136.26154087415412
-9.299440210148397
-130.38962774285318
-349.736856181828
-1.603548283006402
-241.27168897269084
-127.85579183936952
-131.01471700349398
-132.2577287983276
-5.457959085488937
-118.44547710782122
-5.968284090140529
-354.1746813387645
-133.27699613716862
-243.59657113594474
-133.9416975042427
-12.312488507142552
-140.32285930079559
-139.5923185285895
-129.28940939124436
-142.95160033973355
-142.265258104349
-239.15236369213
-142.72022969359244
-779.1341380058478
-341.8407152291938
-243.9335703591642
-143.9569426259198
-144.4258978877184
-132.95380460218635
-145.48711207229343
-339.3812180742842
-133.5993757367306
-134.130956653809
-143.79644975730045
-143.45192800868682
-144.5655175200403
-21.042979940355103
-261.0920442164339
-146.06034016337992
-144.41743138450016
-135.02541810445155
-18.813727460744264
-256.9229683944741
-257.106826464703
-8.784269809617637
-414.1086972661793
-359.47195667802976
-6.166112781129314
-411.9496257207909
-133.3487967247975
-135.695433127033
-1339.3777361396735
-139.85719872043398
-33.33299510615273
-487.2817456554426
-382.9569515126653
-254.67026891199188
-17.855171900448674
-137.58349899735902
-8.7488821199522
-6.847624746794872
-4.555888764988231
-261.05606084424016
-299.01651331408567
-127.05487550320417
-383.82436902639273
-237.33818010090846
-225.32341935544775
-1.7890727515014508
-1.355610664600596
-237.1084967886509
-247.82793891024804
-244.3657915571844
-126.5187957494392
-124.2119877606948
-239.40747557120804
-9.56042022076555
-8.500071948598544
-130.41482994073434
-128.6824331875432
-269.1770556949869
-133.94002259333774
-131.46298910856692
-239.6186399889868
-126.76827821421075
-240.54509072456514
-131.0429227214851
-246.74358946956585
-310.97248926841127
-121.52433858800578
-132.84185155972656
-127.10815578862477
-124.4867640179047
-232.55449272347147
-126.5407187806735
-3.0297736940555167
-250.14038764629754
-126.61017220157811
-130.80430470373017
-124.8176115306871
-125.27287089689419
-239.16135605501657
-290.48661763008516
-2.773824233466753
-244.17312754748534
-128.3027876486714
-130.523941492691
-260.03739162797484
-122.9373763192128
-130.07252964281807
-126.60397731772461
-248.31764885979757
-127.34727510508785
-120.84315010405919
-119.02857309571448
-299.1251764610959
-115.3527735919676
-126.83078925690968
-127.01507662169972
-117.7690315077807
-123.12892703038527
-3.4559716919241623
-250.14663806721563
-252.8692378919493
-116.62898185907513
-2.990842878344142
-129.6871954215261
-135.35255090631748
-128.41914586704556
-121.38089944695379
-3.245187481020568
-130.34615039712082
-4.109731090160932
-250.53165770290192
-125.16111794294333
-126.2890577611386
-244.0821576683169
-126.80077846201762
-127.66646775708693
-123.55061834289022
-0.6184958548039904
-350.7970291796202
-0.7533437649705204
-130.22690892846154
-131.81767689123427
-352.8597791820928
-124.15431725275603
-248.68648061454397
-124.99349278422686
-243.61451815763496
-236.58394641431005
-1.0848603047265486
-128.70929831581503
-366.8480405313085
-255.1951647468808
-366.93252140470173
-123.20560383074921
-133.2871893791448
-131.29336792596806
-252.29086602512595
-281.9220423414224
-267.33597990249984
-252.05151884132587
-264.944880116399
-264.4467489248311
-5.7533263924615285
-127.04383332537806
-1.0034596717652846
-247.7987465735649
-121.0129656433718
-130.05939643146147
-127.77617804040428
-129.771629326397
-248.59678465514506
-125.4903808318693
-239.31400637376677
-122.0017753440036
-249.70279878875854
-127.51020020776426
-266.1499440762281
-132.3499786337115
-121.78440401778748
-240.8336196998837
-128.40911602916842
-258.3169130143512
-128.87689704147058
-130.43181045762356
-131.97525425245627
-122.11959373264385
-6.482341997332815
-249.6021594852674
-123.59235867400052
-122.0633252034463
-120.5391564085807
-371.8151030598327
-240.02962651514656
-128.01168966839597
-129.11744566256522
-287.61142945594383
-127.93940002288524
-124.95399789062905
-137.61759826805138
-131.15567614638533
-286.43813005099804
-228.2405866736665
-258.2987615588965
-125.1635937323493
-118.25136335085958
-246.55841322571433
-240.5998243771962
-135.2405383997965
-227.73479625825706
-132.44822504178654
-118.89059801182786
-253.22936570390127
-282.9855237349412
-131.60282907306453
-359.56628474722544
-121.38124175328407
-1.4821712893073193
-2.4307076839391057
-8.012570247912219
-246.87090857923627
-241.4058818164811
-254.6802400096849
-3.555336960112306
-237.23925318393387
-266.6106513758259
-2.2624185687843275
-307.5701459594258
-232.07780838137356
-235.57915696717282
-128.32051987689144
-117.91192005811143
-114.03733498502021
-250.41179406154671
-235.4318114436173
-994.8364120978354
-254.6763991887702
-1264.3425277459298
-2.245150887296841
-382.1469666621013
-137.5345636832652
-6.788604358914247
-133.8838123640514
-1276.6381391360342
-6.423270422175304
-907.4411032802171
-141.36741907957537
-618.009231222948
-1042.5578738547615
-14.855932005972974
-125.68306412949809
-232.959126389207
-131.73651747396067
-233.91356921196072
-319.6197227968961
-255.02882628712874
-131.8037596640273
-8.168586145136121
-3.8117886348046714
-245.180539552359
-128.3948574407873
-3.9908369090364366
-122.87638462572531
-120.41783618680743
-126.47057834832191
-116.54083630344748
-116.46287613394033
-136.46409200078674
-129.50244598764465
-118.11087661248463
-128.20322438284083
-7.342429835226898
-140.29336347093377
-126.72239906220582
-137.9745614814634
-238.26549611143463
-134.95682026547055
-127.68041580235881
-136.36672009589003
-134.640173725956
-282.98897879096234
-289.46703948894265
-129.4202550112637
-128.44035245949033
-129.7823558652417
-257.47681779120313
-129.81027642494632
-485.73167970198307
-125.24097869522522
-281.52248619955
-145.39505060890204
-144.4086955983972
-149.30182485560647
-272.82073848738366
-145.87961952905357
-13.120667053162485
-263.55507710347115
-136.42640042229087
-142.70156266984446
-11.500932536389218
-250.1819887632852
-9.508018703280383
-131.59848569259646
-372.4376099787875
-351.56834941371756
-136.3516007168451
-11.254876633323464
-135.17909932267023
-414.26217085472564
-139.29935642025558
-137.64539669095507
-264.9985008731884
-10.905913567636656
-133.81505090961178
-234.58509368112428
-8.660868031702304
-126.48555282405039
-250.32569701583137
-124.23004263572574
-121.45573946170225
-119.73934262010931
-131.99008781052044
-134.97802979307002
-1050.956519605961
-932.5864049846813
-132.23569765131546
-250.5236774889692
-251.23332708569941
-252.12939698665113
-131.96563429780286
-132.34494921204458
-127.2413626166358
-234.03816261416563
-366.13259895537215
-245.91456273148418
-3.3020649684426115
-346.6957799107958
-116.29707614882354
-3.984058212761273
-130.75936246180552
-127.0115410328459
-245.60836251279832
-3.188604973716181
-242.86107061117158
-1.9116317935531353
-262.2417545265426
-129.83543199353971
-262.5484254014687
-129.7002544740914
-127.66728329174472
-126.69168485762029
-118.5811279360209
-266.2551582581009
-235.41643762870166
-247.1740368229197
-247.65382295234807
-280.72736921075034
-129.82890494037832
-234.80405839694112
-381.2667268622041
-141.2364031818899
-227.5311645996557
-127.631465880016
-133.77573090423797
-2.01019969084936
-2.676768029830679
-126.32919389374537
-128.3275028909215
-1.109281769995952
-128.09884123586752
-128.20028203875503
-129.6036318225102
-124.83639258512716
-232.63003832929306
-126.97802475683113
-255.99994379116762
-307.8089554242822
-2.117227571031097
-124.33349944629776
-113.5594201727271
-126.97155235025883
-246.4645676956875
-128.0813949181483
-227.16273959690238
-125.69303476574466
-122.03157930645688
-285.9449913551447
-244.2169650010108
-125.5063811184351
-126.87045918433738
-2.0871849421959405
-125.29148713459485
-128.20862502493915
-3.5970509177009236
-131.88152091677074
-129.87205183860513
-3.3183906980927214
-2.268100618003275
-2.1366556103417103
-131.45349509240526
-131.7939210102857
-128.16072679959478
-129.25222513022726
-3.562293492724141
-128.2319337318157
-2.092255207025878
-137.46541306863284
-2.0080494590728892
-235.69132574210954
-131.34097476246507
-125.66631273752648
-126.05296168174694
-128.4183163745861
-254.68551326404733
-2.758126923412223
-239.75898442017913
-258.62000895825037
-2.3205664937191233
-140.10786044570054
-2.706689288314096
-248.63484179681294
-4.194943853699347
-129.35726326324254
-375.4753662407411
-130.96991004932227
-125.46590274656272
-245.8007344914749
-4.396258676536904
-246.74806427630045
-133.4746080281757
-132.64068153444657
-134.97182794231725
-244.67624661443557
-129.54739886049094
-125.67046261090626
-363.65348182049945
-127.01288016379597
-129.7505963562368
-124.25843042039651
-4.068488859388744
-4.361246446222484
-247.24795818205388
-248.08411901251904
-331.0934586185232
-134.30272506193458
-240.04507168534792
-127.58988863436481
-227.13976422279674
-340.94563943927466
-132.74946182608508
-124.46753141012846
-368.0599286086926
-248.21761078045844
-126.40838073915143
-120.7311148432169
-126.2235964729135
-131.18615810626324
-354.6337831077851
-256.17012459974677
-136.43231124572884
-128.24424633212115
-136.65273464171705
-275.8806930142086
-132.4256724071501
-134.87672747532517
-131.53279587712828
-519.6429885750312
-137.7327089371194
-247.586026631412
-382.63606186515415
-244.9180624024438
-255.1787764019028
-379.39568910335055
-295.3964674696209
-237.8426504764868
-2.9243185008451524
-134.09787909825118
-337.9147114820059
-8.580138653519203
-134.43539439757186
-252.7983764485344
-130.80126998730393
-247.92475482239348
-129.7327704514272
-361.2103458754614
-128.4090129788777
-242.39327058728776
-3.9339460466359992
-132.68433703695555
-130.83609300728014
-134.38875668615714
-266.5083253753872
-129.58514774045622
-131.02385770070634
-265.51193759024824
-9.455763744108824
-135.39216424893183
-139.60700610751823
-139.40807090976472
-129.4317566589333
-242.26673042702265
-4.467401791409204
-2.173294486760272
-337.90377763165753
-240.12204036505278
-435.62246824258744
-253.79090911919866
-124.03583859673675
-959.4371147496641
-1046.6066882532207
-131.4257846664691
-365.0314651997879
-135.7937523016366
-141.23305324725672
-137.34400845141485
-13.200425527912527
-265.29892671647536
-261.8639996348397
-254.10466458365826
-120.63140075323274
-126.12253565953868
-245.2142650605563
-126.23444434543312
-139.58471806247812
-121.42197768524449
-119.98439157199151
-243.08292602757808
-129.32416558545796
-351.65991519359306
-6.8651426291216255
-127.11562214307257
-127.10785728872567
-6.990772839079231
-126.26210377051243
-134.26536912043497
-123.65636681301346
-125.26758137659925
-128.2820472187213
-138.1119510565312
-130.11938193737345
-127.85135322495798
-350.60963895387636
-236.43932354234252
-137.56629436489487
-243.6364992514967
-128.33987001139369
-242.87608992656487
-125.44032461961673
-2.4875995539790163
-247.23868793621568
-5.172173640434017
-257.07905413212774
-4.476239619054614
-127.56701041629566
-3.882316168604976
-138.3295662967705
-7.880600330043731
-124.22364220704345
-117.69589126611649
-133.73316557740952
-116.78413329213522
-134.4183606368438
-247.44049820816568
-1.7928395085941318
-113.56120039628998
-245.37494274923503
-126.19361949000795
-236.49110401452103
-1.3520366781786872
-121.89003658334599
-4.6445871340538245
-126.55147008545907
-301.4319469327822
-121.72801259523872
-303.89170834894406
-351.91234172330644
-137.28462238290953
-123.49522760933232
-123.04831200125706
-128.41773910924684
-134.76944255004403
-2.5192450203036203
-251.32388764404948
-124.74084713126601
-245.71549547222102
-132.2308944793488
-246.68989457035448
-1.055943540306857
-131.22994458356013
-117.500823784889
-333.4669901139292
-232.9967768246626
-133.1945845800789
-124.27152819761136
-242.16914564085405
-233.4391998989662
-117.76156376570867
-0.41414791582224025
-126.98316854246842
-134.34785046185107
-123.93873167639215
-0.6191416791404053
-0.507084487846411
-130.82741384442392
-114.31201000270535
-116.92451971330632
-245.50455804240693
-124.01841934945635
-130.3045755985321
-234.33282406883495
-127.80681798706367
-122.32820257560142
-117.72651959790551
-131.73227615594936
-130.80983877037144
-124.16421815823958
-132.4418726351541
-119.96467088009891
-260.7030740421083
-5.632338410476727
-244.6400643349902
-133.81026811147981
-125.04672420785101
-338.8227617632745
-122.41588877816653
-123.66531876566623
-256.5438861499268
-243.1743041964278
-5.993730579413229
-117.4932750568971
-135.00878352215162
-134.47121728026036
-369.76511522622616
-119.15528869657417
-125.59609160393157
-133.17826077304258
-138.79039575946769
-255.1502633806191
-134.5498644834217
-8.203451383583534
-124.95961459899796
-128.14174830452959
-121.27305059086946
-243.6604888365793
-127.5320550337022
-362.7611895250186
-229.08565426403186
-138.54894950925362
-131.44489337680645
-130.039339199566
-131.50391395388397
-121.27903137192189
-130.53438446280606
-122.52842470409729
-130.8478780512796
-130.31266135429132
-235.94280093494066
-342.21227577957774
-136.95879319815026
-117.91707370813448
-131.91551550270776
-360.0790337512765
-136.58868102481347
-237.08064596669854
-137.99444028061706
-122.10301493436916
-245.8706568331897
-128.72727054950693
-6.644565049140186
-134.9249251000554
-125.55732714307439
-129.12969773547553
-250.56838270629885
-245.69323823656455
-249.71932157400568
-124.36378595959063
-1.1656401926322588
-119.86691238717327
-132.76199075077412
-130.38595935661974
-5.046937882686398
-0.5049180193340277
-3.754731636579749
-256.78803829083336
-349.1488658907937
-256.45274232337533
-127.28221111247595
-5.553917560896432
-129.32250961786784
-249.2295995267911
-245.8176138213201
-248.93851775103698
-126.83859473376968
-125.04843631639815
-0.4997881514329994
-133.03518205034985
-132.44005986796608
-233.05701581888246
-0.3190932935189083
-131.10111576798715
-9.380635229187734
-250.600885555422
-249.51408020278444
-132.9721216502878
-131.54054948215648
-348.03960474158634
-5.992553451647428
-4.507444323026121
-124.1510225988455
-127.06546308400034
-3.4454922778576327
-125.61692267166067
-121.97178265705315
-133.0487162246322
-6.384050208307613
-130.306700780092
-126.64445690006033
-130.49855888707646
-122.18772981877997
-249.96772663939836
-390.535198586059
-373.9044482836081
-129.74024458997997
-134.59089599119042
-244.72999064406952
-259.2418766836787
-126.94128415622059
-3.289708779533869
-128.04161553715213
-128.1425702079937
-129.01644029000047
-128.12886806076116
-302.66417216798686
-123.74988201002431
-127.9917883480193
-253.8057839752203
-129.93446830411028
-129.2639542043951
-121.07622166993153
-1.2996656606409158
-126.51953064118997
-3.291805784562377
-232.78912979665014
-133.9814159436021
-126.7709837848799
-129.85418052191577
-128.43435426134602
-228.10139746828986
-231.90973715196057
-135.27417414711945
-129.60931839622478
-116.62727968296352
-129.9646984715706
-238.97945885709422
-2.6313823064985207
-3.1992399420845574
-239.75579081123962
-238.23013997881534
-130.26639603118588
-129.41147694807253
-132.75366845051732
-3.0490618751500995
-131.1393565280145
-279.3706576179854
-122.81990921616179
-134.59318196457798
-357.63103533457803
-9.513636774958034
-123.39046795144631
-13.663818136321996
-12.103835981867112
-142.1512644698484
-377.95424169368937
-130.2819128082354
-268.48992418768125
-128.9652783813238
-255.05469870916536
-129.5934211288105
-137.1156289486545
-349.1315477577759
-5.576577920745975
-253.5542511920654
-243.0322056855934
-237.85525395848808
-1570.5212071248707
-967.1081558616457
-10.968755820683894
-132.84079489798017
-231.84566266024797
-244.47034366054464
-137.1305181261227
-117.90374571126641
-248.09361198256553
-1.7493817792071065
-121.57802079911906
-365.0812268655946
-131.82547584169976
-6.79558180865535
-124.93298704028987
-9.251274125483413
-133.08931557898202
-137.81923572475563
-255.29633656136292
-9.389867020741285
-370.3237838065875
-244.93867667096285
-140.74528350252433
-135.3250640313599
-228.7508212897541
-134.8187910256329
-134.21538502281055
-126.23168215027873
-126.81754923816654
-129.31457571745892
-363.2286367798002
-344.5096426713399
-130.88518793760804
-130.8388876823161
-222.67321316515606
-126.38886123924648
-126.6163764174146
-220.92215170047314
-115.52708251677463
-125.50357511866896
-245.88632416499297
-123.0600726567965
-321.158877073786
-126.6503601919682
-132.14118306193714
-129.83252068570684
-114.94697719466008
-656.7292414192484
-343.5257454040148
-133.69563596442111
-134.3733570297022
-121.93501079167027
-7.783717529579076
-8.063077062736575
-135.66184405800428
-124.84482325492249
-241.09397753304992
-1.7467962524706981
-2.1468303205702033
-2.3875808738915585
-123.07614338777002
-224.89027267182806
-129.67924525027
-127.19882201550327
-235.2308486911316
-257.3411194528149
-238.07896319546637
-125.230667609855
-126.47521057738318
-207.38582974512616
-114.95053652462066
-263.7051430113671
-369.70067575598154
-122.47701955823636
-123.34056435413079
-1.217379455742477
-244.61984100306674
-122.32369095381269
-118.58491930409843
-124.07452315423474
-130.92777751725194
-122.34739551005492
-122.03043321822196
-340.73941275351075
-123.19830375854983
-125.9078149407316
-0.7148805644886022
-247.5445100601056
-133.32184930657635
-125.97608492646775
-2.49305807536754
-132.0974544076857
-235.58296294740703
-324.5462385799184
-242.003180347802
-125.03549293463384
-252.5760144831764
-129.03770402256572
-259.0862496721929
-379.5783725260086
-362.728613456
-130.5896880988739
-126.76461426681757
-254.40288846205578
-135.79484423595108
-128.61589797050635
-129.3180148272833
-244.4762084868838
-347.23918112751437
-237.21852056008245
-120.59891080101133
-119.89089953053276
-122.49149301336445
-0.7172615669281965
-117.12662529339589
-117.98961243067944
-234.09500607843952
-124.8004116652044
-126.2769051208296
-133.91347904562562
-125.21684460861354
-122.33315915944094
-133.27961878203593
-239.66160152387383
-128.79888456728287
-126.34253593253783
-243.14590068240838
-130.46010873631718
-248.05348344739537
-130.30259271888022
-5.090636890278105
-245.95249180467084
-125.37590982018585
-129.51778154269013
-236.97546081483665
-128.76291107228587
-131.43422659461373
-300.3113884557876
-122.17740210873117
-120.35561899847568
-124.10176843394072
-125.89423609854848
-251.70308611265182
-239.69780146401126
-138.01882104448433
-132.96152834440903
-122.56641766640602
-134.6219796912435
-256.5894181686749
-247.63231248096847
-130.49560000665846
-245.98095788270246
-114.40124075803428
-1.8667877139465856
-116.26095899279329
-0.4453314727036115
-125.91453410806216
-124.36854800946578
-128.2940069672619
-272.8852092025917
-127.28515076018695
-118.28571505504915
-127.03267026210847
-120.97581710028153
-128.32324115632557
-126.08129283192972
-1.6123380401874547
-0.9338475901526606
-125.64815643238487
-241.19163978410975
-311.3175420047274
-128.00589552592677
-306.8004488900591
-128.8674074782411
-332.7126022926829
-123.95105074359411
-126.01554968891546
-121.74789322015043
-248.83407429191539
-131.22808929819954
-129.82348116193234
-5.760353726355928
-126.56041853577052
-250.42602432519834
-126.22286196446751
-3.2991006564593146
-250.3285356483512
-132.27898982474005
-249.63595157096128
-128.84973552386802
-256.227040446371
-3.7714185844959363
-246.21269425484593
-4.252215711590729
-121.73045994265969
-378.0457069816336
-130.01976229088245
-345.59257185821156
-122.7266975317036
-126.80005168333763
-127.32938678980231
-248.34117939812026
-231.8184282489778
-258.0928408419519
-4.785249771662271
-131.95890467170608
-226.51928957180812
-234.58737111829538
-243.5185097915571
-130.88221867186485
-222.9097081539415
-250.70927059835836
-130.92085173276865
-116.33830117182742
-331.84984115665264
-241.22348518338873
-117.75510205551294
-360.1365978540703
-131.67014387767526
-330.5022145404845
-273.6503671397209
-134.2946702868696
-252.2390389603692
-132.29293439102324
-133.07020325354122
-132.91524597444896
-1.1719908835536248
-241.24622590247472
-1.4823412863673084
-118.25164922714661
-131.92331528411756
-119.38689112697594
-232.30112575205567
-122.39593232086904
-128.03805095473007
-118.90340771352209
-239.6461148056499
-252.32340302651744
-229.5365450681929
-2.8272809808888244
-343.89537295505835
-370.3735633361272
-133.1373373293191
-129.95996396712715
-116.34752204187481
-225.72992244785328
-247.4226184945568
-301.9445100724765
-1.6167247678356822
-116.18914452542283
-117.61938182886328
-128.74004149394813
-122.85010696590493
-250.320257046831
-123.98193596969193
-125.08737429722869
-252.76949602367117
-133.34960641379726
-122.13062812788478
-236.8570771530201
-234.75565106975392
-130.15219634450563
-518.1620594513333
-228.3851399558658
-250.95404380709172
-247.2263435745456
-2.2535211131718045
-121.3134942029618
-126.02368684050674
-127.4202183275721
-4.374914231678015
-3.100366518419394
-130.88797073040456
-130.75455711065928
-234.71940856103805
-116.76741023405077
-132.7746434948445
-122.48204458322137
-131.40343824655176
-115.94537899107122
-242.48156440039511
-131.3009727754303
-126.79496391693301
-132.4589153331921
-132.8386098735041
-127.87824058445348
-134.53482594111614
-118.35274785385248
-127.95131881755407
-254.2336419472606
-4.724468262377504
-129.7186944417698
-130.8555413636533
-1.6906111815504208
-130.00876966422146
-242.40907364415716
-250.75348056427475
-381.1549712260283
-128.70593341268602
-131.59477114340206
-130.18492871286796
-121.78541800687529
-247.89102387091557
-1.5950734689375619
-249.3342698733692
-128.26957309875579
-126.58676882037345
-128.11453034138998
-126.97551362006854
-126.20187810172345
-5.484293069963099
-118.50706203085379
-368.67403346313193
-131.98015938358265
-243.1378201133237
-1.42349418389439
-123.7249772912077
-251.61117417041038
-132.27079009940613
-3.7045661605951086
-128.6370239451799
-257.5640785807647
-137.7209012676329
-132.47015194951052
-117.67576131281157
-118.46012212656805
-1491.4036571437887
-133.05532364694017
-131.58768763896867
-130.14609131947955
-129.77929491362093
-5.602123055222602
-298.55094157598575
-348.6060142105845
-129.57551939147558
-127.42885302987884
-2.8967929125526255
-1.554665125824999
-129.77968979676814
-134.4629511849052
-405.82397619235815
-4.090937900196662
-125.60576203203428
-3.228459068733017
-126.36037614286593
-254.8200048835084
-2.453507023874823
-266.2682947690849
-136.78449020125117
-12.49791450297906
-254.85304216126644
-14.695779355100843
-144.3263226663591
-127.94154005222636
-144.42832964625657
-244.16651658484594
-135.6962484315477
-119.02285357663315
-131.41914420524333
-2.792867466081771
-133.41360866880635
-134.55913900536643
-226.81795804941217
-4.294402786337828
-239.905737548509
-238.05811388031086
-129.0904883831115
-4.933398803558447
-134.61490503444875
-4.908722527377678
-133.80304594342857
-135.5205401504894
-136.2955393737666
-136.28476597291692
-133.04267428943697
-136.54984558394045
-5.913461460499678
-121.37444715557443
-127.22082938084046
-132.8131828971833
-132.80749392028676
-127.13401444834085
-114.56750143375373
-135.47398095939056
-363.650602763403
-121.70530535284686
-252.76277483697447
-16.534357335229835
-260.36760278094965
-255.18255928534035
-5.479754054293915
-4.356006897485689
-125.15507515424756
-358.18615791969324
-134.08715702178864
-1.4394100082856465
-127.7713943470065
-289.4768377559674
-132.0424724335731
-1.781915989079383
-120.09996086601551
-234.65975703858058
-242.1826944759137
-2.087767631569995
-128.30899124977518
-135.4877041904995
-248.62323069860602
-2.095965239709803
-250.23272487005374
-251.68706709567377
-4.892607166162743
-5.182975956435614
-1.724521571579447
-124.17872945379013
-4.236241522718596
-123.25326360361531
-134.70838020274508
-4.087470468769432
-122.30818849632618
-131.80106067918027
-129.22618677049388
-127.29262702570436
-135.33624685729188
-129.58423816100043
-132.46134062568945
-356.0156774636759
-116.79625100690113
-133.65111830386653
-257.6737960823363
-130.21433907743722
-250.8668650316011
-134.11209193070422
-264.7471424050116
-414.7265725248366
-134.73576164073228
-3.5695054617812314
-132.28802352614224
-132.18288377677428
-278.4595561057589
-323.0905552399122
-246.11290100415852
-132.52538304107838
-2.1266006260495147
-1.9982098976747034
-1.296081091685594
-119.50167626032395
-2.3936109030035815
-126.416845230249
-130.37532310255256
-251.11348541692638
-271.29320347241145
-139.87007623193165
-135.38463170599738
-117.83204455095074
-135.62053682527974
-2.1674757121979464
-135.07619400844166
-269.0810548977084
-131.7222086276708
-131.29501129705548
-255.33152210009422
-128.2559249154594
-240.1072088553877
-227.35136136601298
-118.08347368447622
-133.78089895068388
-131.2882540919405
-125.70204375648831
-131.99595082352846
-134.60667288979363
-121.86724351936242
-125.51129005694244
-243.78851560101208
-119.22927636206067
-241.96046927863338
-129.71215780899888
-250.380176638425
-133.07497422719604
-135.0656392581086
-118.7377357126399
-120.1434746506997
-137.29072890199834
-136.7199001793195
-6.84995856713343
-135.78496097833755
-124.3239574547487
-127.87484801062598
-359.82189174217325
-121.74627917544348
-129.51333494815225
-120.72740977068031
-125.83901513507642
-249.9397562022815
-251.6787899495621
-243.31294102910834
-123.46332828607699
-359.0034180104847
-241.87006075728425
-138.88127967772274
-134.88328274092873
-145.77377762535554
-251.9385049613002
-127.93202877835047
-123.04496357455888
-135.31908785279342
-131.76242523652098
-121.7354110495853
-120.89668740880784
-135.27046152294452
-133.52496589169414
-2.2431245048556376
-130.12481912064794
-356.3903869259092
-228.44276340422786
-384.60988823941074
-374.64329215577106
-263.64862487644945
-238.9670450317813
-2.405025322482621
-133.47805810609302
-256.8894355633359
-122.96418285670954
-136.69302626160913
-133.33178962738978
-255.05315827108333
-134.92752198820793
-289.5834141889806
-352.9968573158983
-374.3992047823813
-135.1721749804041
-126.83553272413435
-1.9600392237607294
-310.00288953805074
-7.462098321860698
-134.64289690797622
-8.767739309465894
-137.55313675910205
-261.71294492808414
-6.322264961154199
-247.07561724938913
-5.707225460078669
-135.00275938935076
-265.86621465244144
-125.67801331523279
-137.78117983705906
-133.77179782247163
-2.7921629983642764
-134.42351203745957
-135.64638257460442
-953.5811187263948
-247.2155386781294
-5.304639944526647
-873.0808896747018
-255.40855481919354
-4.496150736106792
-958.2891106291431
-871.9078721309347
-1.589972925220854
-875.4368381337573
-876.3696665859857
-132.08587673518323
-267.70255710021314
-1.8899399862404078
-129.8831796826991
-245.32011191111243
-130.31182816074642
-247.70562217104444
-131.21936553872183
-135.35407044889075
-1.5881615248516336
-2.5713906118355845
-128.92026110341828
-126.10690509626356
-130.91923391270288
-126.89059409686787
-252.14143724930534
-119.74724121211793
-225.62318695027895
-1.8834674650955414
-132.09893050547748
-135.83346369154683
-133.5417621205872
-134.57604772778333
-133.1365582053031
-132.8320902612899
-128.28042397388919
-120.51900898031397
-130.12535951695492
-127.92355810177168
-128.08209799735226
-134.0901243077684
-124.58132113239799
-242.84930260131298
-247.63386435052263
-247.0477495754863
-3.305237223730967
-123.69795840184567
-240.9619965068748
-225.58874437163973
-131.98375215314496
-120.25927610419606
-120.60908143129889
-129.333303551461
-238.97186737436132
-118.41139498781442
-132.14212546936295
-4.938203445973248
-245.2332341670053
-133.9142090475975
-251.14983563437704
-132.23594376799778
-130.63792590156797
-132.39763574074064
-250.94453430987255
-128.58871036109505
-372.0367128748927
-1.6750944606075617
-245.21369006261227
-242.85658323136403
-328.5604466920759
-287.2239478158788
-132.37031879414488
-129.6427929396636
-139.0040330739597
-128.63090469328787
-140.25914204718205
-135.35031379646804
-5.177378645164152
-132.223230401637
-255.23316606259004
-134.5732769230067
-134.90242509467308
-3.8096489202842077
-130.19704442268667
-131.62849078805485
-116.72228137250441
-131.45840269342972
-131.21693757842905
-132.96048403825026
-260.2486053832075
-135.7360251004037
-1491.9318837810706
-132.39418147830472
-1.6288427219869772
-375.7130650689783
-131.24873354105029
-1.8227925251458064
-129.89231164071285
-126.46997080351305
-241.01203546721433
-2.0032176706038682
-124.85013598969351
-1.744725541827473
-119.4540913954325
-118.54489404357821
-125.72114816383161
-248.25314068843096
-246.59235106762824
-130.8925445234803
-120.51528836923922
-119.53168323281152
-119.64118410969625
-350.70002520597217
-241.10759963754273
-130.20094622802532
-3.584489016422997
-135.2771678176057
-132.51402041358833
-123.92636216204782
-134.92649071905757
-131.5661315433729
-134.30001649689933
-4.938269186174333
-3.9576999678735367
-242.6310947828454
-120.5211029489092
-130.66423375306323
-245.48219484162718
-134.27757170949266
-249.18743578424866
-132.67305418464224
-129.0131162040809
-128.32491443512333
-133.42789028553574
-2.778599688321813
-242.4832937093247
-7.7817144015714295
-349.27661862102235
-250.06189535734939
-253.11696871370776
-241.16392296980575
-132.6247454645758
-121.13333791476857
-4.854731742177202
-4.400348567382151
-121.8047329806929
-245.34696604622889
-4.265112425010752
-130.85958484606581
-357.7061890319367
-134.61419690696724
-135.33609935469224
-122.13697244370852
-133.98474443710967
-133.92141238124015
-136.85549899498008
-140.13972145195766
-368.71643852507935
-7.85861475576687
-244.01634455369214
-252.25928552518852
-258.626133601672
-122.17390318316053
-240.2843040367518
-236.0807708258931
-130.07396504393992
-5.659554200263992
-137.51908539628118
-130.96541995779592
-133.9412900175969
-132.47519581489385
-6.247495535584614
-9.235768139489306
-127.37517252909566
-131.82914950028652
-233.9735092487847
-2.952018093618037
-2.008169125589407
-124.11443362922581
-127.75565315178406
-130.9554668015244
-381.5208301347663
-118.55703111114617
