-1423.3051342644387
-1479.5993905391374
-1595.0107842780224
-1177.347180817638
-1247.9028457743655
-1185.1690974788585
-1494.2228573901589
-777.1227504069285
-662.757387934682
-524.1952438200559
-388.83973323710086
-257.02559408163575
-125.36724095986818
-241.27551899329484
-129.30656502461144
-242.7565409553219
-125.80233970189799
-350.78150384523985
-4.068830578787737
-127.95134112865402
-303.5628054133469
-256.48041231331337
-244.82555302397174
-126.16413822263873
-254.0616729755228
-130.62803390192943
-1099.6842279879136
-352.80378752832166
-265.3232390400382
-134.339517681513
-5.187394938086344
-116.8794949142825
-234.6384960734198
-125.06918514648987
-231.4564182871728
-127.71069665412772
-120.40858614769861
-3.799960764307899
-117.70457497026466
-342.50918766114194
-128.28253718032332
-116.04230891336479
-125.54195151356454
-125.46519566111944
-129.7563395776413
-126.93205323589982
-119.05531039444763
-129.82258046919716
-234.1460309669885
-242.754052002426
-120.85184144667205
-246.3562355411533
-247.11541750910683
-133.93545223819743
-127.96429584998974
-125.49631425822234
-117.11902298529294
-4.837506411439321
-130.9536312836444
-235.5048323104633
-349.50674425381453
-122.41537847136792
-1.271186039359071
-249.59578810718878
-127.03808172402584
-128.55580322965562
-132.5719610005585
-266.8038276952118
-123.49492866934617
-2.4646935147175535
-118.29979757596202
-227.18445496008823
-123.11751682737525
-2.1228161473274803
-125.95179905631034
-2.0565928731244796
-125.3369231549996
-124.08639578669086
-242.99942672598718
-245.17188053334758
-240.41606762776098
-504.42032266051007
-128.88115010439643
-120.22192957119555
-0.3167527743260979
-124.94781135949188
-114.97857983603288
-124.71297458230302
-129.0720569534602
-233.75479072493613
-127.46170290265236
-3.0095219591961153
-117.67148771878982
-246.65164452102366
-265.73443635163807
-130.0906680891018
-247.15493243113576
-128.53651579883768
-5.320994290509084
-262.1123489849026
-120.17914341803551
-117.8632474890826
-242.86924361556652
-124.44071843051721
-115.86100127695649
-124.7950692145509
-123.01315503707501
-128.4434943596645
-123.59614160029419
-238.6850287759975
-119.03044118378459
-121.47829933309339
-266.31249056258224
-126.78615664605331
-8.213889276320211
-124.07955096185228
-125.03631803493384
-246.5606889155901
-273.7242754970065
-270.8310412900935
-132.29791316379465
-134.23932055845046
-0.7451374871031079
-3.1703857058647578
-115.78998061262669
-788.8041595969313
-225.6287922039854
-368.83950805746656
-123.01831535524312
-120.76822198478652
-3.285040017960806
-127.6719746411681
-6.822889310186429
-264.375188922501
-129.28567092070517
-262.38115861672094
-130.78701740773332
-246.82932323218844
-1.9733891109927302
-265.9410318586734
-3.949754019289054
-243.73380712392614
-134.4758669063645
-279.89944404528774
-522.6544240080411
-2.2562022962719532
-233.35045015079942
-265.0070178601749
-133.07273229763945
-125.08571500868545
-131.74082959282254
-243.60024322741117
-124.44759142144743
-130.9019930173435
-244.36728846045887
-225.8847146833124
-1206.514047886093
-276.06098991414535
-268.5842761121561
-132.2613015219025
-131.61955307812792
-384.50922128697647
-131.7967261665172
-1.3593270116361604
-1.109472070798863
-247.41171044188954
-136.32234099909803
-130.29526967434307
-252.43853611564296
-3.05874266879394
-136.79587008000738
-0.8343134208948222
-114.94549174596598
-128.03183465927432
-128.45708138540442
-127.02437734254065
-3.758356467540621
-1491.5122382029233
-0.3912400913493782
-1.0179971980282978
-127.5634214762885
-3.7779947553134208
-4.8428531109329445
-131.14238757678973
-307.17232403480153
-129.27395875318524
-1.1011278133759705
-126.76413085219608
-246.57304521155405
-3.741386774581886
-121.8696696552412
-137.91468813103202
-131.82404256632336
-131.58268679683803
-243.56307605109288
-329.3727934719719
-129.2841197751087
-804.5169411593006
-256.76894753816214
-128.39723873538338
-140.2267371556359
-261.46394445698195
-8.840081141463296
-129.90493997615627
-265.63160337646127
-251.31267997816468
-254.32732474603375
-125.23238194728353
-354.14235640814894
-129.1708080181436
-121.38019796679554
-129.65446719099987
-124.82195204267227
-125.84876570396708
-134.8241754030371
-235.51531617990426
-247.90187171448753
-132.14494514727878
-277.94591357625524
-1.6561949852486082
-117.32128457973033
-244.21558456126627
-119.93653440492447
-402.545571592115
-131.03336477997757
-125.05891501444333
-136.8018366576834
-243.62519443863587
-346.41510967944413
-239.95198179306456
-3.3985195151308107
-353.3301251102658
-118.59163572810853
-123.95538651759186
-10.822250119949725
-121.11098413387728
-120.54453243886907
-379.77160731450334
-121.31586881221878
-125.06180606429204
-120.82892745108268
-119.57998769617936
-276.7027979255882
-120.21351947998387
-2.7761453211298877
-241.66025930510665
-274.3114187377528
-123.50564154646818
-130.5111622479472
-261.55860673419716
-119.76245360951548
-127.59937452199713
-241.32284319827903
-235.07988016231064
-128.84014630731394
-237.45860411025498
-135.40988903482264
-241.99898458355446
-240.20067872447777
-233.81946734138168
-129.74451164877806
-269.11794557184993
-133.78676134142285
-126.58159627552384
-125.0795824143336
-114.048817075183
-261.4144690271781
-0.4867094002594217
-1.2524797162299712
-125.90800687301854
-264.1572198202033
-132.47130164682218
-241.8207976596799
-2.2547680961828362
-652.0650922505068
-254.9682382129017
-230.13025200482747
-272.5806591296544
-541.2574725849349
-124.32090806557846
-123.80294271560486
-128.323080322522
-952.4929643720632
-119.0417494218677
-259.356758213674
-2.2107664045215434
-250.28828951368473
-136.41233962285256
-119.34229361795254
-132.83148625598204
-247.9042884702551
-259.97654800495695
-130.40087404761877
-373.2026966303205
-4.683104521390584
-142.20233128402305
-241.12411895254866
-288.4516646535457
-121.5295745343177
-255.03560276006942
-264.5770093558983
-137.80915779652128
-5.765497090006824
-141.03828781734137
-378.1157203400529
-359.6300408696548
-124.81115585382615
-137.3726543224601
-128.31789527798867
-140.81559492857113
-140.4469204750658
-140.41744365868794
-139.84327088490173
-244.55084107964328
-136.96727828092185
-10.645810933470747
-143.20645322433097
-301.10144306695366
-254.30883704519852
-136.26819497775858
-135.65637249679918
-263.35536796453295
-141.59313347306554
-249.86986660945584
-146.0750349402963
-136.6364825826234
-238.73779598660607
-131.86066694064104
-15.265324804846504
-250.19783540530062
-138.360324500355
-141.5485374177297
-135.47777954042627
-246.41245830732797
-128.46460878665206
-4.388685965577444
-131.43543613687723
-246.22877784932956
-134.22997041971172
-241.6217361160175
-134.59074172347684
-127.41572297229482
-129.1787601387091
-131.90954967938836
-134.23858291122724
-130.63028887930682
-277.93286924710276
-355.5439387655143
-133.08674409203581
-137.8878100097145
-8.004869983202012
-9.377129031755437
-348.1956636899756
-254.89282867378122
-6.2021501321949035
-384.50896908158086
-128.16092577005165
-258.29266609422626
-3.124191688832452
-276.3964384411301
-133.6876366641165
-250.74157954975172
-10.676984605605497
-131.51667079748046
-132.09295906437873
-132.63820093042287
-134.23401968417997
-244.22612752396665
-125.03837429084474
-146.1907075091362
-121.78097599678546
-6.052913103089694
-325.19561472579295
-248.09300277340822
-245.34301731371815
-227.08931192428167
-341.82675008924275
-125.54711738087543
-386.61320051314755
-120.95303118020335
-239.79768691382597
-125.06318777688347
-126.60017105663383
-134.66428780888086
-128.89192510191714
-243.4322705981811
-251.79319005930273
-132.69441351162175
-2.90856604555676
-130.42235660661024
-247.9956471714507
-245.03359972224612
-363.1849568424665
-276.8740377856527
-6.276187636336967
-121.59750967691134
-3.3149091122357524
-7.760856748384328
-134.86897364382733
-135.1946357582097
-377.5288594429577
-131.13959266971844
-131.44060166269185
-129.00914402760813
-1.4108446206588887
-251.38487978549816
-243.5635194256374
-127.44418922859124
-131.16838324692665
-120.65218448682594
-248.38665917280457
-128.87192096619876
-239.87177589310792
-120.93002579858
-129.50442537003977
-380.5062382261156
-120.63347331558012
-119.17535286404225
-116.36686587340853
-382.6597196921184
-123.69807309573474
-125.21968527608581
-2.0726467032906277
-124.77270198517841
-247.22587842735794
-125.24317396484578
-292.13747627844424
-264.8229030182723
-4.511772278711252
-338.2235716385082
-4.750402911092946
-134.64576233956478
-250.78691194722683
-6.450087410497317
-125.7458508776984
-123.00860498185536
-132.58433919831347
-134.9969178661082
-290.24767872360206
-299.822377179701
-263.1977674300321
-117.95664745498974
-133.07380322607622
-243.012445751575
-916.37967899126
-279.5471568656799
-389.75487003776874
-127.61063163586905
-129.89487211713114
-241.21155866072343
-130.68991188642647
-247.1011949327977
-131.8398057037509
-130.48677203224108
-3.203819046537039
-132.70936401282484
-1.8896319213519668
-124.81327758422279
-257.84841484301086
-132.05600708006918
-130.67724625828606
-253.22054230905167
-115.77496906278361
-258.5414089330666
-2.943546856738567
-119.65941837623443
-249.98459798555038
-4.266827365461755
-336.9950222099729
-231.17596231485973
-244.7539200613599
-128.65407612086724
-245.72045382022688
-130.90454609091032
-287.22441066386193
-1.29890555788414
-128.79547372433046
-128.94251702344545
-2.495274214098195
-123.42149678518382
-135.61018654016016
-138.88873874974556
-244.07210300582383
-125.59248172099655
-350.4903591944769
-131.65431142292826
-128.47313363840217
-116.98924114958302
-128.34103547955274
-1.6750399906315288
-128.011423922082
-129.68171428356948
-123.39665234617097
-333.4866131569775
-131.17801675282365
-527.0392784872495
-124.8220946901232
-116.65167327067454
-127.91761294882421
-128.53943856611818
-242.85801503112575
-135.0995941789593
-131.21505463624717
-272.9533036514533
-276.78893740199436
-128.91399798550108
-389.51316712330595
-2.9500261989527985
-264.7214845424758
-251.2280878940874
-130.83694103832624
-1.6226437055093357
-135.6539216527632
-114.89461594854062
-1.5087150248804042
-359.7193333480981
-129.26224562934402
-129.64400612438666
-134.71571566360035
-128.57968540391974
-125.19626632913783
-1483.6491995322308
-1494.4649975593825
-128.5279473494171
-125.3736206553413
-123.94939453561885
-1.3897359834424967
-121.56518645612185
-253.40123070598855
-120.52995395337949
-361.9173976835812
-132.41074186395733
-128.36859654015836
-1500.4843474868649
-1121.0794089101225
-131.45471825258167
-233.27152059955745
-240.08866191909226
-129.12641470004925
-128.806797339708
-117.6884219620553
-1.3744728190612248
-122.46704091260946
-317.6625459519214
-127.46082715917133
-2.2907321879369262
-124.68669222523303
-116.2077606421877
-126.58812374739593
-126.97565538710879
-1.8752452017246244
-127.91707132091085
-119.16411331584133
-117.30275521781817
-0.9267930584278151
-126.28966640684035
-244.71699102460758
-1.0198760759132623
-129.4973678741718
-120.02757820881615
-130.92772841170165
-274.50766590015047
-125.74568012897076
-0.6764689331676275
-129.98974526546618
-132.12271978837256
-233.962682652494
-127.59056370874623
-130.46456960700232
-133.676494895827
-121.63661898109332
-488.5983420795933
-2.6867727716422003
-126.66997466423278
-115.06680831978915
-129.4684614790994
-3.334048340915913
-131.04608904458456
-127.02505702647883
-2.4936929920106716
-117.87609188768164
-126.38136661328895
-3.208941380310256
-119.5714607612541
-121.50632594602804
-129.12938834372528
-4.397260605803387
-223.83652068452548
-122.7432369321707
-124.98992810053925
-9.929580071283159
-261.2058233358836
-391.2418495948635
-127.03366280566699
-303.306509767925
-0.349793486318291
-248.81224896052922
-339.621172045079
-1.0476516023203513
-132.73431250444509
-1037.0653399584862
-131.83417767421722
-263.4405619165057
-1.8924154128894222
-0.8682644678344722
-1.0955498164192223
-132.08733947289994
-132.88837895419138
-118.01065113118611
-114.82517860137624
-4.688417722782059
-129.40046853466632
-121.00855692800324
-128.3223042921245
-127.54839372628165
-267.33392998553836
-311.699625402608
-327.7181951377921
-140.55676812243252
-140.02848309130945
-398.9272737462174
-268.24933851815155
-253.65783803159928
-140.41077390903334
-272.2687816417508
-136.4115177339175
-20.833213481440886
-146.93283555692716
-150.1311814936753
-4.138444123359139
-145.5980027915732
-378.470449766201
-121.13553464611562
-1226.773618995316
-494.82199373596643
-273.4580903147115
-127.34189214665392
-1265.517956481592
-519.6921703343882
-231.97145880844153
-146.13988530607222
-10.771726945188485
-131.5635209703395
-126.57585492185524
-137.3894977135558
-266.1994577505785
-259.0927417881845
-137.74743967622737
-132.00535128563857
-129.63092350991033
-252.78989416978135
-123.02115778650611
-133.0455592911798
-253.23547601922053
-135.566836518325
-114.903508866514
-3.3688294976512787
-246.95186576522602
-6.081807780122284
-122.36837128779017
-248.20957420250693
-126.03505883714656
-238.28412422643908
-383.87172679718014
-129.03953374099908
-117.10746736649504
-129.15775480268658
-118.68271203439045
-126.84943343119957
-4.525962340071494
-130.11936410845098
-128.0548885889978
-233.51424104679543
-127.95095290169262
-240.35940527024212
-130.61554937197283
-239.90442231183565
-244.40378807233873
-132.9189282482622
-124.92761050411946
-243.89144264520803
-118.6912445193873
-356.42697045193586
-244.8943648239192
-263.197738428207
-288.7068829632454
-125.67881345207057
-121.62295725549168
-130.02611065211053
-254.13492774207558
-254.6700372750371
-128.9135957328288
-126.88083735822588
-115.42975852424533
-130.11381661378132
-2.9255247394510784
-249.68040847885794
-134.39274860827138
-132.5640281465759
-251.19720487691947
-134.10348149368707
-128.34308956256078
-117.01380997296774
-253.15670314804754
-5.970891245435466
-344.54670841244314
-131.86637357464767
-128.54936192242783
-129.03732713526088
-128.87747519303363
-128.65759529540117
-127.44267703199976
-131.48743726501422
-239.1616847242438
-247.99098569981658
-1.4359018118185287
-130.64243422862572
-343.7096611326158
-242.24073181101983
-240.70016436764863
-125.34700889932657
-326.5315544603024
-267.2537646921188
-4.915070835056806
-123.06452898293587
-762.6885249574028
-0.7259124142855511
-293.1997236703254
-126.26123446046051
-9.191544059859474
-6.9248995513134775
-118.28337236866308
-116.52498734734388
-241.99653729534668
-248.67418791889827
-245.31122205304038
-126.45191825149897
-240.71116180459913
-384.00078632802877
-137.35054450299552
-118.60165048357366
-240.63366747964514
-127.99190258238886
-396.17474162045625
-129.5858827241525
-408.2618868341271
-243.88841119403736
-128.32108044011954
-128.61288503459554
-127.12283757338255
-128.6452153583818
-277.7178185362114
-128.64354106744966
-3.9217186687251706
-6.085516679394048
-131.14823624698158
-134.8783998947824
-128.8058302126023
-4.3293567965626485
-131.6180827364372
-133.0858253804488
-126.93794586489165
-401.3144986051085
-8.218440244887322
-126.42895235512604
-139.3030042305013
-14.559980847098398
-125.20229897895572
-124.03285323371934
-238.3937276100662
-124.91030554306623
-127.61682708818962
-247.74355919988037
-132.2753792010021
-139.50851978085308
-242.8484316333446
-134.96568441287343
-130.6464831639062
-9.930644771015825
-125.25641334993558
-140.23403629367445
-243.98627551520667
-237.9781000500352
-259.29503691694333
-133.58271543980794
-137.11906814477453
-130.10068025011566
-134.05116233365715
-15.623690443778253
-119.54885256024596
-6.204551913824175
-8.141921140095734
-135.47896123887222
-5.248049859170558
-133.21451904796487
-125.2045990413548
-269.1732444126959
-231.0228187978943
-136.11507620526694
-240.88381667537638
-135.45533416944903
-257.219885404369
-133.1788300219436
-135.46714683166792
-263.70914278220886
-251.7800992081445
-298.5148320346696
-137.4160668317019
-137.08526300275477
-256.6755321318638
-249.9174186194181
-139.8880880895395
-121.98212330740893
-143.35758837933935
-13.079478728961314
-140.50190954934106
-126.52622333670348
-325.48423287420513
-13.240110789487844
-139.15246218153098
-128.66215872540977
-378.06077297093736
-269.1122248238761
-398.8257634601679
-141.43197178312093
-265.3323871212196
-20.61480541932466
-147.77041914839353
-143.61870993257915
-261.34145278280135
-129.38694571739032
-134.1557796836851
-131.6397685875205
-8.003622166030565
-122.81534498796991
-251.56788201256418
-133.33321232932124
-144.9404258934611
-137.28897674977608
-322.3376054399742
-139.5532668431683
-324.44210581319294
-244.33249831910143
-274.222336261556
-145.34375093744197
-147.00006458425904
-138.22943016517974
-130.79814729052964
-134.4842694657662
-131.79496268057858
-248.90161087267882
-7.675567738249224
-132.92815012327293
-131.46523982666275
-136.92647376750253
-276.61805021709216
-261.3869742052658
-244.37754944316822
-134.02097157822965
-135.3651807003312
-136.0584455055357
-139.20623176424576
-275.0466503223212
-655.1154478139447
-13.56099837244252
-123.481691442045
-129.58643892059004
-138.4037457327323
-9.07854638099979
-249.15780564876363
-265.9856030210974
-137.28610639381685
-136.25378718968184
-7.657048596404591
-135.76617599653247
-6.176497483925959
-135.46695811652074
-8.079251870107909
-384.2119984984083
-4.933961017011648
-6.104493411554835
-241.50398112443614
-130.4376045503182
-128.6888850314852
-128.0371966385043
-131.38557782167254
-126.57107866610612
-131.18250535886966
-127.26017444158552
-235.94138363938475
-126.44763271625365
-1.7918514509286951
-129.60249375374448
-247.505465984758
-1.9650842078869772
-1.7790325101954834
-120.99762924550903
-127.41471136556083
-124.29369552398285
-243.27616503369373
-236.66807883816213
-332.77855735494427
-3.5094615539694742
-128.07769857651164
-247.78679028808367
-130.52853205273829
-327.53251028699316
-115.88578784150813
-128.356634906821
-2.285368002338935
-117.44679349591775
-131.56342382191386
-246.65127351569078
-124.55441231823691
-126.00974461954299
-130.81158699134045
-116.74932985473701
-320.98922416112725
-127.00798097944019
-124.33317773581504
-255.13918532582323
-243.8928313549243
-123.95151050019885
-129.8419347267257
-126.29482916577726
-132.2854666497282
-123.73974551733512
-131.57150271249105
-129.91091560036523
-3.345607997175386
-322.43243615677267
-237.87207578840122
-117.67680374111308
-247.86327986669738
-128.03304358729824
-127.56277245370646
-131.02370500179495
-132.6399365227061
-130.36316173049912
-130.30476548632632
-132.8688686160787
-131.84401225491396
-252.89876189947677
-240.6376337779619
-127.67086466125517
-130.87808474360872
-130.25852665948784
-2.6088542645352155
-2.6720320607301438
-2.968180712629522
-121.97011506117678
-302.86977068272597
-245.31041569387386
-352.55321719168745
-122.57238457541364
-130.6915644343326
-2.823032983356523
-118.65333667216899
-129.68643419012506
-342.80228205221516
-341.22722208990604
-244.9551042619504
-336.43509262691833
-246.2670601549034
-128.52971425220244
-127.07897106734582
-129.57988767343878
-372.34560217312384
-114.91930929020842
-119.76938056206427
-127.20756914449778
-250.79691813247032
-128.87886782706286
-128.77098665666716
-126.91698680381273
-130.89272351412006
-5.176462219899896
-274.5960197870819
-129.94097348229397
-352.6646709693309
-119.42914932554355
-133.17646972890205
-10.40210613745589
-135.7269814329811
-256.5856597804112
-336.7691941958296
-341.53582416680774
-238.27317555709436
-134.2435009927602
-233.18788947497447
-331.9691236817672
-244.83703647600524
-132.74688051349523
-137.46775804251192
-8.570738818359697
-267.372137493324
-3.5544734787627643
-250.81950937679707
-126.00442963082531
-276.9641896391122
-262.2692683847967
-10.567120745725692
-252.15104661633214
-370.3847484401313
-128.43623931174108
-131.57146319902841
-131.72805037005128
-261.36720118400746
-136.5270624876638
-121.36181335875027
-124.538919593035
-5.5212324128367545
-130.38579469714216
-132.3561283934331
-136.41540811863035
-138.01448438816098
-133.8975389059347
-252.27776121835768
-7.74959008283136
-7.457570819578923
-138.61219112227585
-1496.0372600576131
-135.43913264998483
-13.576957316727906
-268.3628144120251
-660.4121456840248
-127.85992285031425
-349.74145506720805
-254.32032828558582
-128.58392845796317
-250.67668215040274
-123.28563393337352
-378.84815447837184
-8.320161848232217
-231.71204608987864
-129.92003892889122
-1216.877041620819
-1030.8731677727112
-159.22609050319292
-277.4095165335169
-839.5731582308348
-982.5501936699114
-1058.5843683637763
-1065.2850205993775
-777.5812929822301
-144.83610065855433
-19.718539266587275
-139.4952731782438
-20.8897185563677
-21.21553439204079
-240.0372121654387
-145.64786249663555
-399.2844139566161
-259.9182475384587
-8.528991953452275
-133.38626352477937
-142.46241551646673
-139.50074664004717
-137.8243698490604
-143.36770728135846
-391.91192983511405
-272.98383680197344
-142.55240480000163
-132.51985980633143
-243.23266289809285
-7.1518906315747275
-242.85686728384474
-126.42946103178922
-119.74664154569855
-127.67378993942098
-129.96933716421924
-131.86839954376708
-128.99218569901197
-140.25900535047288
-135.4087589505438
-135.06423367149938
-273.2200452806205
-130.68941910492322
-128.87482052955548
-124.93082032574635
-121.21871920215101
-123.787094990064
-130.86404745465504
-244.7223539148912
-253.65924401475004
-124.36982362121259
-134.78747452121718
-137.65293591887996
-249.16701133830034
-133.37714484207254
-137.581107709975
-133.65509535700315
-125.68673162050602
-243.04527465272332
-131.53679123486998
-122.6860926577209
-9.999708746165341
-135.07706365122587
-356.57622012445876
-13.496382353338605
-135.33791376543584
-244.76109078249053
-135.5263548655613
-9.53575509468595
-298.48376850875474
-1491.470888950955
-257.16767063085223
-138.71698509155632
-137.1759095751088
-16.765541686710634
-140.12815518904404
-133.9374935704364
-131.58162212423937
-128.08071005909497
-125.18064188583125
-252.2320746303254
-9.931846836378542
-14.53020315892153
-136.8890260187012
-139.0048403917108
-15.161982054926806
-13.558883255613312
-135.8962846813338
-134.0944718201916
-253.74705618378334
-126.69623075325595
-125.89110874910988
-126.02274388193962
-10.587517376087957
-126.83843472321485
-128.27830682156838
-247.95805617733754
-293.84799983658
-237.5342206597869
-253.90530820008266
-4.028283073488747
-133.64088227707953
-130.00422421118736
-255.20414401190783
-134.73808523534137
-238.27917078233708
-127.13982409349482
-122.52983188335655
-241.70895697798184
-4.955148842299211
-4.789905742593424
-246.90023727163756
-246.66769426604847
-919.7042942967736
-528.8927927776605
-9.216433323784663
-243.37838813776517
-127.95062550963887
-137.31356062925943
-237.46582374415092
-394.0883956114729
-8.922224340129077
-249.87508018555712
-134.80701404763792
-128.95388432183236
-249.20165225506003
-5.343160528675533
-131.13448653888204
-234.14314666133313
-130.4158011875039
-252.05280264890376
-12.162630285202148
-133.700730908656
-131.5615352658929
-7.489777718161611
-138.05174288661806
-246.1693959017634
-246.8309690085744
-8.909234516942647
-128.20429685789762
-13.617389004672194
-139.04584061528703
-10.778869125014175
-131.01558800387886
-266.3975775420854
-10.012141286660373
-127.47760338965684
-382.0252757355199
-9.844017008234674
-126.95918223514978
-130.11975714986238
-141.2999953095088
-246.1792189095262
-134.94536902454186
-13.563849354927669
-261.89759292091105
-138.6802730614985
-10.547037485964124
-376.934232870569
-131.61872571070097
-138.36789050168534
-141.00096016782229
-126.78927937816957
-7.845615245265324
-7.241408194746163
-5.708741595401807
-130.87924071942325
-123.06352509946562
-125.89472472814714
-3.770752303374957
-129.07555989254797
-130.39679753965362
-251.0216798454822
-0.7685976493025914
-126.72508315056233
-380.93441277343965
-233.81450304219717
-3.362519355720609
-1.4932927408555279
-126.2135237228379
-117.15281219500254
-119.79950678501127
-126.09294743165313
-0.7290563438036786
-119.520085830088
-226.85516137790287
-128.4588425900557
-250.74596342686294
-115.37345113405512
-282.5004765995285
-125.01488893165534
-240.21246988604273
-378.69441817629064
-127.49586171232326
-118.04571005059607
-117.70360724213909
-121.82072368102888
-0.33055322376778934
-130.0124449490434
-127.72805977631401
-127.82466692022581
-241.1643602803505
-114.12288465476554
-252.27306466443113
-353.4058271146779
-247.93924233841483
-260.95027324918607
-237.51480690680114
-332.9492001759007
-1.1074912833843793
-132.78169819007223
-138.1897135180617
-136.48813031904194
-130.51666123726218
-258.93215279669386
-130.30214869443842
-273.4202062531005
-361.31668507635993
-127.37546810565487
-255.6917004789799
-132.38693438183753
-139.13250708839945
-130.20744138448396
-133.99969160133708
-129.18730612837768
-363.56020488725875
-141.3725247393284
-251.41238455427037
-258.75416153481524
-15.36052042067642
-133.20018711931897
-142.98390308763587
-135.38677195988086
-256.17554704129617
-124.62531911234232
-266.9723721657977
-6.551056768064857
-281.76788902533104
-257.1866816554602
-136.13362715195072
-258.9092794160943
-129.1551299068432
-379.07416524075455
-129.61752676527666
-251.5460432138376
-268.08817302748344
-375.0294525306249
-252.09453291580363
-124.3317390467611
-134.64195793836993
-129.82175197403012
-5.105565991393073
-135.94213998174416
-246.43608154716532
-245.18206116418085
-121.20980212762385
-357.51859855472617
-246.35073304049888
-131.35828512472682
-352.85237829476955
-2.096724072566215
-276.1635955617681
-256.3575023024322
-0.7857997089245099
-127.48567976851074
-1.0335368177144324
-350.69709978482274
-113.72644342991973
-317.169974589254
-130.16921924511882
-353.05669398109956
-130.18691458332208
-127.70912396881891
-129.17924795454022
-131.57813716789627
-6.034320156360295
-123.63862234495942
-127.81025119695013
-147.08003792413783
-119.36325206115445
-143.72581468069842
-6.440739644590987
-123.67036390315009
-259.41323239086574
-241.7112327528072
-135.06390111324075
-245.49732817067095
-128.59923840045352
-137.82305302075204
-135.83512414570853
-136.1800672815962
-2.368575278869495
-134.45552996306958
-132.45190605039124
-141.38960955582473
-144.56667721880075
-144.48039951700656
-12.820127569727273
-245.2185269581606
-141.1864530354247
-135.83934311563803
-135.41856076971598
-245.4475287199522
-138.78382541946692
-140.9649620610117
-12.257623867647183
-14.071198264412612
-249.63054361002062
-15.47349776046359
-11.343900941798022
-117.50042808980594
-244.79393253298298
-257.76672311423647
-280.6819265880655
-253.23507641588918
-244.93041981742604
-250.79972355178313
-136.3072541348851
-267.34861962990897
-143.22627047421634
-140.75359009459362
-140.84015166133509
-125.08758161119668
-406.5198879639682
-258.25696218651245
-142.7780485710505
-136.2683184503898
-254.1361427938984
-139.36306372930486
-247.02652136216358
-13.030039697053807
-5.828591887627327
-4.976379177505262
-131.23031730742147
-122.67688624849482
-244.9381084837109
-258.4827297447184
-131.65116351829622
-126.83872381533143
-125.22005361118889
-235.2109921461818
-131.9105541929754
-2.06752742436972
-125.26145640509046
-372.8383085537796
-124.20230743421467
-127.994003239425
-232.56693977543708
-239.0352579908631
-115.94649290606617
-251.6204219519949
-121.02768384278968
-247.8473727506212
-129.32659266128493
-116.23970709646629
-119.18727815145964
-1.6505323537080465
-131.42650770992358
-247.57910178919764
-241.01352604775792
-123.50455573537435
-247.04268132023353
-129.28055961828835
-246.80252605928365
-125.69064345517889
-119.73913262784178
-242.18730457867875
-122.47564342577392
-267.79029093531375
-125.81412115863687
-259.06152130382236
-134.59123381153333
-1.4569855842834152
-254.99099783239146
-239.48775619628324
-123.25128091484528
-5.217662266426282
-116.23348930233722
-127.61994585397605
-129.37713304749172
-239.91445627963003
-354.6767119361635
-131.02489553914924
-257.7956359555561
-244.55555893881413
-254.8464656301857
-133.8973573178418
-6.991325803613309
-114.91555327366305
-131.1739617860529
-133.34642775580306
-4.400145388567117
-128.5364553111355
-127.95765443210291
-129.83360883260934
-6.1473198913564016
-131.46656476348727
-245.46516533325962
-117.15242465663205
-115.42466562279617
-128.50857246123846
-127.21936562427426
-135.2437470514269
-136.28318393231316
-257.1918891123012
-132.75871482880152
-129.93112318582314
-262.89724000525956
-130.7115379787396
-8.83857972266001
-526.8437017902962
-352.17731853008917
-130.74220707604633
-315.01563282065604
-119.2083888394806
-128.72504366490082
-131.00253217970416
-127.67950956681018
-128.0548645535782
-2.2455886111572694
-2.8113907023268525
-304.5555869917391
-255.57769476279736
-126.43342275209301
-7.275805288277059
-138.3216729243646
-7.4673685671098236
-348.01294073731395
-301.5843953898849
-295.2441222805346
-137.84458325253817
-128.78679655185977
-132.0973476611032
-127.90428361804724
-10.695291814163813
-140.49776264238253
-257.21338326972057
-131.92370356765585
-382.14395095981973
-260.6428410077486
-2.085206615562881
-242.67549358830598
-126.06886590620721
-129.70600526980817
-128.6153112584386
-129.8929784354454
-130.5335476438052
-270.2506330159636
-121.53518931146478
-244.741845750045
-1.89057842849122
-117.84709561523346
-271.41049448791466
-3.7170945060778364
-3.553913594281374
-124.99288641431752
-2.8766838032251303
-130.18551988453325
-130.5428953684227
-237.22733930950912
-134.91981220363994
-131.8985208095268
-127.67066803203394
-245.4790549940578
-385.407842669056
-6.802764840700181
-132.40138215506138
-254.30166079704733
-251.80328767413243
-3.464731989013876
-116.41040827195958
-248.40124774141762
-134.7515470776409
-134.87295287744587
-132.5867030544971
-119.83136267516683
-137.66703119185414
-121.58136388355524
-129.97217633210502
-128.25928821449037
-129.84716777656064
-5.382844611894668
-131.91736632790438
-350.18436917244196
-132.63838258213474
-4.869511154668811
-142.5054086926491
-138.24774071276704
-263.3266364734701
-137.95143529609652
-10.585147935392278
-345.89072470373856
-346.74805065449635
-246.89376614165673
-133.5931602749952
-10.718105468957273
-904.2297268366307
-359.82849734074426
-319.3014505465029
-133.44643383835844
-284.42596916541754
-8.18702905786867
-132.99531044117427
-274.6689156886724
-8.19277460193563
-135.2068357344004
-249.98212020622103
-134.0949467299186
-123.24299220269495
-119.74120028744493
-254.3727818561862
-6.381392464346136
-130.33753250362668
-355.5022220488919
-119.15243379569
-383.8468239219782
-134.6093606779168
-510.19433453226964
-10.816171112918752
-269.88265381832605
-261.99660015278556
-253.38242741345007
-332.7902963202227
-246.03019965073065
-140.8016825560253
-137.0947445681398
-136.2712529024355
-125.87422366516057
-244.4637096876604
-15.06447143144789
-5.64736267548915
-130.6140330811541
-253.36121793075617
-362.9250739962848
-277.50297004128015
-331.9629446874957
-133.63779814690136
-134.08151326163483
-245.94813089765094
-7.83942008162156
-7.2671091048987115
-133.32836879687144
-135.95113432322
-4.0185387983214325
-4.311102349454479
-132.20029815074702
-6.465719128673357
-6.248601273401766
-135.20082247202438
-135.1755053599904
-345.80506838734567
-131.92756013464242
-132.58740371001855
-126.3897597131835
-130.4012787541816
-134.16264313883082
-399.420516644156
-137.60772656022436
-126.5201865782445
-245.49958131587456
-144.2180618014313
-135.04422950711526
-135.41649720547412
-134.7501872224907
-6.327342970653435
-4.932707058620506
-145.72583218121594
-137.43310362195527
-321.6058423939935
-22.481343253001402
-125.24251056836775
-129.4280675152068
-256.6636854839649
-127.46014151588378
-130.35310745893662
-1.4809541255892789
-2.2072803246472494
-246.81878705095826
-349.1733519047352
-117.51738358686292
-126.83293847656861
-126.2293557752074
-126.49909687904186
-255.99100493154418
-130.28604804509916
-258.24937966679227
-302.35184829131686
-126.26977758777954
-2.329255658397619
-126.68571637271059
-380.6068118436992
-368.2730757391912
-3.4680997782086522
-257.4338085821976
-129.99862749310316
-660.6354974231174
-352.70803207247985
-123.47232576428603
-1.6765896195485934
-124.60729676257178
-132.44063249527048
-128.5332461948118
-327.88439763466715
-259.88433768060344
-3.332315682639802
-131.34264024523463
-392.73233738502273
-125.28210477713539
-359.8444379224944
-4.360375644767722
-258.2590954519822
-339.7957885034277
-7.3158598573899205
-276.5654958733907
-133.27763910328713
-7.73175637969801
-138.08400320278196
-132.66608624163968
-264.29131637428804
-119.66924321059201
-129.03263926374368
-129.49967923514686
-4.560589752395311
-128.84677570883238
-119.04305760523465
-3.823274446954841
-126.93686340339077
-126.31519466919757
-127.57030817952004
-128.65015371889456
-252.13769694199624
-248.95983226909937
-132.21251649237277
-244.32696863371217
-237.00807030622886
-117.63333499713022
-249.50684243461134
-122.95066521351453
-119.68611166593143
-238.9026191130069
-129.04262134599801
-127.16721124505594
-130.7209667721529
-116.6366425531282
-3.225677349924442
-119.6598468223887
-121.26929322621312
-130.6562740518868
-131.24814342757298
-3.8543116130373956
-131.03179639532567
-245.37136638236873
-129.1368205547013
-132.98788613396164
-244.4065866065676
-245.6086735320133
-951.0198606837594
-128.91014611651
-126.23390901124033
-132.19282840736167
-116.12763121466011
-130.45919056927022
-126.59704539613256
-2.3742089675426654
-114.94034635855432
-301.05802725921063
-251.22178801460308
-2.8921451464377577
-119.20995812062205
-233.83309965984216
-132.29421750413417
-135.22476801811655
-134.11435805102192
-133.15498889452996
-133.53535446367195
-253.16637853034288
-125.5437839452338
-122.27327047206578
-248.3807820739657
-4.782859256569923
-132.1492753421194
-122.95440304017616
-414.99579336708075
-243.14446795044253
-130.59743585323395
-242.38320989825965
-123.20276664044245
-116.99824362166812
-131.63761219580996
-241.93095331191378
-117.37653627919369
-129.5133557959103
-133.5651155018501
-254.5205140690807
-1491.0315739820567
-323.451888242977
-118.17586853070584
-132.78571455894655
-132.05260698970525
-6.791214596326691
-126.37993212394875
-127.91845047313889
-131.1441776940562
-2.7384209266647916
-243.41262551103847
-131.85160367814092
-127.50220945123222
-245.52766868201064
-116.23847979808981
-120.67386382882775
-264.14145526066545
-230.54421683407065
-239.7457684771604
-3.7806702302300565
-2.7775789598133795
-126.75539668857273
-128.53944179356122
-127.7843054929035
-3.065406042465508
-2.2729400757386014
-233.28948739049528
-232.5868247541648
-126.12046482833402
-1.8493420722514549
-239.31219353683036
-321.72151979375116
-128.80893794716172
-2.5684457205797977
-123.07862148309526
-124.79952170685033
-117.06922554318743
-245.65113198240041
-131.09602860217817
-125.26491446858407
-247.19398334596897
-131.47663072680024
-1.8076101034502885
-126.65868594902557
-119.53095085955884
-223.52049588785275
-4.638490203483987
-367.3950837453683
-230.48434145479283
-125.99858961447175
-281.8476675524885
-1.8181638914620089
-117.70980856607716
-128.3200581275671
-248.31644943622828
-248.19827839396086
-243.633620631447
-124.86546184489796
-249.80637378812705
-1.6616553760432535
-129.19563418252528
-122.84368808043145
-132.965504436992
-130.0707618240749
-118.28225295522583
-123.14242233796443
-119.33646947973871
-116.60350604049395
-121.86236611188058
-245.3081456895526
-131.56591507748567
-118.0025745320815
-132.80936624181783
-125.75379358082007
-244.49096387089588
-236.24727974352996
-238.66950840085988
-238.1975752276755
-128.3255233790364
-1.5887372862572895
-129.8840019980922
-395.8029369515511
-133.91246104368628
-269.748153144472
-134.3799781922219
-261.58777952181777
-131.81125828781796
-231.87680998558244
-262.9116642025099
-132.88063885234504
-124.00706221954351
-131.43099350668894
-244.9362360099839
-117.85544678188991
-134.58791160340496
-123.78239946742876
-127.53312123695325
-126.97013598156046
-134.9031901918078
-131.44058606610812
-384.4105947273733
-257.24586863458916
-280.26449596165907
-2.365197367830902
-260.4600263073786
-135.04585839968527
-122.33277397946605
-131.5352605673363
-130.24655745463028
-129.7569583455336
-129.05064638598304
-133.9206434580998
-260.6238263619164
-265.1443760036437
-379.5170534994998
-413.7713469169393
-130.43000704017413
-370.9468029482652
-393.50585428752373
-3.359428699118821
-136.8907897898046
-131.07654884203694
-254.64012168088126
-135.2874545494057
-283.1206454389249
-135.43183504007996
-268.8764956314461
-2.590190565962274
-133.06712275930872
-138.2330087076425
-132.68117359038996
-124.08104978822584
-136.0801272999754
-250.16341053262462
-129.79018984098337
-132.48177564932217
-10.200364342838302
-137.58279480367554
-368.6609449814795
-284.4167087522149
-261.0709176465713
-138.60464797767233
-281.4605588077103
-10.530292837034997
-135.4207476590884
-136.59511641887266
-253.23487842382522
-132.3769426924948
-691.001879481739
-278.3347255408589
-138.4638643274387
-1490.8565243005728
-304.7515825039719
-270.7112173933341
-142.85673694564966
-278.26529077510475
-136.35136768583655
-360.873402095792
-135.33660927842897
-278.35190251059294
-135.55446970586345
-130.4240006578343
-6.375848576124619
-122.99506338519957
-278.88471512868165
-136.37638463445876
-133.65969961134786
-250.83057209499768
-249.28042745614184
-249.40631069458254
-130.12531343811423
-399.20546531840006
-12.045957122846811
-353.35415772117176
-142.10311974025183
-130.60230961362967
-139.01338216030632
-391.92986540851695
-136.46725012908263
-127.76343122921965
-137.56311912107955
-343.2297090207885
-141.10817204069573
-294.25795179334995
-139.66608792573405
-273.56353006691234
-147.8582945486779
-145.38908861067318
-134.8451297450301
-359.2601838640575
-136.56754011009423
-142.70552145891156
-132.95204171191395
-9.026781384794583
-7.1587547934801
-5.762170366794741
-249.02791557520868
-242.85726755270974
-129.9400578879452
-135.28697526628096
-138.54208472262462
-129.54593650471688
-129.15795002502182
-239.62292002112707
-126.28853772379587
-335.99880535429463
-130.7697110283589
-135.2527187561959
-1.7724638643818076
-131.80651734851722
-132.24092479776056
-131.07435480525095
-249.02011399391574
-254.7099230440349
-132.17028144210352
-133.20789659732387
-130.69655651660207
-114.9361420040489
-137.42742907796907
-377.5631402056746
-254.02356530289336
-131.5633985922178
-116.79121719288364
-245.15706167865113
-3.018431838884555
-128.31446453606458
-2.1227321518345765
-129.14997327249438
-363.23600750772084
-130.67607470920763
-128.11113742548835
-133.91210783576278
-320.5002771359491
-132.65232396390766
-321.10338635688174
-137.1628502481093
-128.61506691930583
-3.7414890994147956
-134.46466340762933
-8.678094996261452
-132.09773106814055
-126.5164480737513
-137.7128373329619
-131.76051308056037
-136.4570044374007
-136.33634648190903
-130.36827082130148
-8.540432602496056
-304.10121294707125
-134.33194821429706
-133.4125821847113
-132.1433172302654
-255.41586596711656
-120.72598443784693
-8.536071534262057
-250.89038986316876
-118.91433414182674
-140.2245829507446
-140.89372202004526
-144.1913636096214
-140.92678600944865
-142.7225312430972
-134.7963914629552
-140.4973437971395
-238.90410006777344
-142.00601569455463
-140.18296524657347
-142.51911837573905
-18.166345783461697
-128.12954812993206
-136.17169645515847
-253.9631531980249
-9.28222725049665
-9.762070692898988
-247.611616013154
-255.26730204699044
-134.48170549424196
-8.102591383435039
-261.9317704600982
-141.55426062166848
-330.22612152147104
-139.60840464888233
-263.5494017093183
-130.81860732547204
-137.7980481952762
-10.061875158515983
-127.45737469859091
-134.24003484841958
-7.954414615237721
-130.98075341686254
-386.55047990700143
-260.1011363499501
-254.0286370126933
-8.138297146821486
-8.303644903630168
-131.85213238578004
-246.15708603561035
-6.497521676423205
-126.55446751575559
-223.47936743109386
-130.5730753107669
-244.89133256109224
-122.95340476546525
-220.45929811282915
-130.4582581530992
-245.88966780115447
-1168.810688852772
-132.01468484260562
-129.92865766592257
-134.32317982136456
-3.267824760117202
-245.7079224264342
-2.6780636354028933
-133.08524464420046
-115.75587878080037
-251.2013226083626
-529.0214770544206
-142.3082044505177
-17.93969790768383
-140.5684644224287
-258.69721350797454
-139.98209890764414
-144.7571849237135
-126.4479560660834
-138.50647171628512
-140.6091228558641
-152.32997199787766
-359.60059159877073
-306.3873741712827
-143.55240891453343
-13.247429871868857
-250.81856601235287
-261.58681474667355
-135.94593607777455
-136.97986129139207
-135.08874846433815
-15.111545726786916
-139.36161069208165
-16.18791157494734
-137.4762614759037
-134.57849395582375
-143.24798797087783
-147.0173362132897
-143.07873721904792
-147.0114645173226
-23.688842587356586
-482.67519746113135
-146.914948733346
-20.109271644839325
-239.03106354452675
-550.3845466069388
-819.3609302253146
-409.9867454061215
-777.230723237175
-523.4710676847811
-144.64921838077285
-132.4403073401986
-8.615322980931317
-131.7334239494186
-133.81366281811066
-7.267549072272126
-139.18963364014192
-254.04351639451522
-140.6509295371941
-1497.4956370563418
-135.57398477476065
-246.47747712684037
-118.23571374213279
-128.33870411700067
-129.35262936479367
-4.591849309325768
-134.50596708575506
-134.39597183570754
-129.3795049435574
-123.66870400992534
-245.88510248697233
-254.83650761514144
-226.79310889726463
-247.61105039535934
-364.7083718065663
-123.81606984531192
-378.8381482356478
-130.54171806602662
-133.72506638192425
-123.43966968374468
-252.35187888182307
-263.05449510685276
-128.13886332787072
-11.013920350324884
-266.5910968341223
-256.39551351885433
-255.30855493393761
-491.69796117662634
-262.7174055897083
-488.9748638022334
-255.93266075558105
-300.2409510214086
-142.27662738158065
-130.61960053247884
-129.21131387897583
-237.60139018721352
-138.44294770972297
-131.69036610792332
-6.5742265877062875
-134.34415855687772
-123.42975348266803
-136.90626503401256
-9.856221509529766
-135.5571585779529
-137.75124807740312
-134.1541199758182
-377.13271602841616
-140.21139667928864
-246.13915902270458
-250.09972732174745
-252.0050437440287
-6.453275332980985
-341.99538427048213
-129.85903790960063
-253.72404808927232
-131.41340875514484
-5.687647856772463
-127.302195713075
-124.35959591134137
-255.57852352464178
-115.72043088532915
-248.54981495514485
-132.9512188725153
-130.3515624722873
-282.5157798251286
-250.94936636337212
-125.04234257446782
-126.90197259588668
-132.3199058919095
-248.79927674585323
-127.97899100219546
-115.39804014233547
-130.82354330958182
-131.95785746981926
-125.94738645885346
-247.57154167789224
-118.82220957651478
-4.179677499525623
-131.47119852893297
-129.1891752574015
-241.3824341834377
-124.54085272048853
-232.51287602358983
-1.4779841928521564
-1.595012384373479
-127.78264477631606
-125.84540014250297
-259.24778479955353
-119.98880241130573
-134.21779831870114
-122.16744328049933
-785.3595567221644
-639.4014181413221
-1.7069773468391278
-2.2233264338439396
-121.57869978004618
-1.290775082013481
-128.94316009666136
-249.79813001395934
-126.70905771687653
-129.29461485095385
-119.31300383205291
-1.3029884806985277
-127.34125154647093
-345.57411017868515
-130.38113964083564
-128.15410344569923
-127.98374104106271
-127.26744795452916
-257.0240618711173
-5.1432382743214635
-127.77957526463757
-246.6793611164175
-129.44303224106446
-129.22613650907826
-3.3018083762506616
-263.44383275309093
-251.942999406488
-5.384474851004614
-5.545742076523329
-136.43793387541896
-234.48106633976505
-133.60888302423152
-120.53523771955248
-119.14209756952201
-265.46111741758665
-242.680320131393
-130.1562476493902
-377.78969120738486
-259.70732057508076
-126.55147293344623
-268.9993836341724
-2.9799523301586874
-520.8925566095638
-376.5202989999635
-243.28302561275075
-378.3702725158411
-279.92677604758865
-122.41737040792721
-262.2115109393987
-3.31867621796396
-480.68033130854616
-266.48009840288745
-5.498976192415009
-505.8470808427583
-467.06661116887216
-133.02390887211877
-264.24400386264983
-7.703924012681351
-491.5762289365445
-3.3358229033648317
-4.166563888764579
-263.81372319203183
-520.5900723967791
-3.29672216848608
-247.73060637779278
-523.8897732185648
-267.100344650544
-261.8938255885062
-129.02792749558694
-268.7623231176552
-501.3126032898206
-132.01706725527592
-498.93727367561644
-142.77946824396506
-268.94890973027117
-136.63166180114857
-133.60553201816376
-131.69538899325534
-381.3002957715862
-130.72784882640357
-123.05433532198894
-9.530873549860248
-242.48448028758526
-502.2710653751771
-372.883512564818
-257.4841521116358
-7.155494313522543
-136.96073013847243
-391.05965486670215
-384.4574708092408
-268.0185190195498
-135.92841835383564
-500.62742133013035
-269.4719676091299
-14.819001164888686
-140.96661767721523
-275.507731324028
-515.4884104314137
-276.6447238273136
-138.3812049736954
-135.2840959124505
-8.265288879668576
-318.40073809363247
-138.23063782264992
-130.81140298010064
-125.34233025912799
-132.06555426240215
-371.93644323702244
-260.16691928137936
-272.73279219301327
-273.2083435028085
-797.7793689368781
-256.77694707247963
-8.242628594796587
-331.8536899386771
-262.25849482302857
-129.84636416819257
-2.332097528952017
-255.7120359754912
-338.73910879273194
-128.51555067659217
-254.9648908500601
-1.346105729869317
-129.2371561168469
-129.13880031918467
-130.61623058451744
-126.21159384252054
-254.79384914694617
-389.34704085230493
-256.21729564401767
-256.39768667950085
-130.82704629162626
-238.68947596502917
-245.52675086929446
-233.8862402418404
-368.2392726170993
-250.3377938400454
-128.10296049567688
-125.79367143907228
-1.639937905651416
-244.89987057830254
-244.40262882626027
-1.5124796874117716
-246.73232489772803
-121.27517271700842
-130.6948101327793
-2.8303971943822206
-252.79702874782697
-122.08597419426982
-130.7574432355788
-130.71964530781048
-122.99141622973072
-130.85665019294908
-127.51979839954427
-119.17116429019708
-358.1662927160389
-245.62423153051645
-7.880846522123075
-249.6438098450063
-1075.6647938626752
-781.4585010873673
-874.9929989025425
-890.1316332498606
-1040.2152500069335
-1262.8128611329705
-1364.1866164504802
-1568.445800545616
-1484.3222868622831
-1608.252185322949
-1628.723455646341
-1547.2114452263688
-1392.7792852073094
-1232.033124034699
-129.60915634213646
-1258.927623407445
-792.0846213622831
-132.24436743088066
-132.12609224177524
-130.0456841259866
-1513.5457515895796
-2.93342979758646
-1387.1290659533115
-1365.518625686425
-261.5917138582607
-1232.8872659175152
-31.59172933015224
-832.3700899529913
-664.2294318425821
-789.9789518183096
-658.3656846752007
-507.10597456878963
-515.9513615979699
-653.9263171506074
-763.5186214972828
-517.1232969794452
-1490.988110497599
-866.5766227912483
-130.39317980213102
-252.1920828962082
-136.85496416072502
-126.77942129460936
-120.34880564259983
-348.05625608723784
-126.7494515067877
-269.8267648797625
-136.50498294962208
-388.46875233671847
-262.43104347071323
-124.53072506552671
-136.3755549880993
-262.05128063771963
-10.333452919207014
-145.0732124403967
-341.47100663302683
-139.38086224174367
-133.132336397266
-248.3002286750587
-439.9181238828764
-139.5995032612604
-137.22215338630048
-123.80021854597682
-7.927008943004411
-133.2162541465135
-140.1761996650975
-132.33858674033812
-135.11384047560634
-246.0590689430036
-131.31709799542233
-134.14235544019672
-248.6052538123154
-496.0743563973349
-246.6434712198103
-334.57086981750564
-256.78203156102694
-374.89325928902974
-262.3861110900966
-134.4457547929968
-117.36018341190405
-121.94888648199763
-254.27286851121875
-281.989453700586
-247.41136409480646
-363.75680337651403
-130.03069241393447
-4.5852939294208825
-131.89002753032398
-130.9020545721711
-118.3512970794223
-135.07180618623434
-132.80108099340524
-138.7788786764031
-134.6970661504876
-15.239057993417822
-262.54790317408225
-130.81959203559614
-257.6777402505326
-3.0535200807897924
-3.206458986410861
-127.04617956199813
-120.48120052851256
-117.70152544974235
-9.811724534684416
-124.64117773963979
-122.2708288700346
-127.05138288381978
-329.4389752701594
-133.0289338528587
-242.4422289975717
-242.74298673610846
-240.44781319365373
-239.13156459612657
-131.43188108293927
-249.63504409077325
-243.44910789342444
-248.2798667358169
-254.9292105971069
-136.03110825540315
-132.95458190596912
-247.8038870062598
-127.4903804247863
-3.0952597133955146
-133.76124065115752
-251.58474112047392
-130.2007025159284
-130.01349927577903
-253.53127953432104
-132.6362028014289
-4.54242506418513
-130.01395134215414
-132.06681183797036
-119.71877878204764
-131.1354225649239
-123.33217226411108
-132.52146566282048
-122.96073416426488
-128.00493386271214
-248.52602476155138
-136.36802806501785
-136.5569298195358
-246.55420971280938
-128.47242142209137
-136.42418637155507
-273.34486259725213
-135.3552345236846
-298.5314564227211
-6.942841736805078
-345.16047734522317
-6.356434640447911
-138.7996974366112
-135.87622529893167
-120.10526666716757
-120.80350315375215
-121.59814862338641
-440.87198421019906
-237.62942348712536
-257.58870388135676
-118.16193581892969
-249.19864947326698
-257.4807399708188
-241.20825724112683
-250.42269279607163
-136.75129847301218
-256.25478467302986
-259.2173759880853
-366.79891720534306
-139.78453900322586
-139.15687305107605
-509.8503284157046
-507.1160654557654
-141.55906993130267
-347.4351403761883
-8.818679428567872
-8.574781225279763
-131.58000229995415
-134.21655920108242
-251.58705071176482
-354.4101168778691
-317.6597458009015
-133.453260869335
-264.182958090651
-134.69707737607837
-147.11483750687685
-334.8018461745942
-129.48042470404508
-251.47516168559787
-131.60334056165803
-4.877601569143981
-251.15418079231196
-126.26563287287377
-247.9494021282186
-130.42006865620374
-336.03829548691454
-128.03732683273722
-388.382578255953
-133.39327260127615
-131.584609860398
-132.1837785272189
-349.55418818426284
-129.81731572580216
-371.1713483325915
-236.680465489931
-134.1197668816713
-1469.8557803517547
-1367.3328056565545
-246.79864565398722
-127.52364773279955
-131.4051888512672
-264.9021952671446
-280.24560598080706
-247.1155635540864
-130.18684360638585
-138.8301597007344
-137.1172354389338
-397.6996281066095
-136.43350167105802
-136.2568513831907
-17.03009567715942
-1185.6629247811436
-9.473370986567572
-6.491294191721104
-139.09055099828373
-263.30598023915417
-1374.8305359049027
-769.9615043091811
-993.893776028701
-131.11148721194954
-239.51632922788153
-127.0064326943415
-2.8535488777822637
-243.66626278599128
-124.20343638038436
-251.09265218649776
-131.7593064297099
-131.13861265051034
-253.99177939102867
-7.828457201624107
-133.81802465282408
-6.25630420924129
-254.2734129502954
-13.084688372711101
-134.79194758626286
-135.94633243380758
-139.64830059651746
-269.72878686653036
-128.76181585395344
-128.84502141183424
-129.67118928612757
-125.21918684311552
-249.53358346233335
-136.40951961613752
-257.5650650801061
-136.86400284103985
-129.09360580436507
-509.1260452465341
-133.79578465381482
-128.13273427227156
-248.92097053386016
-127.03522062820988
-130.1108253092329
-244.50515826529607
-116.10725806871719
-128.3895646632947
-116.68421828328377
-633.2469781211297
-244.51523761664944
-2.8140899969214996
-358.2304657234431
-4.739028238442124
-126.2708579845806
-128.19596052411237
-131.77765650925298
-255.84457793849063
-118.7101831735732
-247.54801976989893
-3.7415535914247338
-131.18870198103244
-121.31901497595615
-260.9567340732079
-246.69914021760832
-318.51575544866205
-652.3890671274921
-1491.6095291358422
-263.9931624022115
-129.41201740984144
-119.9563948536888
-1.7989863490219749
-242.25285037210222
-130.8834129733046
-374.00104655800845
-360.80756854384
-238.25030140745778
-3.532766845178398
-127.98201794952722
-122.59422557393454
-128.90806979404957
-1491.2454783525757
-365.1074086967066
-127.85116965501264
-646.9150962769945
-1374.80272922513
-989.509870780255
-1513.9050957714317
-1423.628454743891
-1517.8312050399043
-1522.4020108450334
-1477.1222745642956
-1297.334023699284
-1486.6208461479573
-1370.6766832685564
-1075.943095402389
-753.414802431771
-632.7850171690247
-630.5855572980663
-130.07183994880486
-124.36916836433153
-125.37595308991018
-246.3589246963847
-129.6143082247658
-2.7644485482588905
-134.55351857014608
-6.072393926566328
-372.770797672738
-256.8376235415827
-245.84194578646282
-131.86547293959356
-128.25952120315264
-4.928573139616987
-239.6311298793658
-2.240474720892133
-123.49551395319094
-120.42192213310216
-127.0315789998018
-321.9456218287559
-313.4098647095795
-3.195907152844197
-259.1148656221464
-261.4669455626604
-273.14930882322847
-138.67633786518448
-135.82061378635686
-130.42871132500187
-130.75230624279945
-318.5267179604791
-245.39476086167596
-136.18743378746677
-327.9353930278762
-262.2784855625903
-269.59671056428095
-126.84542369513457
-129.44715292626333
-269.3845229872934
-135.7119850368889
-132.01960859792257
-136.88214148245982
-255.15224230513235
-251.804026724098
-130.0992677984076
-257.8706247006818
-132.83045579076673
-257.3917335584774
-5.052541338587393
-133.1407310421408
-254.96046083863774
-6.176442867183601
-142.15791335501083
-138.22229998362792
-144.8188492926619
-141.86035763100455
-15.07966657283836
-19.25614946402324
-253.846650915271
-136.19804891619714
-361.20263299105164
-129.7332284159957
-121.25545582403792
-4.464698282213639
-129.31995773737972
-355.47253839890976
-4.582241600679784
-259.23379515288286
-131.94362372590612
-6.306833574488562
-253.08237614281003
-5.123779710440392
-129.85227963780594
-254.7152413425071
-249.21625524754572
-6.741800659401312
-123.4741745753204
-5.24641613095952
-133.09849950477889
-132.47050196650844
-253.33879776960484
-128.20640020180196
-131.70413505491967
-121.47877449724793
-125.69254657333451
-130.78501009727907
-2.7157623539884166
-246.16467489539428
-121.54612220538267
-129.3190518088666
-132.7924906222114
-247.78719229758036
-375.18507427885675
-317.19893886580894
-124.45623520047413
-2.7149247985597054
-130.50222121580285
-252.01915784277023
-124.39260014168825
-1.9886044194445671
-254.93891898464813
-268.8405123859611
-257.6330992271438
-383.92065082404946
-5.183547845575098
-368.9530258591945
-372.3060350803845
-123.69150687383605
-367.6905865933411
-128.8652538243207
-386.53666504458215
-134.17364706859811
-132.99437779444034
-18.254996510712466
-259.81707589618884
-128.75152671208974
-374.5215677469786
-130.01970364348088
-239.1834881364652
-129.7734933896673
-244.51146758662338
-3.2294257091122303
-5.01409918184309
-255.2683626879188
-4.452016995543522
-132.014237450427
-127.81919973360174
-125.11725751734203
-128.80739812094643
-374.7852183207634
-133.49767419356755
-243.73359913946658
-249.3228561375899
-250.61328223549341
-119.45527016663765
-329.9364697605312
-4.4511646121309285
-1217.332225063938
-261.5303060216912
-123.6757514321496
-1219.075614134958
-123.82220640587295
-1265.8199360654185
-1272.5902846406157
-1185.569261104115
-122.84235560960727
-2.066886703549302
-127.46720918045047
-119.0732047767983
-250.7571557440667
-316.39189210462234
-907.5741870243816
-868.845260136607
-794.2701728863843
-765.5090037841194
-794.2342587888038
-652.5593915404743
-657.3131651741896
-614.6957106813503
-510.27748886953344
-257.98057307828805
-245.00004594109728
-966.5969935147058
-1239.6826609033405
-1217.7478724726748
-1249.1522034131553
-1263.0034121320257
-128.99021391490976
-131.9041375944318
-6.21528714713846
-129.937401151694
-277.92962816813736
-253.75008509951883
-130.20450024092486
-130.55548073115568
-247.99190563324487
-244.28913548670334
-251.81726460386295
-120.92101295878459
-137.77634248028653
-141.0697036198104
-132.42679499296906
-140.88139920405948
-136.21862679594216
-139.80827164980747
-135.55281225672906
-245.9245582704966
-7.903947318607104
-147.38702403779445
-347.6222333215349
-244.762607013687
-248.54154579155937
-120.30623491906151
-243.52388597600063
-387.18109294083223
-2.6334312383552367
-246.39664564046672
-134.46438849826058
-128.6640746003254
-132.11314282758383
-122.97850773996629
-128.36352352126823
-241.72301841005026
-251.08162016646634
-1.6728329593621547
-236.09191583216955
-243.40379997603253
-248.65266775072573
-260.61170127488845
-526.8950612432058
-378.25181914815045
-256.84221376910625
-236.6191626156179
-4.98583760608236
-4.0234582930077645
-223.35870037413218
-122.84055473320184
-130.51962230359717
-127.95217017856137
-459.1769653848279
-231.15071581623326
-4.630340433818183
-237.88091862384974
-122.7543047173563
-125.31253104286314
-224.1510878385337
-133.5974598403817
-127.51035346655206
-128.04858065865784
-7.214188414665112
-5.7164595246482595
-133.15351621775878
-134.59027139503718
-135.6190061535769
-9.83534048819983
-251.80167520468365
-231.07430643115023
-128.84530719003382
-355.21664435396275
-130.73174024803743
-245.84493438547298
-128.05812553211712
-132.25162984696766
-249.14444638978188
-130.7728099399444
-251.5792926589893
-130.6457400517606
-123.98924632851609
-130.2045260768178
-246.74247086517977
-125.1757625461405
-118.16793390896456
-224.12466474850618
-129.0491981858765
-243.17662949459628
-117.59027563273453
-127.8030334349753
-125.40048494410311
-2.470621482965701
-245.59763058084647
-238.3588700032878
-502.8719597544965
-120.91786310632776
-1169.1468572721612
-5.044658903357593
-4.990585154849414
-239.44535688222854
-782.2532904500309
-117.00518742814589
-223.23166698691796
-124.4909341641888
-236.89386350090228
-3.5322573808687276
-240.75212773263118
-244.0246914686303
-123.41304324658836
-4.5401871897964
-1035.0050939311843
-127.36813911892985
-932.528615400631
-234.57095057886804
-130.09326218333322
-1168.5076489744463
-1180.7812761467683
-1212.5938764526538
-1171.9137343814052
-1171.8505197092443
-1172.556514315294
-1161.3652307826992
-1173.9776016234864
-121.27220007332517
-122.6882815250632
-8.83725044246622
-1121.198953246357
-1148.870586299087
-1183.3471217958988
-3.9025296572328547
-1064.0778485700357
-1157.9788471662562
-123.46366992105392
-130.19536144045102
-1049.219495667748
-119.53030840889947
-1008.6146678825589
-5.575853243972479
-1211.7702417424987
-1061.6506042799417
-121.37296972571374
-121.84968391717119
-5.799500575993939
-122.79522781404285
-125.24031441500286
-118.28021654514306
-1145.022408743376
-1170.3121659439184
-122.63507565118537
-5.72612248312371
-941.2233436101078
-130.81698625095336
-250.45775248010364
-243.2446449988428
-135.11063706933396
-137.44530199251955
-251.63688154030942
-130.51917205194582
-962.8704772901732
-821.1771454180339
-247.70265942244964
-18.731354499185155
-1069.833141310515
-1188.9609051735752
-1228.3082056663563
-24.498051237086145
-1205.2068956961102
-1227.3654603522796
-1206.906187831626
-1208.1278960706306
-1200.6213164942133
-127.54605756648222
-1216.7481357768825
-4.898404101487788
-1100.3043785271773
-1085.1463006520391
-1164.367785154439
-1125.2380726114059
-1044.7618692088854
-5.567655806728899
-240.92358308701634
-1055.7003346584509
-1191.6400092847964
-1190.3232847634847
-1216.4811547852448
-379.52784794009165
-119.45228503605341
-260.8574984729262
-912.2201642976898
-936.4484601670371
-945.9824964422359
-2.319013919959594
-1025.233968086288
-1042.0984883711685
-1052.9066079067952
-1120.2154492649825
-1051.958712551664
-1029.7932943661676
-1061.25708766571
-3.474879059508089
-999.0786642577772
-2.6546639711483566
-948.8759324576356
-1044.4963832495189
-961.3962400160489
-928.4193585708832
-9.853626123061966
-531.1388081558085
-785.8500775718115
-687.7752796136792
-261.12509099166004
-257.03988455042895
-138.99434481708892
-779.9265405402647
-396.5888518147528
-10.791530339877953
-656.09308532226
-918.4066782956588
-906.865505748479
-647.4360053812572
-248.69888455463303
-384.7042820079898
-269.0100210357454
-2.149851179503242
-661.7720441789955
-3.0435643398424697
-124.69114412171211
-135.35434900080094
-376.62488224461254
-326.56464402896916
-380.10568901644547
-380.30007585041733
-132.02985489179807
-265.09656338186414
-401.4654787013488
-144.07277715161453
-126.17821286172952
-268.33316352736773
-241.72927023782677
-20.580657491476504
-407.44519620995976
-427.38069520276485
-137.55777681640592
-125.62105228334471
-127.89312735902814
-11.275500827103931
-7.623297362874795
-132.97151764741403
-6.379740940136518
-129.35522930950373
-245.32535143480223
-118.85469614593082
-370.8889798278196
-382.80816029746387
-119.78492081613116
-263.0243473479001
-5.494389784274831
-263.18906769142535
-222.02670453071875
-270.0846450616967
-280.0978864943052
-371.55911624657
-130.26233166056608
-401.67905084971477
-778.1512008519843
-808.4453397129264
-339.032959112478
-401.44392970487905
-1031.5965459511629
-258.7468692626838
-529.8197759618156
-397.1053136392215
-165.4266329858555
-371.6571689920831
-263.2136002103263
-133.00137486617353
-133.67897417746556
-259.29636646449245
-383.86356649259744
-376.7521733320187
-129.40622103361656
-224.01623273767606
-377.38890606807644
-122.02438172050113
-259.3697214269569
-22.59101794852465
-327.0161653716029
-397.4059938412834
-261.1975885436414
-266.1684093594746
-130.38485235195932
-131.76874783600763
-12.593929855826216
-383.64333535506927
-135.89024890053085
-385.61901531781797
-128.68354486709097
-388.48551939471605
-253.78132227703364
-381.52583127122654
-14.079719620205596
-13.090862228460246
-385.95715060212655
-423.3420473235564
-131.71136230651516
-265.4966162120898
-284.13406480825427
-408.4470419938471
-13.993022970514081
-257.6148766899434
-128.53103250835161
-4.39092352036239
-9.043731230405465
-118.49850783324132
-3.044399523605501
-230.22435373225542
-128.60633960605415
-119.29759450313558
-131.49840491248068
-132.7230967949005
-250.87262039119253
-225.19779967847194
-3.6265908377269755
-132.51087464680296
-119.5840229043208
-3.990313744476206
-124.41546411375332
-402.20164155168504
-2.892627978384018
-122.71358488117596
-263.2149029415753
-124.84719779930816
-137.12254769128688
-7.377413173149945
-4.985458107418401
-4.994565201920301
-4.365962731299007
-131.67041185593163
-419.321722534892
-7.710802591822196
-264.58252775923626
-132.99222915175665
-3.7566993521711223
-124.0851568017951
-135.7897962535887
-255.96073568781827
-268.2650453956937
-11.765112638484908
-510.41478509414037
-10.225636105149187
-378.9871777510069
-378.97684217129614
-137.55252930577515
-385.2370513955335
-115.18085862403471
-258.807530091977
-4.0454688128307215
-134.4679666747363
-2.7898823353665407
-135.96718346543182
-342.44787053058224
-287.9590099792521
-273.4671607824259
-252.95570005883715
-231.75182239062806
-259.0439345991393
-133.44322885119234
-118.0689905468323
-221.19598335146915
-121.00586330752178
-4.584469875185928
-264.77122391526757
-254.6310296340609
-4.700759444491708
-9.060070389164304
-251.20518587520667
-132.16719750747504
-5.255750742208805
-363.74836550639
-139.4983490356319
-379.91159183988987
-129.95749663222654
-261.8960767099498
-390.1399513344978
-382.47942694013983
-386.0828706704132
-270.6899225902113
-145.59805667053732
-390.3100364615962
-397.72058425494424
-274.87057610473266
-429.0514270519987
-283.343610364854
-394.74414523190535
-396.868334775064
-274.5727438408716
-394.4831104320082
-406.21472065260866
-254.714641280095
-23.06136212906148
-20.573763972671816
-260.44101197717157
-149.96411805472061
-366.4238418465629
-256.98251919905766
-133.67666616915454
-248.77740372488176
-248.97350672182344
-7.608888773763509
-321.17460123546766
-245.61794660165646
-387.6882937978914
-372.2945107715816
-5.603016133601956
-129.01969517431718
-251.1631950393102
-262.0077613568582
-131.4615215927498
-4.654170371607486
-240.94360684645713
-869.0201363611365
-384.25707768200846
-768.7530448683932
-359.55175769982577
-140.50180159316344
-517.9934763758661
-269.27939443050803
-135.0465502266936
-149.40199102212614
-393.9823055827854
-420.91895001683883
-605.4721459599575
-398.1554519942185
-517.7177227546764
-516.8994632475753
-870.2780346464436
-787.3245405760737
-1200.744167066067
-1254.1888050872299
-1201.5229253419664
-1274.068513828144
-1203.265545751311
-1007.4097641893381
-1198.4278145527574
-1341.3642453437972
-1419.720204109805
-1499.540637804062
-1460.3634580338205
-1470.9413601837277
-1413.023866888893
-1552.5281689370108
-1368.1355428294278
-1517.1637908465352
-1377.1944251410346
-1460.8482386846301
-1535.170243123034
-1461.8674400662317
-1556.0225643430151
-1486.4011624790344
-1356.5424381262517
-1252.1253165876558
-1229.9681599289186
-1235.9933497665656
-1078.8713098801063
-1077.9118643541497
-973.1794894155526
-250.5868005116715
-128.82822339771954
-128.96959800738819
-250.22487897751958
-137.16503878819634
-133.0191610103006
-133.98354935712513
-238.8716352554574
-138.61007852467952
-508.5679579265315
-136.7264731448001
-256.62388136319424
-128.03689406647032
-143.05603633930136
-19.57671083192002
-141.0726606383867
-141.30366197378066
-145.92064982494225
-779.1643066435165
-697.116414163818
-528.6259978099923
-524.4463401563855
-536.0801698640445
-706.6674259849732
-657.6374586388877
-646.278543697722
-657.7382476946095
-393.1033011786076
-517.3610212878226
-517.0763662668462
-523.2930573245384
-641.7340363892745
-767.896025097898
-399.3271498115617
-261.85129802040984
-286.242923677359
-138.39883248766066
-16.744367203978324
-134.40882100026562
-12.637112122907698
-349.7212265858706
-134.3869972656273
-245.90269342781284
-132.01039923197047
-246.8451687366998
-142.60332364160055
-125.84251587040303
-125.34017446322348
-143.54998037163878
-18.663578826951003
-1030.490068077165
-10.264758392630988
-138.78483822744087
-136.57980117350607
-9.450443002780819
-245.1534873873696
-124.48858748005676
-131.56588740648377
-358.38075641291823
-259.19818616157556
-263.20232462168246
-128.4855225210165
-4.112576729934049
-3.637622595641353
-250.04759954313081
-130.89953753671614
-304.68182583252144
-118.82939248741225
-247.44504938818892
-130.31103653906192
-269.80739777409025
-119.7031705417789
-127.73349319219786
-340.10527098195337
-131.5872010275748
-130.1406837946214
-251.47143055294723
-133.4973033169202
-7.6036400463739255
-232.48781658834534
-329.9798812649993
-359.5014212368333
-129.8847889533698
-126.88242371023613
-254.33527011485185
-256.8215072485234
-251.2022502478428
-245.2605819754312
-130.3761979565618
-138.52582909140574
-131.639220299915
-130.2410391640044
-122.85625671205824
-387.2018451725423
-251.11692730102828
-128.83866452233227
-122.48335445765791
-129.76019308032372
-243.52124482207105
-252.43379188938883
-3.1262311949856936
-120.29057052540192
-120.29227853557539
-126.53417610858448
-2.8335475133433206
-134.6759680698062
-126.99246342207218
-126.35089739669026
-250.07222659379497
-379.0290580632885
-128.78638176330662
-237.2807561524656
-4.385765669736058
-5.677814891251847
-246.8809572737175
-258.09940729866787
-115.31222680693973
-134.3219987092622
-247.8880919633366
-132.74660367322176
-126.81761667697793
-3.0452391016122
-248.66217860978728
-255.3367982016962
-247.22687428042337
-2.1514017144927364
-1.807684368550232
-3.428483907968017
-128.50555755647414
-240.55908051869213
-264.70598511221294
-132.48206749007386
-383.3099820481763
-378.7128359939841
-1.7094864937220244
-131.88437636559155
-134.92841670467743
-126.93817775192628
-9.449292364911416
-362.09254773333737
-126.98320534709114
-133.27828827598535
-246.6305156482078
-1062.0258740789345
-118.55904269978312
-258.22816681981936
-137.65914546322043
-130.4089038933827
-132.43167423951567
-1165.3319938754994
-232.3072411558621
-120.71259715900594
-132.13465353076973
-1211.7678186880921
-241.64514830941025
-133.2631089019216
-130.4072914635128
-1300.9778384338376
-246.839718608063
-1330.4779088611106
-1308.8212966947572
-126.30157272724047
-133.52676778275602
-1341.1168386698116
-1442.832063190602
-118.41162881847896
-5.8501056813393735
-132.3995943768504
-8.15497430205574
-139.53100700510387
-1490.9139744429617
-7.954587094148988
-124.72452356334121
-10.810880043111009
-8.061921286343502
-142.01857840587755
-348.4842361954975
-261.7052294324074
-807.390233052972
-139.25904927030086
-20.431542273673067
-133.48525393253698
-660.131114980118
-135.15347360060863
-280.7060856515314
-20.949945116448163
-142.99287020407033
-1352.7601261617988
-1060.5223197994767
-1297.4925119792197
-1097.3034039175836
-1036.362699174685
-802.0835179291414
-1070.4280616928277
-646.7422399119725
-799.5746463470558
-1036.8328274743694
-956.5908114308237
-1024.2792194692634
-628.323181194574
-610.3705769961281
-509.03225761734626
-381.7490980644023
-15.105580487582401
-7.397619229995238
-1116.2121922605866
-1061.6371300459143
-862.7824335414365
-1.6554029292906538
-1493.2956709526773
-129.4043998509594
-963.9417881375656
-2.542608012387231
-758.3826047610843
-123.70272744058087
-630.7765837777164
-373.9564524730843
-256.4521906285793
-519.7417684722267
-251.85830110856114
-868.7550580221535
-249.5634814938454
-1099.3885015087262
-8.87735259104634
-132.02453360246594
-946.187549412405
-19.26417478131879
-137.68500783406054
-959.7658043116243
-490.0546592571198
-254.9435409197165
-620.2150521111214
-369.5728274979469
-134.60141500061056
-486.78590100480454
-725.1196855571646
-594.5055547633916
-606.2585353902954
-958.6655436153708
-967.7330630822564
-1060.5733722040982
-1066.038692898943
-1079.3121206026753
-906.7468602234817
-946.5615259730779
-11.526204854807375
-12.485662930838398
-128.32283638031046
-365.49916879495413
-244.4838181455916
-634.170911441537
-130.58750387842207
-10.24428302493091
-365.27435223388346
-368.06530954252645
-248.41540273897357
-131.86451822256683
-261.68893459544415
-482.9929853086724
-612.8599893459545
-125.5078790804386
-128.1037055559047
-608.5788429207328
-511.91298311145323
-130.4226609924226
-126.1762372346024
-9.285051038505856
-127.18133387615342
-130.3312287525155
-11.362968776061447
-127.80663839883798
-141.59824279200998
-1054.4350782482004
-255.82508377682527
-127.82526787701768
-252.85284338914877
-253.74772423015077
-250.9353120280117
-136.98182975728866
-264.5338307372513
-17.435931451850884
-140.4147317349651
-16.332277686068764
-275.06686100065053
-660.2708310642494
-252.33464561701103
-134.34087579811933
-124.53049449590706
-264.13104457477147
-10.74542688880665
-14.09775555426687
-14.227194996745627
-142.5510337475137
-259.0165487941677
-360.0896455575066
-365.09710460948344
-309.4130850140362
-143.1193472605143
-123.31901464822953
-2.585325432629711
-1.8129008060903562
-252.49420469054485
-3.2854341490504093
-122.67927515842308
-376.16363678799746
-377.0492981428654
-116.12317452266728
-129.98285624361634
-247.0494412923388
-123.05030349815029
-244.00723164976552
-255.15845130766684
-123.94950748067144
-125.10152412414254
-254.36467005122074
-383.163481302076
-128.37679978470373
-2.5007400719714816
-124.56207501646638
-4.720800419894768
-383.92264576513105
-5.545599153150496
-251.1027955808742
-122.80997262469786
-130.88055028344482
-137.47411554947658
-130.28011805758987
-127.5695590117635
-126.46186127744852
-388.70392679137836
-119.4602993395113
-257.0559606478684
-2.0962141534446794
-123.70916180820909
-294.23990200464397
-258.7116252746169
-137.85794428906613
-1015.6582648335127
-841.203792632517
-1055.6242690345323
-121.22232292742892
-927.5715707535387
-921.8701521802365
-5.098937169697835
-1000.2947116528436
-244.25224296763668
-236.44601649340288
-246.84608377075944
-2.5595463835549723
-376.234914843865
-129.94115856929528
-1072.8118308975502
-1.9639298925457092
-120.32083214075325
-238.57015438369123
-252.4451839507298
-122.87127091926104
-231.59788540694603
-242.032058098374
-255.7203908205581
-241.19507288856855
-135.27307452301125
-126.50283826466242
-229.0966948318504
-134.4541894763102
-7.419354174286223
-254.0234267024315
-133.48020021277512
-259.25680819657134
-255.52905768091279
-359.90779726867794
-473.9088170542324
-366.6267495564513
-630.9386151612723
-492.65283988752554
-250.1406509284205
-249.52973843730422
-490.9132458307397
-127.07320005148316
-130.98496005625023
-131.88700301000975
-250.9283578201177
-243.63605186697598
-252.72366900280102
-512.763842748197
-386.9711373990345
-15.1469985632768
-744.6971954916028
-389.0670359821962
-136.10010816898924
-138.88804502855587
-138.8557382085887
-137.84481346853545
-137.4761219751623
-251.78613775299772
-132.06191108859224
-132.61935902922067
-135.20388442079516
-130.2224860674907
-136.9024005870194
-245.99582823151826
-255.84916294280222
-265.0501916051946
-258.48077142281824
-762.0965143089661
-249.36816938168266
-252.93405937591865
-625.5266441324086
-254.442395650423
-262.3078592070599
-248.27921714485274
-251.94630845121324
-773.9888543610055
-384.9666972907542
-131.93018534099934
-252.5242008856348
-510.7750201328857
-261.55029449753187
-8.667813994906316
-258.90415667412617
-133.5569693225596
-366.99144635801196
-261.6238086294309
-132.00224221712165
-123.48040006451026
-5.500927984349497
-127.49695686970155
-4.327564658315408
-241.79669516965942
-131.17053623219752
-250.28076350609948
-125.29263510894388
-361.5126202742764
-268.5050711383731
-372.7050235626013
-137.11524403116238
-271.81528721615723
-525.7455571570983
-140.94711439576736
-137.84056479343448
-263.4210566479775
-140.96430592537791
-319.77518554637675
-9.415532294167072
-269.5918462267313
-254.29154734209996
-263.8352682145164
-141.24771558825665
-290.8751938066011
-139.5124771060633
-137.11345068598757
-268.0290199800562
-5.453687820682351
-131.7990494907598
-133.82694567228577
-259.3073338213425
-251.1258874149773
-254.05369526994605
-248.68928200663035
-4.932833520506171
-129.9485918352585
-249.82030512751507
-246.93707544327972
-244.3477534050194
-132.91624211038246
-386.2826570247919
-256.86983598717103
-342.1214989297091
-252.45379929463306
-386.45750027626474
-128.55086932362303
-258.13667738085576
-371.97712530826027
-253.3616469361361
-258.8388398161205
-131.71721877438324
-3.0109622950966792
-256.6311665224358
-128.87577396853771
-250.48937409327826
-263.0595502452732
-361.1929511716205
-250.60665981203593
-379.0454041545346
-411.27190324428346
-4.977458427095923
-272.85225288582836
-361.2567809450949
-345.9743584664474
-129.82187234371017
-257.5664195132671
-354.21369958434406
-266.2945749075514
-654.1587162515385
-259.9298017764436
-134.4444015221409
-252.6949351887852
-254.03515128543387
-128.19500404003406
-663.0181219599503
-257.9231853054777
-264.3552231573705
-366.004703697316
-256.95480266827815
-247.1082932235772
-1070.455966570615
-974.8852741897433
-250.6885377998962
-298.8349482062555
-253.63868780084675
-260.0347217720446
-129.48469510725198
-7.8388650600848795
-128.07914090619195
-139.34336543802016
-139.85472441049956
-259.670613909381
-382.5182930619427
-258.63183545412915
-132.4725475663632
-941.6419889267731
-1037.263978917824
-259.6094945149764
-137.09895561890926
-138.82377118406532
-511.89193589457483
-382.8726791214917
-494.53517775564444
-272.2495333723502
-136.16201551496
-382.50805791772956
-13.966125166953095
-272.69908895326097
-530.6530753444542
-407.1300841078764
-269.6722300454484
-263.9977250150268
-364.170468842373
-373.02186415301406
-133.32340936320847
-136.43957086554198
-276.66984399694314
-279.1143794736259
-602.5803997127028
-536.3975321084201
-269.67269887109944
-366.1510203588686
-257.80687721034315
-251.42819563815658
-137.67884921020152
-126.26104310708789
-926.2029041597264
-127.8289289111054
-917.2246034434751
-122.87697017529463
-919.748687470444
-262.93613129001915
-129.40305680201826
-139.58346188834392
-130.26889206148033
-135.9993957644726
-126.64061854309996
-362.8788475617042
-2.6533144019096335
-124.87621969467767
-127.26569046454154
-124.93819416983916
-4.640486974980294
-315.3697746104284
-121.11196850693493
-121.37489487288337
-128.95078108939242
-347.25224430017244
-130.0305562465751
-931.5676991797336
-132.61507124743218
-1072.1923109953088
-2.231899948250797
-1194.797332171452
-122.98889343907163
-2.896435202867934
-4.662774573746686
-128.16853035712734
-143.1241525220018
-126.80477687139246
-1147.5085443809187
-5.137421785347571
-1076.7901646081032
-244.29980783757154
-128.01646263335283
-3.965453730353005
-118.42591613233037
-130.75091118809064
-133.06693241320824
-134.35478223338077
-268.83619307627686
-1000.6935381537694
-134.5478362296904
-253.25093786147775
-916.2274422776271
-151.3048772086616
-796.6069609117574
-128.09375614589268
-235.97383298223738
-124.24091880679043
-136.0588119060086
-129.39333311398076
-134.4361320401176
-134.1017326465258
-251.28143908294962
-334.4639650575533
-134.96202716669794
-2.741858241369756
-137.84773636431882
-262.76404402627827
-1015.2248830299749
-1000.8797536396851
-126.45107854453344
-246.00544399052666
-124.1313139729322
-919.3134171078591
-133.50839900909705
-135.04235626993622
-1090.6851181859229
-1061.731826697762
-1070.682732878931
-1064.908472169328
-1195.472880920762
-1076.1337233489032
-941.5075407276536
-1052.8179472490199
-1054.6560114794606
-1028.639132427293
-658.505457304462
-990.5000008250161
-1040.9678087238863
-138.41338844265678
-141.38342260499888
-129.8205560812399
-344.41855242768196
-265.0082808466222
-263.190197838213
-348.95597154683566
-267.33721496129505
-3.1989158766264736
-129.563762776041
-374.80135431049325
-133.11654187410056
-246.34398477952612
-1.7793560266656425
-262.9986779175867
-242.0666290722518
-267.4044702243361
-264.3643099922807
-266.0013577159367
-129.37148582498895
-133.33272518525294
-262.86881181399406
-520.5950808352934
-259.52445679907873
-325.3179662885265
-490.01455735555743
-265.8072526792265
-131.42616115418025
-259.3343255048195
-131.99030459992647
-131.00954901502823
-251.39088505005404
-257.27889630270516
-514.0794597352635
-240.63519278347619
-129.5563904145844
-399.5905195909286
-509.2023255686412
-322.81750644188446
-266.9497909895338
-401.97251483646727
-265.3053418056715
-130.66990323735405
-268.22394104394
-468.7611466581916
-525.8112023457417
-350.4713678150418
-1040.1388400879648
-631.8547516274006
-8.999438737592007
-10.123029776777967
-395.3552136312754
-390.50723803324604
-518.1305661067527
-2.187084346508672
-640.4284606974517
-130.4688102044589
-905.6505021088553
-480.20060435923114
-11.467462009727589
-513.09615629203
-7.6862568068557
-130.55889772770925
-263.64031389603235
-129.66416135376164
-6.0034891154843475
-127.5327200146754
-141.2977846441474
-267.0015296386517
-137.14390014874226
-352.9123041332436
-129.47432565452272
-15.019594311598244
-856.5818498979241
-905.1151249611843
-1089.394461254169
-2.319826892547422
-890.4311528438682
-1114.213550076284
-1154.6420743045328
-1029.4689179314416
-1089.7480764776894
-898.7572712381964
-889.541222274471
-893.9747749368929
-962.548668122284
-773.3769617314018
-239.27613442489223
-605.9032244361987
-4.162591557182173
-902.7115767861169
-900.4471049103487
-924.0021124427147
-1080.088438282106
-1066.4605225619187
-265.0977636245989
-664.9196682435457
-609.4770661000831
-266.6268400873274
-779.9298261273989
-970.3463943185849
-810.930432202614
-883.3672825614918
-896.5439313532257
-1.9049242738499785
-383.74757747298827
-784.0735511410498
-926.2912578333629
-930.4390098752965
-933.203161277755
-880.8534498081694
-927.4366743738781
-772.3303824101733
-979.5050923097625
-882.4070662131335
-969.0864363396164
-868.8266972225862
-966.094996487371
-740.0796176874319
-975.2346501830237
-867.0168846229842
-896.7800562110218
-632.3850177123799
-858.9888789248049
-631.6462639472904
-751.8318936500581
-802.5848011214334
-124.16242021593719
-381.6377164402949
-258.491372371152
-759.0552203194023
-783.1077262360094
-878.4263779767715
-621.1477727885679
-770.8368633403113
-255.01491148202223
-610.5274384041803
-252.57107783432363
-493.19024602053275
-137.9902055897596
-354.66562448728155
-385.34737484206084
-398.711282798012
-446.1107822025077
-376.2256447370234
-250.943005274115
-387.967530989385
-396.8216638606714
-684.2120597929435
-520.776262437814
-379.79153518696864
-399.56193246601475
-262.2542561382897
-12.23257545153926
-135.6296716618651
-248.20906598404093
-271.4734507613393
-129.80415010168255
-139.53294005972035
-258.31877734571884
-356.61949027005005
-452.22741978095667
-243.91619826321812
-262.67427959006795
-244.14528272736413
-656.8815926889231
-533.0185264158588
-755.2042532843991
-770.5070275115115
-656.5030637691273
-644.4959501814963
-727.4569592257785
-900.8467343547941
-992.1124914553807
-1020.0833277028394
-640.9094018725192
-490.4684819417479
-655.9302527181986
-521.9933952164704
-520.0527413628879
-752.6459705094813
-782.1557807525536
-647.9579530653428
-768.0047645738998
-929.9768549064713
-1033.001067170335
-821.5128382500885
-650.002062351343
-665.3120632840498
-753.6270049591698
-758.7286237218283
-821.9449394055958
-746.2156943176782
-910.6249286931154
-923.3973019511351
-932.3785986521063
-1039.18999670856
-933.3799576762447
-876.7211628868067
-524.5648799666792
-939.7792919301457
-636.3024731742695
-655.9742809203876
-772.9287840169965
-654.2296850317798
-913.0749021818547
-758.9126771390249
-770.4433640294068
-776.5162874031955
-768.2677944412499
-1062.7360322873715
-1057.7280492381872
-119.54210701403511
-1190.9979076912166
-1215.4244986651192
-234.9638760667437
-1219.2808300458337
-235.48328746054435
-122.25468832156199
-1038.2389607665914
-264.79469282914096
-250.08155365335125
-930.3150485033204
-238.93184342332376
-248.46132386432546
-237.77841832193485
-929.0290424580506
-128.54910240262805
-126.45304778260895
-249.47990709938205
-936.1058903251585
-949.4554110448048
-2.329926734672949
-916.9886400446436
-123.99404158713875
-1.9858288357963536
-2.420667258488787
-124.84190325094177
-904.7539037984423
-991.3707367187404
-247.83276891707237
-902.6738113566834
-922.1295905150483
-336.1098505225747
-844.0393420941657
-127.00687317169945
-265.2068610833565
-549.2046698600118
-515.4533038209497
-528.398054234541
-128.76444631395208
-248.727479251491
-244.65773435488308
-3.4808903133023703
-667.7748389925263
-119.35969934527819
-391.6763562568091
-361.994025575876
-129.1630873399151
-393.0524226569115
-261.07943325567254
-237.55902237301805
-510.5864552986324
-129.1299597998715
-120.77789951524309
-655.1583072253617
-138.26092796669977
-380.1722202238464
-357.69923167342756
-264.4516165165781
-609.3107231658608
-445.67429671755514
-383.95689127250176
-262.07125476546827
-13.253888250160678
-138.74293936127071
-268.95139434908606
-259.03521263669853
-16.753226035811995
-135.04898211489936
-256.8264760177186
-254.50215588164022
-135.2778660330037
-235.02402748262298
-137.2323320526214
-261.40378614914715
-330.8113813004392
-132.13067644183832
-124.42322204127107
-127.86143800868106
-129.86904455493428
-134.64422136909818
-229.21707699647484
-124.82633891583532
-372.477256406643
-4.608187225674133
-135.00595811228519
-127.46420396313694
-125.30815714895357
-246.41631476557845
-228.34406268586363
-336.2844624885359
-131.9340930574336
-132.90759861389606
-134.76635369113012
-128.2634039631019
-133.01431943809163
-317.90440821965313
-134.22761737018476
-135.10466766421277
-11.932576979735515
-344.27101238935364
-125.9377862620664
-140.27075340220435
-269.1673947512344
-12.451633331655
-126.45203562201803
-128.57870942133238
-133.64444167853344
-129.4601420126641
-6.308997442239666
-1044.4263523656284
-128.49852593985526
-1077.4371338989995
-118.3767259360625
-242.92786592738963
-298.8214122502537
-1194.8097116156282
-1213.367019270866
-1221.0903481874864
-2.9312044824948207
-1194.7820456044706
-2.2520560800818683
-2.5537485240684243
-131.27310350467798
-2.293412371961624
-1165.8938795420388
-1259.6176873087513
-130.73945808542007
-223.20406107629898
-1069.2921076663356
-4.043119378073264
-243.58439188434542
-2.3695894113165257
-127.57135819719741
-372.43103669847795
-347.83893692483497
-250.77771697353907
-253.7674418675012
-358.1275334075502
-5.588979657005409
-331.19299796687017
-3.7024728665642463
-126.88901128901881
-253.81212351350365
-1.6721772025179427
-1.813294161500601
-119.46496758504956
-3.347880695318009
-131.50179834984212
-130.49752420587305
-233.99012886492483
-1.7463496372353187
-263.2425242788367
-116.15981751141224
-121.83604530444569
-233.5891953652002
-493.63565053072443
-372.8088926368412
-371.51967154439114
-601.7303123169788
-597.4891264711209
-263.885783109841
-240.16152972536545
-624.5660194829047
-257.8709857504308
-259.7913818608022
-755.2958595563615
-805.3058815726944
-380.921688726071
-252.7850696551532
-762.8087434354926
-2.416888971386663
-477.6812802698074
-762.790628508555
-866.8900239023063
-484.61783798340105
-351.39643378294085
-257.2745820224589
-247.25531798423353
-500.42091733838527
-490.02071935116567
-7.9797763847084715
-373.55860583910896
-129.24197170801864
-5.647556028666011
-133.39317180653205
-368.58287177719
-253.0018831652859
-10.143822973335212
-7.667308840181613
-346.29115229827624
-245.36388631852856
-253.63019839655377
-395.3803033644204
-279.9436860982836
-498.24357918736166
-650.8415806185988
-1128.0362686457881
-1130.062114575846
-1114.9590852410363
-937.1164395774833
-1132.1008320813319
-1187.28034839435
-1049.335761927834
-1073.575585766471
-1206.023067930064
-1041.5083119017797
-1197.32449448197
-1329.2805582034819
-1374.420624699632
-1357.4748101580803
-1374.8090721521482
-1413.7812271559465
-1540.9562735296192
-1547.9762610130851
-1592.3899454340585
-1540.8309211874725
-1594.5552556503083
-1548.7248934648198
-1582.957184732754
-1615.8439444749831
-1576.7546428309988
-1567.4498073352918
-1545.707031611686
-1581.061006463308
-1638.5675705921165
-1578.5856958962413
-1587.3433075562366
-1564.3481586413002
-1562.8386680967556
-1649.596653036919
-1559.3579904956566
-1673.0895040244725
-1564.5270995200358
-1606.2422045866538
-1593.5143601134967
-1594.0313119915222
-1585.198854937913
-1631.0163502004202
-1587.3261977519442
-1603.894990160601
-1444.8856658734721
-1621.5044557701008
-1588.223464527552
-1568.1891665434061
-1626.4036332319304
-1566.2100422354429
-1535.7842611060894
-1622.0685022668017
-1528.3202042294483
-1451.3790120583928
-1495.190081244721
-1352.3977825645711
-1369.6785092874372
-1277.5440564234254
-1147.9078039719063
-918.0534408022723
-909.2490551785698
-892.7767989974293
-890.9955737899147
-887.3122935321907
-1014.2573151845289
-887.6770403694854
-1051.3542265186989
-1033.3637101481986
-1094.9083202211627
-1034.3028335895801
-1167.6677443970275
-914.8354437822454
-842.9179758847185
-898.582680385487
-884.022637897518
-795.9717514000674
-789.7923986976573
-769.6131665793429
-790.8543408364986
-776.260678057467
-880.6360144946848
-772.6853686802056
-767.3145265216832
-765.2323269887868
-821.3190174595372
-892.2088226686932
-918.0396735789041
-1006.6527337921581
-1096.8603731281887
-1065.5628440275545
-1200.1088660982066
-1200.154577396276
-1212.0683964066127
-1214.7116858290651
-1056.9018641357814
-937.5882284466229
-915.4722631966913
-881.4866649003737
-908.4468699792254
-836.1155230051952
-756.320796777447
-781.6105595897894
-769.0548865890968
-707.9017950228989
-618.6509050547079
-709.2777989116021
-638.3732936815879
-852.9108535614637
-661.7690394056281
-751.7967431352201
-700.1062178026257
-651.6591599497915
-640.8176285617877
-642.8337120421617
-634.2231128638985
-679.3469801541654
-639.3436392133794
-604.0666061201964
-735.9440820520272
-629.3739619143195
-646.0930307029048
-842.9961580566331
-688.312938328918
-888.0977573497117
-778.6200955030275
-885.6510129313693
-774.4138738651582
-903.1106808699856
-911.1198868990406
-982.8236437955543
-1033.6944428406493
-1044.1077079361844
-1179.3600364361496
-1340.4641199632945
-1581.0109594662008
-1240.2022533208185
-949.0879149452591
-906.4812633248833
-517.7560816373502
-753.1350185271529
-634.7517101410873
-644.7657045003474
-739.9046605853265
-736.2128510275107
-756.0481980047433
-749.4997773240076
-625.3001413413708
-517.2621870482246
-704.4053180759114
-536.4719988982862
-746.0514962612208
-628.7520766647702
-635.1132646703164
-630.0240625818799
-765.106283985228
-754.5977282300596
-633.7779275988688
-635.8888882662045
-841.4045626214165
-512.5220232912188
-507.9192362692751
-632.0248855389723
-949.2118211828996
-433.85846786981193
-134.41410623920603
-236.92721804633533
-1280.2201981231246
-1243.9228946356714
-139.79358661786222
-363.8352104317086
-706.9880292560817
-387.677188103411
-663.3587196297262
-520.4137910171809
-496.24377954208853
-695.3714127991332
-499.1548168400986
-512.0363911857382
-510.9773854909476
-671.9834517473848
-391.70165094890757
-652.528098180663
-634.6318185758614
-389.13905309423996
-144.61352180655405
-137.28238872154444
-502.5608474781398
-557.1689206883365
-737.1397686923403
-745.3987599386039
-511.98853486601183
-385.11405642677875
-513.3006522447938
-520.6250194295883
-509.29763683337006
-920.5034540734296
-906.9516120221264
-141.71541791623764
-341.3114747446418
-471.10764375872765
-133.19954400554113
-126.52323579514645
-135.83069190640327
-509.6940042785558
-630.5879340099088
-1015.2776395454866
-15.973620044473334
-1064.584337816464
-1181.5881388575697
-15.777651177331766
-1162.2927822718998
-1208.0098083081991
-1205.418777877411
-260.2259716482938
-1163.6749180767542
-889.0589817616349
-619.6325999062187
-146.29611092499024
-995.9445687069137
-1042.3771654507445
-269.6667278010334
-836.9014091735021
-769.9044975966681
-240.37567855559507
-232.7603747967525
-1007.486447268101
-757.4982325633115
-270.99263624676223
-734.467402993067
-19.984128450135838
-142.1742525621011
-255.75767829060118
-248.38139100464767
-133.6605284168254
-129.49966256127072
-129.80322067766
-9.345150180142921
-121.95854662469046
-5.473135179197645
-342.4827528343328
-6.027151198462861
-122.3760365789749
-251.67961290107783
-126.91881648432278
-248.1186007084389
-239.5182994666012
-242.01385878627937
-127.52755884462515
-363.71991404823456
-233.9467439683861
-4.497167510412215
-133.5781437408822
-133.3465793905198
-134.49382888986472
-128.4137334512466
-492.6064878095049
-128.81670309692615
-125.48415204542694
-384.39198029183973
-368.69867277710154
-367.0007566253016
-248.04329216224997
-9.219254449750256
-262.2870360430207
-127.3116537296462
-130.89836448203113
-237.8087261768927
-244.1390318302135
-2.811346063410357
-129.67845212317178
-247.7516134321788
-122.11326628115611
-129.5433288980929
-125.81659856585927
-1.7810792065032677
-353.3247906472088
-368.2186206669528
-251.69718911753438
-250.91251762083766
-254.47398789091963
-252.623334770015
-7.807554633964512
-6.019956872213591
-243.1962558940612
-253.1085106600237
-303.62929636825834
-383.05673293158225
-250.55878371323678
-383.5860630175189
-370.516877591629
-139.7995053649042
-130.59129989398295
-373.6089874298651
-244.48331720432057
-341.42138755389846
-353.042872646465
-353.3572961330107
-241.21725077046727
-134.0520130607152
-255.37098349011953
-247.00514078069313
-132.71542291918672
-137.28677369129113
-134.7343131015202
-347.0258801396432
-373.5924855899404
-352.53165839031766
-354.8237927021765
-257.6699858682246
-143.87961482586368
-365.51147305703313
-423.8795546004175
-263.8618918959178
-254.6768949307072
-347.91875260715386
-362.5558305750354
-17.631293290201647
-638.5991502721455
-395.3073711478057
-527.6309010339212
-879.4322830465842
-1029.5038251196092
-1058.8128726788852
-792.6824369477685
-759.3940865218896
-369.8493393190801
-138.7046704250324
-245.75586295702428
-255.05895991882602
-247.73916325614047
-13.50152078547213
-247.61830241608632
-244.98354389893558
-13.361372697802661
-256.6078367784374
-357.84805410932205
-255.4756634001702
-244.0515449704228
-342.555991345178
-133.76371202968087
-10.812678885356874
-11.406763612240075
-249.90137387965575
-243.362298682418
-348.971923171082
-245.85001371510526
-8.249792012704026
-136.5154413859972
-129.94703177711955
-241.42915821325076
-248.8438823717554
-13.894391141280282
-489.8185859359307
-871.6544550977015
-746.5623797806072
-978.457877417646
-491.5208745137788
-492.7793043266456
-134.32627905164466
-129.30943176333346
-348.48318881412985
-131.86177035977704
-262.06779639321314
-136.64972305955664
-134.32049434534235
-337.6730188040195
-340.3726072595305
-981.2957820086132
-1027.339741376038
-397.3949631304339
-9.279349129329466
-341.22416226803506
-245.40527567247162
-336.81611418005883
-241.92820286654856
-134.2332312764079
-10.45138312355163
-8.647415402485718
-244.40642319117512
-128.02911781149524
-6.18923263355502
-243.8817188176186
-340.8790935868047
-254.22106102383796
-125.76191805016826
-129.98103869204832
-343.9159072656291
-338.10925806657457
-7.2783922846747755
-256.13245176773086
-238.27869959142868
-246.2547992387568
-332.1391539150464
-250.67950692919484
-1195.4120559311107
-1205.6405972872756
-1228.6956302056606
-1038.5403596443493
-264.7506884806923
-120.32483924327606
-130.9732585826924
-248.88705427466326
-251.95789396036636
-5.201295451610319
-6.840906131739987
-238.59520407876963
-9.523596679448932
-1181.1344563124123
-227.03645620575492
-1120.677293642769
-1117.3217887674127
-8.272997674946332
-1126.2952732245435
-1172.765743535149
-1030.5571246613838
-123.97857958534017
-1045.8297936773388
-4.693590675252026
-637.4346250761832
-121.48722920160797
-1013.5301492700257
-263.8472334224378
-618.468013635404
-120.06053571065854
-122.50048593749686
-239.5406503814819
-1213.1154930676512
-1295.1879042908479
-2.6212881481522725
-1355.1886679950042
-120.34571361734154
-394.618567162191
-226.61611404924358
-230.49216110281492
-1174.9551943160293
-235.97513192897645
-234.2990422440815
-134.29138072404848
-1173.1147018433928
-1276.045976071823
-1192.2799272876384
-1203.93107347602
-123.10636205192796
-648.4302905899882
-3.4214710643210484
-130.67499331088825
-130.58456534854946
-121.71059264181831
-130.43013666113967
-2.6323313455968886
-121.7222495661013
-243.36499134563803
-2.966038426534813
-623.6808988227557
-378.09556450312607
-1060.9760930223558
-5.48543779896604
-130.68108195041438
-130.76313284278564
-276.06619746934075
-1003.921948495552
-6.907279060855742
-234.58292436095164
-131.1212574935084
-121.03408377842669
-353.0624963474414
-244.13257822299713
-2.149576604255592
-123.26799428034896
-1.8104646139022929
-343.2128829023281
-351.32067950933094
-121.27313222748025
-3.787386604619521
-369.3529971105796
-2.7899994020458947
-221.22805860536704
-119.54720586065793
-118.06991669969938
-233.73513561121683
-125.45444690600134
-223.83976693168276
-130.42710564219465
-245.28067670808068
-119.30541095774367
-1.751895649391302
-120.70386451329746
-260.48093841782077
-130.9343839562127
-234.1263965613896
-241.7284954519117
-323.8478399230692
-120.1967335616122
-117.23750999136502
-127.49350327846287
-119.51662088380219
-124.6727743051527
-392.01712989226183
-236.56449665173722
-349.17307218019545
-119.30241655971298
-227.60896311764964
-1127.508439837763
-366.17787424930896
-1074.4648207810396
-1.8520312264923742
-125.22018564495554
-1071.5097318302642
-120.99940965943657
-1.7634481090640979
-235.76595270155642
-119.82064836637163
-2.4736979526370337
-121.88607082933953
-123.26238789146929
-1044.9039417267475
-241.74078064939
-126.4402422564085
-120.68907297862944
-222.28659691747606
-7.365279313690888
-123.58526708527721
-131.46496785611075
-237.90437583443546
-357.7780782088534
-1.8409251865631477
-119.15860752009417
-994.924828631105
-1010.6424518898581
-1086.896120051209
-1090.7443145287411
-1079.8733529684619
-3.7133869516905054
-246.21310524537614
-116.64613852893646
-117.95426342545248
-124.17523033255154
-229.64477620182356
-1147.9211593880052
-1126.9684668845637
-127.03637948187726
-1186.0524967202475
-277.7232573463107
-129.59328546833018
-11.663784398138507
-1249.1644105885332
-10.430424641550157
-1247.877963930406
-1346.4407914456579
-1101.4729716678762
-1345.862950678628
-1156.422699340334
-959.5222529145581
-1339.2461499405467
-1092.084212929545
-1077.5230020975887
-1141.0582029384211
-1140.1445804521122
-1238.5068790600235
-1110.5691710209596
-1076.2659719873539
-1224.8615015441246
-1224.8919278161493
-1219.3613177635116
-1348.062584892854
-1226.5272101858518
-1210.997328224364
-1346.5469041157153
-1469.334039206526
-1457.0411460817509
-1213.288467555296
-129.67189930309414
-1419.6727563777183
-1394.5294465705208
-235.5795373250618
-10.299516761075829
-123.251685140298
-326.70584718447395
-1200.6217015743098
-121.46563465925762
-245.04823344050655
-141.59753578120174
-139.49697288548535
-139.8364341135213
-1335.2331862331805
-1257.6514182525273
-1121.5502079511593
-1199.438902144887
-1232.531777804221
-1205.7069062525122
-1158.606824266141
-360.471194095333
-1082.9289235936626
-848.4054354483033
-1013.1702959239016
-339.17006875213934
-128.77292949097034
-440.11844080077464
-1072.6645863529257
-383.8777893354361
-1117.7518093957294
-1100.5733367220607
-1022.9993406907881
-299.656878753313
-932.0021000554934
-1165.6944221159472
-1108.0703493930375
-656.5325834382915
-745.8290428094859
-140.01358200519854
-259.61607167183337
-131.50443669791414
-133.78456886338068
-125.43080551886945
-131.24259924305693
-130.05318644867623
-130.5999124956976
-246.258861365373
-8.052466642963122
-245.58667275848703
-243.36956149324507
-478.4893929941776
-259.1689749024315
-499.0959415916829
-808.2144225440126
-738.2284673504674
-697.178461384603
-944.9698364254235
-791.1920003143592
-956.2136613433007
-610.0013032110819
-13.195791943250146
-132.15103090364676
-861.5761946108236
-131.57333220154428
-857.2054076663852
-883.9984685949535
-4.834609756804837
-732.4196620076037
-244.77057768187103
-496.1408351467886
-249.05355939499768
-952.9888612886467
-938.9944444887341
-363.5778890751491
-959.7425301497535
-864.707095156
-1005.0644447511256
-592.4201704896117
-996.4024004374987
-981.3255011701866
-987.1146018192551
-3.811996755938137
-3.4671050314348055
-814.5384529691884
-618.4200698439178
-492.5105742550445
-243.419402724543
-491.82194104722845
-253.51296176097324
-237.4876209898911
-255.37665210005764
-119.82623236735076
-126.60216462104313
-125.28654724858909
-120.49363206356432
