-1420.359264059544
-1341.9066703142828
-1294.3730692936258
-1248.2747377902215
-1270.3426626484757
-1381.6559132461543
-1600.4120134352063
-1593.0924855119465
-1353.8147004433172
-1269.808920572824
-1333.942927442333
-1445.0030558289443
-1622.33503414699
-1399.2081884959666
-1744.8807354892792
-1462.8922785731902
-1448.6261977703634
-1729.953710610505
-1217.710344487281
-1527.2503679427734
-1609.0877946788926
-1523.3024695877455
-1595.789225790997
-1651.971621309554
-1719.1371988003916
-1480.234624105457
-1567.7194922023532
-1439.8948186974126
-1362.4042539229263
-1492.6519776541584
-1464.2194178285908
-1549.1426307594425
-1381.0248997074125
-1499.98358009123
-1406.7632047205304
-1331.675730053993
-831.5222399614547
-1435.1511272340283
-1503.4307581361948
-1353.1518843548135
-1501.2705186265946
-1189.6453097151762
-1472.751033961761
-1347.9950101610002
-1342.1532251775363
-1496.5055887369058
-1264.3974211100406
-1171.000062123919
-1248.9476493657523
-1498.604517043576
-1141.067508767722
-1110.2747911751387
-1292.6646979038694
-1263.7554932981443
-1443.3666999029479
-1497.135357033454
-1276.3708180122367
-1132.385385471751
-1136.2695420603736
-1178.6761199643447
-1220.347444683622
-1163.2348170170744
-1289.348021459431
-1084.3231295162066
-1164.5465732664418
-947.7807368740105
-1212.7252987254165
-976.1259591618198
-956.7230038173155
-1207.9145848004061
-1185.193485855163
-1264.953712910776
-1131.294194773632
-1113.6622420132026
-1492.9171516802955
-1491.793937502187
-1493.1465925018315
-1055.3579233463295
-1126.8472428446698
-937.8502941027695
-943.1234127783565
-777.9621666114112
-1493.252460062783
-1075.8218384043332
-1506.16546916396
-1496.6330280490943
-1094.3258092567353
-957.7509191477438
-1496.678912253158
-775.0636193177586
-984.0565268854348
-1007.1851415108298
-983.6955142529187
-1098.4194119916908
-1499.5908809838102
-1083.1601308469972
-940.7797723107379
-807.6890823751895
-1126.1979691463287
-828.5471833022204
-797.6066855437758
-1043.611937078087
-970.0480304332641
-814.9933546350735
-1066.141713667356
-889.5560642641495
-1080.9321952122057
-1501.712224848913
-806.8632539000844
-975.3986148868123
-1015.9276476067442
-979.5778109973171
-887.2576604498001
-1005.5270940818139
-810.1683503210119
-799.2440064046039
-786.2540191145645
-701.755937923055
-923.9869717865898
-684.4935066891582
-677.338217137045
-816.3427227161566
-415.151154395331
-836.3948426993585
-425.2758493903385
-669.570030536174
-1491.0198445671424
-973.9758269073612
-416.0572843580677
-635.927520615044
-657.9328226660261
-699.1652742200858
-815.7723303851151
-792.9469660236849
-412.1177092804127
-545.3615882856203
-946.4647894012692
-942.3109369412196
-294.91549341825163
-985.56287167192
-757.9731608969074
-1493.144666594938
-815.4667969942501
-814.8234647638759
-792.8109187087529
-676.3396836660415
-801.8919246897011
-766.3297926803566
-629.9193528330777
-539.624115128352
-563.5202308260754
-1491.5292410852899
-279.24973438929567
-838.6087395832619
-799.2241779280191
-533.569635764779
-683.6107294314961
-445.0184714588638
-140.4772778699764
-1265.1358354662668
-138.29563011222072
-1394.2157567769948
-1357.9828517985482
-1395.6970889366207
-265.583595419302
-3.2352907197553242
-461.0181613835595
-130.46461831164046
-129.01085629918188
-393.4228046631018
-181.63122590154538
-784.1192522084148
-881.8082020587037
-797.2846579364242
-694.100498614038
-784.5474427185603
-270.687404023438
-637.8807715496114
-556.5399207581611
-257.9784763052541
-7.548968573202258
-955.080150703482
-133.4329830279095
-133.30111148669786
-1350.1648154419606
-125.44315580828605
-130.3175627547929
-129.1184354017768
-483.9978258410337
-248.2726806281694
-494.18980352258285
-120.06505425672772
-129.7233514147635
-129.9460983796712
-387.28292327049087
-132.2846022040913
-1492.6154321086046
-412.4560125119611
-261.7868928063387
-119.61270868862938
-364.7394375867145
-392.385000472314
-128.79356237120004
-253.33439896163637
-127.52373408222765
-411.09114019955416
-139.68897957396783
-258.2557386591548
-138.6209675907433
-129.411402906864
-128.8074589847965
-131.7247225083453
-136.80828533767095
-129.17766637985915
-138.12280039847533
-124.41471021234379
-141.02554818283622
-6.335180267305064
-231.64633662915196
-237.79264780008702
-251.90892917338238
-12.235463182749802
-137.64534181717224
-132.29739074263267
-130.15718078348655
-136.96508783952092
-126.66074035791821
-234.0661201631977
-254.9560839037552
-13.516239178143728
-10.930456698512085
-266.55043400655114
-134.3431714823141
-132.76022279250927
-256.0279701289433
-121.94133111333393
-130.18874964288284
-127.82207752066772
-134.3534934400766
-140.07006852871694
-259.3048996369618
-244.8037012521857
-123.51061763425633
-240.52519608609217
-256.16536486223447
-132.47376195776482
-137.7924903383374
-121.21147335887139
-314.5911717699371
-135.92582558750289
-7.645847952262009
-252.58882704515966
-244.97899661252688
-127.35631952205057
-234.39040469337988
-135.75673111368278
-135.29861278262408
-127.58605372386543
-124.67094466912172
-137.17472021637016
-132.17700928086975
-120.52167690742137
-9.615809211981665
-130.83032565922002
-334.02694254668774
-140.35851013439262
-138.8827420656419
-340.5384815115179
-125.36373233117534
-141.25228264542469
-261.03395106516865
-139.09174487310463
-133.8658089877385
-134.48204942105156
-259.3706448612228
-129.58496528852595
-253.9452711864361
-132.35072796486713
-255.4881987545236
-14.649205481995384
-136.3821486114313
-363.94619778150303
-132.59948413339862
-423.6637482850428
-234.10695755388014
-381.9877412862125
-255.16641643702437
-128.51906496192524
-140.28340324747376
-127.49067880262707
-133.3057849071454
-124.62938314429121
-247.86970744152237
-134.56875775659205
-21.23206750940038
-232.08037709797767
-266.66863392054523
-249.03907315549066
-258.77461822370304
-117.42337336851615
-129.06275659598813
-133.7159559745512
-124.06579925695559
-133.04498540531458
-257.11371062510307
-1.9170434475597422
-4.811969226380738
-119.77880760976598
-1495.1875934634718
-9.556356556385278
-1375.4993298337802
-370.4429322190577
-239.13069987239263
-254.90622008377355
-127.58541846502982
-251.53416540231555
-134.82209931934906
-243.91927075533465
-234.01322290066767
-249.2701218802719
-236.35947656964555
-245.0282164938918
-1.4101070866998502
-130.73973193374223
-245.04256536747587
-124.79509777212269
-8.884092424123589
-127.03163673455668
-123.0814409640059
-129.5663020576026
-134.1543419624107
-128.52515731896634
-127.64820715987618
-137.09062017338726
-135.51079814825005
-126.22916407948176
-8.530208339973838
-130.82969507999056
-12.711963024661424
-251.6261483713415
-133.94982210980376
-129.25408799642673
-135.87157041642638
-7.6917745066494225
-251.58758075760102
-0.5225600022741275
-14.200787540066317
-243.8747694198174
-253.29012933963475
-128.6295318702305
-125.83930076139617
-129.07436347592557
-124.63040993772114
-132.3184369099785
-140.94637458977488
-124.87920969497365
-129.36192706120318
-128.4264848334339
-128.4065033305276
-132.43719288521845
-222.0504837389926
-128.2949551619085
-11.8343190209314
-243.64153520887143
-10.831699068832565
-132.91865821531138
-128.0267042119664
-7.865880204630228
-134.9955569953752
-135.3412575753532
-125.29700487268667
-10.502502193186977
-341.54656742923436
-137.43912524077825
-125.38987935287324
-327.9796229531044
-128.17121600072835
-116.21751306083267
-261.70154825780315
-5.327217680018387
-129.84071519583358
-129.48401181410344
-342.4214816752542
-252.39939642284972
-132.62406744765394
-131.979553902241
-247.42025852824773
-5.660607256103788
-3.3748643427514384
-258.3696569879035
-123.41416758249561
-234.2884363049243
-343.5021891756603
-231.3271027343004
-139.05230000499566
-260.6949890620813
-132.2070193914038
-2.265844698794257
-120.29899293444522
-360.7792176469958
-1.0888212044873096
-129.3829728873794
-3.783446984188176
-115.34618376977849
-127.47069554108147
-129.5009748587819
-118.74079296492658
-265.8034212059203
-386.2115861079347
-125.61867445782275
-242.1957770211292
-125.19148083164103
-248.79465024168056
-120.24919406159508
-123.1666639357271
-126.3222294021336
-300.84258227263825
-372.0065665108604
-131.26145267713983
-251.70229206530993
-2.5532546540295367
-257.2610748320694
-440.931403491404
-133.51638754835042
-130.92338504891612
-349.1337351170114
-352.09318170346734
-232.91588540779907
-791.1840773375653
-346.7906342334685
-116.61701876623651
-113.99131407359206
-241.35661980256396
-233.51064033126357
-124.14107661305393
-236.26518799647567
-3.0745532686673602
-132.01668853838774
-249.76462280266722
-250.75665572361495
-363.6265608674101
-5.526455720443724
-289.43440336794
-321.8502546619561
-236.69334502653268
-123.40164043299916
-1140.0625320021043
-128.57524164510124
-130.78026032575374
-2.146793006913549
-253.79889729161522
-355.68925107674687
-263.16857450498304
-1.3380791939976855
-2.293938235675217
-7.880756033436006
-127.87229576330915
-128.14309524229796
-120.25959143152681
-126.66812544150285
-140.33375592709584
-1056.4015140845165
-873.640285299764
-275.8004385377271
-11.600839976081673
-11.471023007730079
-20.384372730765083
-15.817560631448025
-137.08668218645886
-134.44048416899201
-136.40311110800667
-240.5633529857856
-341.1779744053977
-247.35672867243832
-5.172637283226443
-124.48166026769825
-129.6665894342746
-127.51585542681416
-385.15106171194697
-122.9867138427317
-130.83022292357958
-124.85121831301558
-128.60202003664227
-134.46321291519436
-357.5201553444926
-230.2685136519641
-230.75031601161493
-117.43712066284704
-125.80801623064943
-246.7325957384931
-894.7951603219478
-136.67716556961483
-249.03643675628297
-345.21183838395945
-129.04241405279873
-245.25699469656436
-135.32771913680918
-124.91446348033969
-131.41222564863403
-10.268252530751612
-141.88411245716597
-270.4748863466056
-133.96482913894647
-130.671022932988
-272.90164509169443
-6.790939993155276
-237.98916225853267
-132.64290034039703
-133.53814342051555
-289.4909501503008
-131.81650828255002
-254.70307215417455
-134.56634945811044
-244.24299332316681
-135.4388831705509
-137.85747437337207
-257.5516588422725
-129.06453086656626
-133.0786518005173
-270.2987663198707
-131.69082426588912
-234.44192474777515
-125.92792709023172
-349.92564613221066
-235.46144065404934
-127.14338016911947
-115.31117718513215
-127.97225004533888
-341.89151345763304
-126.09360522165329
-240.54023581574577
-115.00636539575326
-6.366172708026629
-374.1987375881287
-252.6875384849464
-126.28535533426539
-327.7961265003734
-322.0401628856653
-129.3038103389969
-132.95876621142648
-124.70988462175112
-244.27459398607522
-345.32590149827877
-129.85446976523775
-126.32005810800635
-138.50688668292247
-264.2088360254142
-127.0934584479296
-5.138097092315211
-132.49905288691568
-8.687096308671975
-125.41368313926375
-119.3730788916693
-118.79873479876652
-2.8204975588169665
-130.32966460672125
-242.33980023403527
-0.8025919458139986
-118.29524782897192
-128.01352132125908
-231.94714575560255
-131.03567853132935
-127.93725350577422
-11.46242234482292
-131.88006507570077
-125.84608905545372
-126.75852175647175
-127.38260131822544
-128.47369099776444
-377.622793013199
-1.6606197037469652
-240.46977953163955
-126.52828898542782
-435.7468926106144
-1.1499775837354367
-128.39897062543764
-242.3672209129275
-113.69125850514222
-0.62479202372562
-117.79233463600724
-259.0754887752953
-246.1886039529578
-114.38846083352226
-119.32287565298542
-123.32439677915607
-266.8876698738585
-132.62618365509135
-124.5669248336403
-245.74436182765277
-129.7092093586627
-259.50129570430903
-262.5062997129037
-384.3761240824052
-119.6579297266317
-3.058931288670947
-127.83403609490678
-229.11188489982823
-131.8791427447345
-1191.5930845451428
-330.0956313731508
-124.58188295057109
-122.97069122638294
-1067.9644594486367
-244.74611399060424
-239.34830428668323
-943.7363245345904
-372.072425558279
-134.3222847093994
-2.3260755440854624
-129.3985885074331
-127.26909165989305
-118.19027903298469
-114.86871034884956
-256.6112184207691
-127.42510275758937
-128.94134896629174
-124.37265941946659
-118.03938812468924
-338.2066148894523
-365.0517743127023
-127.35836801245384
-260.7250303181026
-1.255557516233433
-251.96100475115944
-6.435460817568896
-265.3104220127788
-7.865792542491729
-7.515883110400427
-118.8904117180878
-123.29939038052264
-126.03889177182407
-1.5393034821910785
-257.11389787283287
-245.0368489832372
-8.863954015846463
-10.698692633255364
-118.124235753884
-254.951920091331
-237.92991102653
-126.22668832196472
-122.91757390457367
-3.873518125082347
-238.0011738230099
-3.2342686250034087
-118.36505372765778
-250.44645294825145
-130.1130122555813
-241.79859534562323
-242.6844132148674
-131.06452331345253
-132.21426372388572
-232.34941290296038
-129.06813424691492
-251.98114542384602
-234.10055659413595
-2.212034703861472
-377.55527238064826
-125.39738385292934
-123.06526870334565
-126.05387121647388
-255.78314085701663
-120.25026607331085
-121.30063099168804
-126.26654427265139
-129.980204955738
-253.25676078092243
-122.01491303091933
-330.81109013593124
-241.16129594889858
-132.3343794188806
-5.471451838219013
-2.171223600143054
-126.2444740712805
-1.383933888098114
-321.57842274013944
-352.1470191459893
-129.59590499685666
-124.7440369471021
-127.18852794273747
-116.55380694865597
-117.30488767714851
-232.29200391113886
-122.39084047932734
-119.76759343429494
-116.7751715765606
-246.71752090360147
-129.701567957649
-131.45164125478624
-267.5612494655957
-348.24120906737926
-241.96732747785606
-129.39561123445117
-373.3673052709719
-132.17874247825262
-130.35626748884127
-126.34409144265086
-250.9650071446057
-129.0446308227441
-123.03689114413939
-126.15286347065678
-122.88137590365741
-329.91063710858407
-117.20245487783797
-267.2567921753237
-260.4247535484961
-131.91523496083934
-126.93143520334168
-274.0044667650282
-138.0165490295841
-12.435497089281892
-7.848584001746518
-5.272563361374398
-124.88793667049495
-117.90057822433083
-137.095142806752
-6.225971525570946
-229.9583457853529
-134.03600062784923
-134.78259569659164
-1491.0882005588662
-252.918208282229
-125.70337064924203
-223.42392877341823
-127.25629807562171
-376.0527823967643
-258.8398387828594
-129.38352876091412
-132.23187115000417
-2.5051415893278257
-130.79919897807181
-362.6807743039193
-382.6137479931274
-652.2404362596794
-656.2324722815766
-13.483841503759589
-135.88439374646632
-651.9259552786866
-243.9814301029368
-235.8776108188692
-344.22323102887646
-246.2663652109395
-257.3149468360256
-122.34456000231542
-5.077758215592282
-8.051862648969186
-136.25550933030814
-248.60966808425655
-125.68797282563764
-123.80527757327935
-123.40496127429894
-120.90040388161812
-133.7585276179268
-117.06563262576563
-226.8741174784347
-136.87192562713335
-131.9459913094119
-133.3369768005606
-129.65367161420946
-2.656784895507442
-129.69624543706897
-2.997217940206956
-241.01026598816838
-114.92441623643171
-251.26841440413682
-377.32315009606054
-129.27098358231228
-255.16552539669433
-127.55235276915437
-130.4433589510114
-937.2609979773039
-1.2969083103078753
-124.45957642923757
-114.56869557509636
-115.27271292173822
-1.826212521461254
-123.04318955550444
-130.21022156144218
-1.8844126332826818
-244.40946826895026
-253.2046885944309
-127.06127640762753
-1.4185767346662828
-126.75922655172604
-1.600057807481198
-248.9254995474145
-1.3412694660013367
-238.75049072701145
-126.67634062181578
-345.91327209871343
-129.03263874504967
-115.7490446281668
-265.19139321527837
-131.05801771375923
-129.43996859735273
-249.7307837294478
-129.0922273719859
-122.74608539471282
-145.84527947728753
-2.458906860001682
-128.75589331178867
-129.90586379489315
-258.20269420737424
-10.874311561209348
-242.99619975730482
-127.99501003102635
-128.1716643233194
-14.629596525313994
-142.19274639474827
-240.01977498283287
-243.61653608839367
-124.49574230071218
-132.55214028533834
-132.47885426012473
-6.3802143928424195
-2.6843463801641536
-131.60818278075743
-250.9107028633847
-237.3605921236031
-227.4457592109787
-259.55775923748473
-367.1853902628752
-129.51241912376838
-129.7695576176411
-2.883794595132575
-132.11300073484688
-127.17359023641734
-128.01331298439172
-385.1712421796927
-2.4108921893844295
-260.21278981171554
-262.62341202714043
-141.5787835510253
-132.32170174768962
-268.50523816710574
-252.61809906043672
-262.4485886389201
-233.70022516375357
-127.74428090622368
-127.5877408014365
-264.7835033179286
-255.08757358842354
-355.83924091742165
-232.1962052268606
-1.8176537452507409
-131.63746053763745
-131.96246370863506
-129.20264920810078
-132.7803422456985
-262.50263042647265
-244.1396855521818
-127.16692789030903
-130.2868561968905
-1.249691604882467
-129.55870065959195
-125.47034576689276
-2.368918801721309
-0.4652124585796765
-1.0368450658765511
-118.10435574141201
-124.496590023152
-258.2759537491971
-0.8166924666030386
-118.19275598400084
-131.85750997784453
-1.382397253302923
-129.67990249295084
-271.69664845971585
-130.4869720245967
-1.2781782846436913
-1.3659238547246104
-375.9754562262217
-126.62900566898641
-240.79349966568577
-242.0749469543787
-2.139241538202022
-120.53207093539766
-375.8565661784141
-238.80292009725673
-393.87390341304234
-230.73768530508352
-132.28550469763854
-244.79285122781164
-242.40815357603572
-2.0965027994124714
-270.3528554238217
-116.4002184761661
-116.95629274871207
-233.74339257976658
-235.07362114059427
-243.11384373616454
-242.0857064274736
-283.4630720373986
-127.07742843938986
-2.698041539275638
-1.9472055516846332
-123.58419761210246
-117.8560990742517
-2.937280049187881
-2.5367367880733904
-128.3845557389673
-115.8438201149615
-124.01590759551101
-343.6095977963193
-128.75825588220155
-127.24384877029279
-129.16231091550657
-259.82309181798615
-124.35099947173771
-123.25540057664293
-130.42266611557008
-133.49218607594102
-354.07331288054627
-130.06731464273716
-1.4338632565299947
-127.69847817185442
-125.45903113611124
-3.7156261337507996
-128.07504309922982
-3.638341434676053
-247.55561765564426
-124.25547542713515
-239.38644607113727
-2.5616512763930155
-128.75091072298588
-343.7097203420818
-122.5314907002333
-131.46619686122625
-119.38934314305223
-1.8794089916796104
-126.95362468148376
-247.36173541436418
-1209.5592792136054
-227.4900513395651
-118.01421045739917
-1.7129054768068208
-128.46877320176117
-130.23857656930272
-246.25899283800203
-119.89401168840408
-240.4407035513706
-370.06386362141546
-255.39821188636344
-11.539268631240544
-308.01677240599855
-250.47699206801525
-7.197703508307359
-125.60115424592716
-138.87677988207648
-146.34463561677754
-246.35429646414275
-121.17961897383931
-244.77690944278592
-373.97873226123744
-129.6952729827314
-8.49009586979233
-127.51822185226116
-133.6096693200948
-132.53539807970256
-260.28985641227365
-130.07655982796413
-8.525027492339884
-356.8312187606778
-253.224048437994
-3.0447428021995364
-4.695905834189753
-527.6047266339853
-126.8636664909489
-237.36666618491105
-128.6959287111006
-125.4739350456817
-128.2152979858985
-362.37131663945587
-244.18585662159765
-123.46526136459676
-122.79356549862547
-1.5358822933801746
-261.1343879012313
-237.05187036422979
-130.47156576220067
-124.58701777845032
-131.50109242112555
-6.893153143733548
-353.5590410410671
-233.12265635214897
-121.0154432740738
-1.7442978480764002
-254.30267963778218
-3.0284229687678206
-241.99819797406792
-128.59805076446756
-5.984587227463598
-134.11384089722637
-263.3240848793714
-126.8987061373084
-243.07197499069218
-126.67412708495984
-4.392551487600111
-130.7565895958881
-259.7988673786925
-142.40588373008143
-372.072984122057
-256.88006845675255
-247.21078430611394
-260.18346435071777
-134.48089255863502
-133.49559291825335
-252.67720198266255
-126.42555302080055
-137.44648064801876
-399.75256551417806
-365.7733272350121
-11.889913729343712
-252.96203295726053
-126.71874093539783
-249.2389438715897
-125.86297324818048
-132.03973648639274
-132.13616107957475
-131.0009642971284
-1.9615294905561198
-400.9429763235617
-128.10531763448765
-130.19829388476427
-127.19090790508017
-130.65152514733094
-255.04809348973544
-255.3606974584102
-125.24096126724805
-247.65922029124434
-908.0967990914306
-2.09648697479845
-1.4637786463445168
-126.19505352035728
-635.9345748307057
-348.7510653536635
-1037.3057159056955
-236.54918450583787
-307.76392252813633
-338.0374903988104
-136.0205219188332
-801.0154506508478
-811.8201889074305
-239.4780338088012
-130.09811655600998
-122.3238467253812
-127.69212953205216
-127.19292525709336
-242.38560664889488
-624.0467835421393
-259.3945853542308
-138.6000904701202
-374.9587349169112
-368.94579503067064
-133.12242754323168
-132.74475821446512
-126.25624616309956
-131.87943425466585
-4.955237982525471
-382.13777901352637
-133.26575927673747
-131.0290860973207
-283.1728425069223
-1493.4829437482595
-375.94795176644055
-255.20898452342868
-138.8868380275869
-276.5981474166459
-137.79584359092823
-133.4616511484459
-139.97018341941993
-425.888989985497
-255.27340285569036
-142.56473514283718
-279.57719092989663
-141.77941468726982
-133.2783756750051
-267.2039815032283
-242.8634384856581
-360.060120571828
-128.95287177499506
-247.05215371072555
-128.02733067365466
-129.53403587685554
-134.2683702393127
-285.120800679861
-131.9561887738781
-3.8052931274942785
-132.13597507821729
-134.81541807920138
-130.94698624493358
-136.91333113368987
-132.95934172084148
-131.15557149328419
-133.37978490425897
-135.6503782398719
-257.4770795587899
-143.900870394206
-132.2250533620518
-129.8943692514956
-235.2309407212921
-293.4779767315559
-130.78186745485016
-267.23835710003146
-129.47529632517214
-129.97225193949373
-250.3671884541235
-246.23012865978632
-126.06761257677131
-126.48290300647423
-129.38186530549265
-334.4126545243101
-1.788230707677435
-244.43893225782128
-257.2240034544643
-120.70674346759438
-230.24707462013845
-249.03451549619598
-344.2812525330684
-257.95202774200936
-129.04306429053037
-258.1863003962207
-348.0952696582112
-2.930165681652788
-123.33142415820363
-130.32718636381114
-115.19378671161748
-127.29897398600029
-132.43284675447526
-133.28379576668377
-129.6040496696496
-132.5981678655099
-271.14728249441515
-1.4063723094619576
-119.45923914458366
-123.5342245853173
-356.57865535330046
-131.01063606581582
-127.53858631662207
-122.73441818727687
-123.62182597616183
-248.55739128626513
-127.82686346415299
-257.0872617570677
-119.00222839636595
-128.90816873042857
-124.93934252944962
-116.24050823014106
-127.65408252156999
-906.123791354436
-1087.7477852036973
-132.3409517130668
-6.647949406653625
-352.6022999457125
-131.3199343452419
-241.2595417176576
-11.34548694385209
-124.05582717427711
-132.13424960875383
-129.79305245366453
-2.683467077292031
-249.79587137987951
-135.44754221698332
-13.19881358085592
-136.1537830637507
-130.99136939220577
-138.16417653174312
-248.73305660332176
-131.87333258162195
-9.148094503362893
-134.0571327302491
-252.18666667468142
-249.93824622117833
-131.10144605437708
-250.51119851448627
-244.75752549424882
-137.4108059621219
-142.45953174562644
-251.42377329075873
-1081.8011239675418
-1371.0274454341497
-1229.4520819809602
-242.52647159748207
-250.57262804591136
-129.9811016069266
-316.2347422747818
-114.59674410088343
-130.37786628603453
-394.9314619476576
-236.06874735884304
-121.71253890313882
-243.891897007764
-497.34307824084243
-235.92397235888274
-241.92505441766
-2.203812299952589
-252.34606162163706
-129.69015125793766
-1.98092197811726
-262.49703122079706
-245.33918979694357
-250.95750424854023
-130.50639704393706
-244.72835872218943
-130.90309954273351
-131.91356585307884
-332.1583829978595
-131.01984647532225
-6.199957107945515
-247.4975713265883
-130.80291524165568
-239.03902948701267
-128.0974792568979
-2.8536928922098395
-332.6580627536984
-357.6462685386226
-240.29750989811868
-131.0085049046965
-248.77704885636132
-132.37945275565036
-262.7431288193577
-2.884695956279144
-125.55594267717036
-253.69121248397838
-127.78904875190034
-131.1309896046684
-125.74588221533706
-124.35669296449257
-124.90337327921377
-124.82501503277652
-125.12568665006796
-1.4191570017691166
-125.63246908126543
-249.99448977497607
-2.846911782863219
-240.76410463106495
-125.16469688923857
-131.8445328994784
-252.69352215194064
-4.632379501517817
-130.2386548286659
-132.72440052969475
-265.9062525736657
-143.5677518831662
-143.3729378466773
-140.44059007271002
-266.9719244974156
-133.85723389018332
-243.165972598488
-138.54973706903417
-133.39584244560632
-262.2780507598802
-128.39742734856242
-7.163140133442922
-138.5497941631032
-256.87079247949464
-134.23238244217217
-268.8659925463227
-139.93211004521365
-253.08257846833104
-138.54073037224438
-355.4559143853814
-251.41510180651758
-134.02215348649727
-341.5459109719015
-125.53178400431949
-136.53934169701864
-239.31123877798368
-129.6926609261787
-256.3978884567971
-130.70111518700097
-131.7352500926478
-265.1941959434848
-248.0603524577074
-126.98045886968609
-128.19786671734101
-2.346362997674465
-127.1831532399906
-2.006023439629415
-130.93578561655832
-132.97723997682772
-14.034825720852755
-124.52479316530577
-130.9214146395981
-253.8937319708873
-138.01531826004717
-140.54059709177756
-132.04874020935597
-370.801863959369
-18.99422916504609
-135.2404837471801
-256.84295677008276
-330.4253062987893
-22.060286626853998
-625.142428173056
-719.0535969136389
-273.560830534291
-251.95833435201254
-128.47093133143682
-506.02933834995883
-375.72964044563776
-128.80787497219256
-128.35900470413046
-245.71666156131158
-245.53205492874932
-260.31160200527336
-128.49813036836343
-131.8043964012057
-2.208619145402008
-125.13483020669418
-246.89326745539816
-3.463843569251664
-251.20969660104106
-270.1917167617488
-276.05799240700134
-124.42723126780683
-242.58499592374514
-243.43768639133484
-128.79483289085505
-130.95598442412182
-129.85682909361506
-129.98196065702635
-127.78440343446803
-117.2442562760473
-230.47786636220619
-130.20998779085568
-1.5857443386517052
-125.79971237597492
-127.60553848763377
-241.95291041124597
-127.55514555540061
-368.37513948321157
-253.0094457257149
-131.00317646767536
-2.0728318275048454
-1.7993526086750022
-131.78633657019495
-1.5863447747717525
-128.72287646755302
-253.4042423882512
-1.7112047445592666
-3.6780381061761704
-1080.969560931598
-240.22148727518044
-117.68336292042594
-131.1060583956103
-240.9559622196955
-6.507241385690357
-131.97530724838916
-120.40718182172917
-124.36354276493195
-250.88585091070905
-120.54420763237782
-264.43051720840657
-255.49213316095614
-130.74643034709433
-1046.6105190022747
-4.170149514701316
-133.54976234510835
-132.82575918982917
-245.47469387780782
-231.57508954196075
-134.0792992606192
-236.8847869271877
-135.86250734901404
-329.7712834008839
-255.04738052555774
-240.9665530692178
-122.12474453817272
-129.46276107683641
-1054.7472646266085
-127.3419024278386
-943.8559008937812
-2.0245178542723448
-121.58003008366238
-244.4516327386125
-127.814674676532
-278.95426426377344
-131.89414483923613
-123.76545220632914
-236.43507378485975
-249.41764517259975
-130.6870877336947
-128.1429284505861
-131.80296503137043
-4.1084029370047395
-2.3579564009806466
-3.5566487627535257
-250.92085684538927
-129.3197982588876
-129.40257225696328
-4.773078827732452
-243.63854389197124
-128.60169755643534
-242.50225853317122
-132.45618937385947
-130.56246198089005
-130.03564754183557
-1.5225140287713488
-129.5194996741365
-117.93491465626813
-232.5788879031792
-1.6072038549645
-124.47651383969682
-228.90762323634885
-131.08603884436712
-243.67132972485524
-132.080903096347
-241.7654520533794
-127.45178227416287
-242.39237864573167
-250.78656673773077
-946.6772359896157
-7.9154290206206666
-124.07585688088854
-404.258586378279
-136.00227863125366
-244.79456522350839
-788.8954384653267
-384.0494921179808
-6.954389998419946
-128.54318785056404
-3.256624959560948
-125.60521740375094
-116.79212939808362
-129.32013892946088
-249.54923590775928
-246.51116002158372
-130.58892723609384
-244.90456512412183
-128.85924798557718
-262.83805317482006
-126.09517401232478
-129.48556356120193
-128.55328234811174
-130.76233681258282
-127.48825951879755
-2.133107359082947
-125.9842845101158
-266.3722888206982
-127.6236862075252
-271.43140590084795
-135.89366107028795
-132.03376550410977
-242.64340190808642
-127.33059748097196
-134.3208819407903
-6.797392224424647
-139.00486458871927
-4.83460681615299
-138.69438930900594
-252.02909892134048
-137.14013936966697
-129.8625995666792
-245.20169695218158
-126.59254340773923
-132.07999567822117
-128.75426990816092
-466.5799678587117
-136.4963224385057
-137.53685397540798
-266.0957900983473
-239.71149473580746
-6.871228791067678
-398.3690120147581
-133.53058549853077
-127.49751224948413
-140.49215934844
-17.38222611751427
-141.31817899974473
-137.47245798581912
-16.375148114977392
-409.130103875976
-522.7350488057639
-404.651711995
-157.58329143295063
-400.0749958073928
-397.17000607143916
-273.59228615692183
-269.44514017661857
-1495.1900067427282
-139.29776703430827
-137.538108119447
-261.53055683307764
-136.5897814980984
-3.9645677202502267
-4.533796588067116
-1498.2224308281748
-8.311882556860096
-134.21991716691394
-143.08056948160626
-146.98112716398242
-145.94499911956538
-142.19630061728245
-137.4777607617242
-246.61565681895945
-130.00286389895047
-126.66937373623794
-131.76078210323894
-124.65786542116332
-1.537268962849069
-124.40685730791019
-127.04947261941456
-128.5630529354469
-129.76144187601616
-121.27026777144007
-391.43315407447386
-389.0148303122807
-3.1687757577065456
-130.3802159022021
-115.40409364239375
-3.6937105232859757
-237.83952283339016
-250.97150707963863
-3.685329077102404
-252.19034954015686
-276.983451050568
-128.82644487540557
-247.68603467948282
-138.90561103736326
-390.0850128414663
-135.712735993004
-246.82960351858762
-138.34804343828395
-130.39036319708725
-263.66053915722534
-266.7654546074489
-3.8377621645410116
-128.83445418043252
-391.86440350258545
-127.77675660315634
-262.417991553142
-266.0342948948852
-127.89175303747355
-242.35179614459634
-130.12089450088123
-128.58281275659425
-138.37746753963216
-249.13993307765034
-130.4988910685721
-4.489197145072777
-237.43181383784128
-131.98445604187987
-132.1264262431665
-248.5660429703766
-355.83572324151294
-129.1512363452678
-116.04183415072184
-376.1027413526873
-122.0103145917489
-1.1699347164030673
-2.5338978771358165
-126.92854247739469
-271.74528490044696
-315.24718151193986
-128.44595424796313
-245.45793449632953
-262.78029389213424
-383.56834775062504
-2.092661127906149
-1.3496811117479899
-126.88433400515528
-126.69989473710862
-2.6685771416990525
-3.9469610463650273
-115.04202690608612
-1.2825721551224298
-128.4450635619255
-240.71858010599274
-118.26288026422198
-360.4607994843388
-125.26802279531476
-249.81786493161914
-128.7972108309787
-128.0834479368257
-2.100494868478943
-250.84910752820983
-125.48857368438009
-250.3601787795857
-124.09006536493553
-125.50010007197726
-0.5557342674687673
-369.99952930017446
-248.4629873134146
-114.28758841198552
-251.51622310889093
-220.1073157360378
-130.3420946743822
-345.7678206744306
-325.94306793605995
-129.7196010850503
-129.54523412676895
-120.0363128378916
-133.4786189524646
-243.72665127795526
-227.73639933497796
-134.531986922348
-130.1698850360603
-135.26631410993053
-1032.5719107638035
-1031.6542146563897
-233.99849688887187
-8.18982151309619
-124.15798558103235
-762.9360019683231
-137.16330791286344
-260.95480611863707
-250.44561507311573
-226.2645687459308
-135.46739723405796
-250.42498128981998
-132.49655341485865
-231.5060373678229
-254.93868658975498
-139.1789609981333
-132.37924143161453
-245.92440361406926
-126.71891240049344
-124.76280997973366
-132.78510033568813
-12.49787116110999
-372.46188431659317
-350.1233106338663
-6.172135595844889
-130.97046755376005
-253.03435063734875
-121.63006737999488
-133.7562068218289
-353.2001005390891
-10.192343706693656
-127.91303456228972
-126.66311640508607
-221.19413803573363
-127.46408381961236
-3.854022258722751
-345.6678883535991
-135.0927935389734
-3.112108464302006
-247.42423408118907
-118.97088832530913
-119.3031689556324
-130.5642509717281
-1.0769766107382
-123.4075636611711
-121.46420388943461
-128.07203138587354
-367.68086088430067
-333.6211406398877
-342.4705280932829
-127.58464405028701
-231.29366445484925
-125.93367812256858
-241.66484049392403
-256.63876592803564
-118.2587456623026
-251.66229996643477
-127.87869133479046
-118.66590481773979
-3.6601899827214
-118.68216355121923
-121.92845063693277
-250.7916381740602
-122.15887558001911
-1.4862698053636227
-3.589008362778822
-125.26786649694927
-128.6781641229564
-126.87152824638684
-245.6614051016661
-116.22924619421607
-5.19227508381254
-251.31706108325244
-136.49522113881656
-133.1456420722924
-121.83119857781492
-125.79259402795458
-273.60814999863504
-133.81349963119817
-128.6244081123392
-122.0338363395549
-249.57875966611647
-130.8688346362864
-252.43737019746175
-127.28301355367616
-119.81402383612534
-2.945793131966579
-116.77654519906046
-131.25056050587312
-228.07215295228332
-131.45412083377624
-127.56045079461312
-247.10929062490675
-1.2198139636103982
-241.95515609953438
-130.94466425508392
-2.166107414767504
-116.32007168472374
-126.1687987775639
-130.57331261672476
-130.261008273752
-131.40587925994254
-268.6852605735717
-136.17198953662293
-9.864781551434286
-300.37871422250475
-131.1930569334952
-135.57193662853933
-232.44967252396128
-364.38311333836424
-124.8784669133516
-248.2458551933028
-123.68523722696361
-233.4774225085611
-247.37716330709912
-135.64776484053704
-5.848237819487519
-262.115304694932
-135.1158536335235
-240.28776614403523
-122.296775504156
-233.74001268947916
-7.914548959297389
-9.78754074635621
-133.87224371588437
-131.5605439055213
-128.08652695302357
-243.38415735277653
-358.7576977173516
-135.503960767338
-247.41738778695728
-377.11917846844636
-231.24928037935334
-131.36258600342785
-392.6075546982989
-127.4238546265946
-131.77771941122168
-252.4601474175224
-367.6012594683603
-127.30091275525187
-246.52613143472806
-132.82240823449237
-265.0284560027
-131.97943567163992
-130.73080842018294
-132.70428205096397
-128.07741078348624
-248.26800065244095
-359.7638022541919
-243.22230664935452
-2.8788363522621556
-130.29821174849317
-242.95741111426523
-10.557032689117042
-8.898169840275083
-130.93709443557987
-132.00982739021555
-137.0814493195133
-126.2844545896837
-7.907559371243308
-129.81152676358204
-132.53255682238785
-372.2979094093084
-262.74703094984983
-267.6710308202631
-129.27859480251777
-2.5741993685810884
-2.861908883516932
-240.03957867610214
-120.67895934807372
-4.130310481757208
-244.88513984161145
-125.03797004698642
-115.0159364899322
-129.54851377172983
-126.9298040640537
-129.3766977482181
-320.76221041822384
-2.4821616859980717
-227.72772011598926
-120.51730685320061
-262.73637711055585
-248.93329752931382
-115.15175158251438
-117.99456457393701
-302.916361516706
-113.88609134310629
-128.40790376300137
-120.90203291411882
-128.84180145480502
-125.5181698395297
-125.8272311671584
-114.77004498059968
-129.11211133894548
-130.68719261638253
-1.603625696633261
-256.48808777662504
-253.71616208212302
-132.19576683779195
-135.33298497987582
-391.8245550281039
-263.9311927307172
-138.10129335154588
-9.153782079551666
-277.5297677768237
-136.1308143664727
-132.4696377207585
-326.287397318757
-140.67127216263995
-131.89587552274557
-131.80494419742587
-133.87445274339208
-132.26756557107907
-348.49093643161297
-129.34240036627722
-3.6004384302453
-252.6642811468273
-3.779927501873263
-136.00454541252083
-286.4783468956868
-135.7178800838852
-242.66654752546017
-129.88103618036752
-133.540034335952
-133.68338599973092
-131.71581112846286
-259.32873631710305
-359.9771244087341
-137.67017702729424
-134.69142159137405
-132.12281467269526
-129.27066729937795
-133.79363603276926
-323.7285709122749
-129.37294667748154
-269.2441202523447
-1.8748689507633585
-2.2835238682607595
-126.87416099057167
-132.75561462815136
-134.67464802425698
-3.824595163233911
-3.0096762445495977
-256.2445164303316
-1.9646332248616676
-130.1095589800747
-260.336403672985
-279.621085908713
-133.8041601699359
-8.904245946539072
-5.919008671702144
-270.85235179240607
-240.83506655102082
-128.20006042968916
-131.15296624900552
-133.89908771539552
-3.5606576002318078
-129.2414700836471
-4.514128947272543
-4.347860245652278
-126.40310013890175
-131.98832207759114
-133.59768026652043
-134.80043441152674
-253.28626923907026
-131.79615872991894
-249.90760560004603
-122.06779227354538
-3.4524725682633846
-133.700918587355
-145.58995680878147
-141.24630410567633
-134.91890365206294
-2.869984497674141
-361.2238962434244
-124.4549178867074
-1.8869159172413719
-783.4962082797373
-875.9297665030084
-135.12762375364278
-338.48819875537777
-135.42267399176373
-1.9951644664676755
-132.84699772311888
-130.7388477060719
-254.47368904480544
-135.2609988370812
-115.05446963328684
-1.8424550074624737
-240.77751292083047
-127.90744569301849
-117.89625391113184
-5.062281520071435
-125.13449844061515
-348.1405774495686
-129.05124308739238
-2.0208498927188967
-129.85628976684606
-2.9607858042449795
-134.5570396156652
-5.522221866254445
-130.9156309659939
-121.18808703425225
-245.9278690752906
-120.81154432839182
-255.191592402247
-252.08037022782062
-128.9961272357922
-136.9074778202982
-121.68313844738981
-5.631241699182933
-252.94406959092774
-377.5643771139344
-263.5356078180458
-125.1600868623965
-133.31359139160375
-3.1916640848955895
-134.424917014288
-127.56053117561397
-260.2695062523512
-121.9222849956254
-245.99990967001906
-243.21591838448614
-131.68893662136892
-254.91819383769166
-3.4190826663030642
-129.55276385553415
-120.58035723541009
-261.11459481609756
-245.42563831446998
-126.46539088630772
-235.24362612670663
-4.821975474595812
-258.894567929332
-132.89647472188256
-383.4071838297777
-132.97779754965296
-367.73315236761385
-134.8432287614585
-131.87007964522473
-133.605076732485
-251.78839021903823
-471.5360839952846
-142.2746723977011
-253.12481186520648
-129.95299237145755
-124.12028974761462
-247.6329856490287
-246.45048993288123
-345.48610044992955
-127.76993056596027
-2.7723682198231065
-234.2666768695771
-127.76190092414416
-245.26290560303138
-370.48106100702523
-126.6378905962016
-130.26142480584784
-258.93727848327353
-131.74016760636982
-129.26001636250862
-2.422864727037883
-394.12647919034475
-131.92657271070084
-245.36734335171448
-116.63679664285448
-131.33725728270372
-135.38428697592235
-245.44166570419452
-244.94183809848025
-4.861499168904625
-129.8468106257072
-355.69499477002614
-294.13362166478083
-129.6420911221537
-376.47346936995035
-126.50833702332842
-126.34069101110146
-130.57043974649048
-133.53972952349423
-133.62004549080882
-131.87360358679007
-134.18084729494237
-3.584737273336229
-131.38277992477057
-133.00385133113406
-131.470787099382
-133.677330754437
-370.642924485036
-127.21924041296239
-379.90536181152254
-265.0665054221789
-128.6719715624457
-1.5773480678637595
-127.57371561948324
-129.16044596593107
-247.69581459897154
-133.37617154326963
-267.05827447641394
-134.82929496965832
-262.8515456953198
-131.441840644846
-140.21885472039685
-323.5266482610345
-6.089272805732432
-134.91449246612336
-129.73779091718455
-257.6868392100428
-275.6235856024892
-10.770247336260885
-138.11998726635338
-10.945751384295978
-141.97866527221683
-135.25339817352634
-253.43875069578053
-143.46880082313305
-136.5017143282384
-341.9976391451965
-251.30074028587336
-265.00011996780887
-141.64528156491392
-136.18792605240353
-143.97761728437996
-135.56698535713883
-246.91000463466435
-140.0192328846391
-359.89438270019286
-10.787889728428256
-139.14204319548372
-147.15794433190544
-372.2488701160857
-256.41508972737233
-133.2433031092717
-136.86251257942266
-259.465374181963
-12.728894338086203
-269.8121777531873
-367.41619861627953
-411.6626043123646
-132.57276797354325
-129.69509657535053
-5.223583278391136
-130.27936730801852
-132.48077041739677
-134.144124125954
-243.51017123767323
-121.8418851448494
-130.24420762825025
-136.84901278880176
-126.13098722017415
-124.24482630411245
-5.613920863785247
-136.69926615556287
-130.9481420277714
-270.03804004194717
-8.296590097809224
-340.4164384585455
-135.92731824129052
-131.80203147343
-8.302730658112349
-129.84891320409466
-234.65730820860048
-7.15963354957116
-242.29089559682893
-257.53599528866056
-6.657269465442432
-137.3594141425714
-125.6007044273689
-123.54066399395043
-328.93004618873334
-126.64496102134746
-130.52932105129258
-353.60045035840045
-135.29239744454839
-3.1856005143589345
-134.20785254619756
-119.83381834247191
-345.4026976503462
-126.56410665651121
-244.09562104051238
-118.21567768183837
-128.6637175686718
-249.59016577988086
-350.2372308144163
-127.57201914801993
-128.77135837310541
-117.86578541995625
-128.3575043740157
-250.02194215786764
-235.0074210160994
-234.26861332836597
-134.75584816034666
-246.0344569380817
-2.615367256020651
-121.65527643989198
-128.11470861005512
-131.66074119632975
-2.4907365735853326
-2.9368437316782607
-132.97317099717048
-242.25868828847172
-134.17462053751095
-129.45453707811822
-2.8100432317867727
-242.19698188251428
-236.4395674267072
-263.3081384221128
-132.38820310552362
-129.51810991894283
-247.15808618634668
-129.4706578429633
-242.9044746763191
-130.89378831973423
-2.709060274999068
-122.97435479076668
-8.946825258043129
-126.7265552019573
-134.05931482647676
-127.51708620314079
-133.77250253858315
-2.654784926833213
-247.54539540999906
-2.0396627597495676
-120.39681883865987
-114.21614651455063
-130.0878108565907
-4.228631766745365
-2.508358162886475
-134.53308642052414
-240.58120501803901
-1.554270977210759
-254.38670506776174
-130.36535315631915
-130.10631709250723
-259.6340296393253
-130.15179394301782
-115.18672086305206
-119.54475653197187
-119.24662123302485
-115.44051993268177
-129.4715641304512
-242.08445207552012
-239.50934854431338
-120.811281961703
-248.21685563235536
-127.20274050643256
-289.4804756877089
-128.9958104300156
-131.8977689172323
-135.585990059559
-133.64260852244576
-359.09840270890476
-132.08411568041916
-134.46470783899125
-145.50025166269714
-341.1756418413559
-266.8206380687922
-510.8411631016857
-128.9110631059306
-129.70780906532906
-120.42764840254783
-243.24957640613675
-234.98031760240164
-133.4913288263602
-4.665892443251199
-250.6183114910003
-128.84670391027177
-3.388173993814361
-4.573460324207768
-245.87632268784768
-367.68249764594117
-130.56146372168442
-245.29286490814982
-134.3556516134293
-12.781826086855705
-379.87075654942555
-13.403273577905443
-4.181636232162593
-2.2599990203832747
-320.79352726031385
-131.9264724607706
-132.26376382946222
-244.84580560266318
-126.61557063472782
-3.3323072012316457
-4.876936780334984
-127.23282832639958
-389.6450400193548
-1491.958988840712
-3.5433603749866145
-130.73762109309737
-279.15769698243156
-128.932979796154
-260.54829370170773
-129.28997954710496
-123.90415627319216
-132.9294837800899
-125.37906778581979
-241.56508460338128
-2.0033697073289907
-256.1118896325
-132.8763673956078
-384.9625762261692
-128.68500737505028
-133.3231169445289
-249.11036608063765
-132.80057487699528
-262.04902208851564
-378.11816948838367
-7.390537764642033
-249.4840595346714
-132.35929108874208
-133.92359086779283
-1493.6363089945503
-7.257161908028192
-385.99612506932016
-125.225633640319
-121.68586248571447
-117.63005330496036
-135.9125537026006
-134.28650302179295
-130.67277938509216
-350.78944261405854
-384.5015096206145
-355.21609167761386
-129.89882966505442
-6.615424062589585
-264.1118525658641
-124.20029491186986
-130.55079414762935
-128.25426556835953
-125.77271566818322
-271.4375082485994
-248.9452699640697
-261.3431119610183
-132.23522041773447
-126.57616648217264
-130.14769111582626
-2.5293326782183527
-123.32004594637941
-121.648991045209
-1.879359558087885
-125.39721456511762
-131.97071709322088
-136.91748721015458
-261.6514165525184
-237.4655343411065
-123.32330069139746
-2.644014998925379
-244.26634889014198
-129.69566662807773
-132.8918731212748
-132.12197086589012
-243.25474762087637
-2.192731641015395
-126.64088680825907
-130.7762127764719
-124.93730066611309
-2.252460977229092
-128.71568254275098
-124.86295735265362
-130.27634245467218
-131.7599614764154
-126.03843616555321
-284.0199094184269
-129.67867909411837
-2.827039417225988
-129.02503471477218
-231.70965348467678
-273.3317481385022
-124.6594921381369
-237.44008873666382
-121.96859284189617
-257.6792285790859
-246.06307010816911
-125.39213981256495
-250.01549503489866
-115.69330128549917
-250.23457187955472
-136.26067213895163
-254.00367902895272
-382.1886849658907
-391.6025777349995
-384.36783272966017
-535.746280235195
-506.89879210038214
-9.856419074348109
-257.4736335375024
-136.77442760007648
-592.9809876451483
-247.83782583232687
-427.1009215996651
-123.91014525435135
-127.75972282784475
-132.140629860009
-245.99927865738243
-130.5764878428036
-121.3644753056844
-116.24346342062334
-129.65556673276828
-127.75596417325045
-126.98210298944736
-220.94962849777275
-122.93493261688266
-126.65407967844382
-127.55879110179262
-2.2703798643814292
-230.05429687816354
-130.6220189924123
-127.41968112533586
-130.0688207450903
-242.87264997863815
-305.78034844414873
-131.1472612224251
-131.29318142156123
-3.405369340051117
-3.7695183503594962
-121.52785192756733
-127.33317470180373
-3.3216795337178353
-250.23954766986049
-132.426830709439
-132.2774778862468
-122.38274513750699
-123.39993030632873
-123.51531132712
-248.31547479957507
-115.74789735582029
-247.03496608980547
-130.27214267918035
-118.10701646464638
-2.827095999469224
-118.39433194477814
-128.04314374631832
-132.72382062428397
-131.2352828332845
-259.56790823162953
-125.45861356693598
-124.7623142447862
-124.41026623480029
-248.10764742097163
-246.08198996803608
-131.24512682499255
-124.99293873736858
-246.9139114605508
-128.0979500870526
-304.31172462973325
-117.04891679172705
-246.36037715174808
-128.37015570033824
-131.25745789440057
-133.13825897429808
-128.2945647277019
-127.81111052977047
-251.2233733010768
-130.28634598721547
-126.69141785985515
-131.0694807896261
-129.48453522298936
-125.3151647692132
-126.85190606482911
-129.39843134983983
-129.23243448995322
-128.78323877728502
-122.7722125499424
-130.00010465350897
-274.99968481934883
-122.56777617217445
-124.99410003804626
-240.09662262230162
-6.384260600539051
-238.1433022256392
-116.50059101806659
-252.20913499196877
-125.92654490314615
-127.55083323601488
-240.83999613299017
-228.41861986605798
-1.998356564866248
-132.91246147033695
-3.5805897034251615
-2.1205077785588924
-271.7194254595102
-131.96972815980274
-132.79417825943733
-5.694661815553278
-124.80092189044157
-303.4234257468261
-131.21691305154567
-357.1271632309464
-348.5494065501697
-126.13772153647233
-126.87253847296302
-128.5567515783201
-129.1160469733175
-131.82380484887938
-137.9660172710467
-245.65315520908825
-1.98648317850599
-131.98487025249693
-131.00668339485983
-243.0205442951924
-240.39465200711842
-255.61532047245595
-128.29080591734697
-128.30575330000198
-346.6895221547392
-130.1470673623408
-133.12317765386973
-128.7494085233839
-1.967458774318021
-233.834380931207
-246.5510053247077
-4.330055780342036
-129.61130872760177
-386.99443781623506
-243.5128530963694
-253.77235289576254
-1.880675718598647
-252.63953525450057
-242.06049313388115
-114.98170189389408
-132.26960657032942
-119.16450097897425
-264.1500465247239
-254.2291085951563
-133.1798527571631
-128.23287683592196
-254.70016599733916
-131.69854945368743
-956.4306467337226
-2.4825224882069716
-245.17046379808946
-864.8387513826356
-279.4986601790447
-255.92007108716157
-257.9379458207265
-2.538651033487123
-1.71772757244257
-377.49371174691464
-392.32528577859847
-131.83395768886513
-843.6775325705236
-7.342449439295971
-137.4279491194955
-758.9978729257426
-258.1906467542594
-488.55171540682676
-627.2109644169351
-766.245741847942
-260.97535643479443
-256.3223975042786
-119.35954924757701
-126.87174136065617
-333.2243072783989
-126.13248225389502
-122.54577496502236
-123.89435260950492
-3.2050868437894118
-277.21392410180175
-115.12376345552428
-241.5430276729538
-1.9931875397225602
-124.03923851185358
-317.9128857513228
-128.61571001186275
-134.40081527888407
-486.2635513284248
-126.9129748564739
-118.555931447908
-7.232764517539091
-119.70419267022119
-133.78546127145748
-344.3956450860019
-134.0839731130849
-122.07675057765107
-133.08677167545602
-261.5126163932455
-129.28568878178683
-139.03272030565378
-137.96438958309065
-134.79507272504836
-359.5240408577247
-240.81725640872511
-137.42219542654016
-360.3927448005091
-135.22779623762932
-128.01053394145114
-248.9600637555513
-4.109277990166474
-119.97595745952366
-134.55399171778168
-137.07022593542462
-264.19728964275185
-115.31929576062507
-253.85209130815267
-244.73549875857302
-318.22682167582025
-122.68048022055294
-252.61903620124582
-134.33269100732358
-245.7367846533487
-262.3003510139246
-130.83801931387683
-121.59741582477702
-131.06517076746255
-3.2970586133074016
-912.3742462895692
-134.70917471864664
-294.58677288226767
-133.20882354053757
-131.26635093757744
-134.7281990033951
-978.5045029948132
-929.8353032438594
-133.71608931830545
-130.36877003584578
-129.2599341920249
-383.72494620804923
-260.8997436165116
-127.78337588783641
-126.10287295388885
-131.3275825900184
-136.16200171547692
-1.754893561924509
-231.11746401184166
-2.0191130598156146
-3.021447708763326
-126.10365278539066
-251.47087224397703
-135.86685851543209
-134.57430788989697
-1492.2021702097252
-128.94830673662645
-334.98211690598714
-4.086344860336926
-135.78124542553547
-245.83348295948232
-228.75767440645396
-245.80277818356655
-134.15729794799518
-245.16785182258408
-5.345753925233511
-129.95045991558968
-255.42775592337375
-338.2981712493433
-137.55496841601192
-921.3326332459469
-136.70080561302325
-133.42252139823663
-137.57404646326958
-124.84544623624124
-381.6763717515478
-129.1696987825231
-136.6610505352558
-134.8429176902808
-10.475159311276046
-136.38718743166032
-12.421951603508273
-9.187589806712737
-127.6045106956469
-138.61740106057812
-926.7020456647418
-930.6298486368967
-128.5230986909458
-136.48932042853676
-232.01276177878324
-130.18849612174841
-124.58636903285478
-263.55087217496754
-123.99147897261537
-131.0651166928745
-132.68570145036756
-325.301232598244
-127.05395159128582
-131.21890460904584
-126.67321846900879
-248.87001816739937
-247.89430729172287
-356.3833993418676
-245.78666403520998
-370.8379157064304
-133.00845542198567
-128.44204797412618
-117.991646227909
-131.9463122195072
-231.1006054385549
-258.7869598603417
-262.0289575095927
-133.50022372182562
-128.67934199914527
-129.04895783268344
-129.45207366199733
-138.098335964774
-136.05236468028383
-12.631543280196805
-344.33056154084187
-255.1893672565771
-133.30591117673364
-133.09185217925418
-6.768351178468315
-127.73953851320823
-120.05953340184456
-118.30215474346386
-130.48984265932006
-126.51552056156375
-128.8933732028868
-128.23452224781124
-128.3322298909045
-130.53704014200486
-9.07580451879658
-129.50215222314813
-131.38055466508848
-2.564952483715994
-124.94413920993787
-244.11211708413344
-127.5526606063133
-3.795086673686888
-128.15822088761826
-131.33898830881537
-7.2751068550105895
-5.232441446370529
-228.90628912021276
-127.28949252693644
-249.44972991500563
-242.68096740008087
-3.7483022938322437
-131.09841749205077
-130.06519115030625
-325.46320583795045
-6.426871130979161
-129.79426270689376
-131.2392109307499
-248.4300165971905
-141.23946507165186
-136.3346459791107
-128.00835247327018
-375.0116867121585
-128.38174624556387
-128.9758949556252
-135.42815394634172
-134.89951323327975
-248.60429608841068
-129.1978270644462
-231.346729074309
-12.546867912669299
-125.11417213900963
-136.91635961804917
-134.84833936353357
-355.7255169576403
-6.438966846376328
-131.09052738909173
-257.23088627873267
-131.8746848259428
-130.09417665560758
-13.84658376356135
-138.06302802478433
-259.69040990064406
-380.31133519178974
-267.5625964487219
-251.27266453875276
-249.15080782204365
-137.30594651457474
-137.42041802943154
-136.95108824606396
-137.30620527070067
-392.3957333032845
-249.42698544016494
-13.466190284003742
-133.4255261163634
-252.50967913958175
-138.34230187363715
-137.33965194515105
-253.88084793298032
-130.05291296039348
-1071.7869501890855
-1126.3064524940794
-1134.6052053118349
-1057.978249027604
-266.1697571875195
-254.39576921366253
-125.08646212065304
-131.43634639620115
-131.19214070321203
-128.91563648840383
-245.75151503047576
-252.5702318512588
-132.37510108940808
-241.78765491356427
-140.07311937405987
-250.46796337704777
-3.445705494525107
-3.0565648409614616
-130.23713693647565
-132.9072117875146
-231.76559569371628
-328.9194115561306
-121.25420524166425
-245.50900906535833
-274.9401812132379
-133.07381667608414
-253.08698911183535
-268.1105135328749
-2.925427136942251
-325.1622432478894
-275.41787506924345
-132.53841262687453
-132.86567004000463
-120.55604228397159
-130.80595235680707
-241.49840366123055
-129.45969075643484
-243.74869647248502
-3.299735971617375
-376.61932773615445
-128.65505526728603
-125.7501142618537
-1.9202493084750285
-129.45109982245228
-133.73808376422892
-5.502330893076266
-136.6556456621556
-135.83286318513427
-248.32116818742188
-136.86085657327055
-120.00413318256071
-131.5768616845312
-117.29986638814611
-130.78639585506073
-133.10253831000406
-129.56306551701215
-130.61389924583426
-132.57000682779534
-255.1797776132871
-242.63225088509927
-134.63045014677658
-122.90413226718597
-132.88040312761268
-358.2366869346327
-131.9522074049489
-328.26100293128195
-249.06899788441
-116.52026010178982
-229.3397909363062
-130.00299083237118
-117.9249848572149
-131.6845116696832
-120.07571388527673
-121.69072541153542
-132.61552587462634
-126.07723625940729
-261.33788127270793
-240.61646863861225
-126.30507257844633
-359.3675361046256
-132.4244341494161
-375.2916581923436
-130.13766760917736
-259.69809380720744
-128.40904746320112
-126.02907359075299
-245.19898360284293
-3.6318943223431206
-118.146065390775
-229.02069103688902
-5.3080564525546565
-5.836377503818568
-141.00514928902356
-248.65178626889005
-139.96844805761307
-251.41136363570288
-255.26518761502277
-131.19071018519892
-118.10838636914292
-135.34829986309555
-126.61779315529502
-131.26654782519233
-299.77828264119756
-323.2006582918684
-358.9875782262506
-259.20411285388417
-3.619563136778292
-3.7728417808630925
-126.41184607705118
-258.3954326270484
-242.92832342947165
-288.9942264714423
-130.57311848628464
-248.3255776255816
-130.53759862029227
-128.58253416316262
-124.06175561868379
-1.550920775240606
-123.28540835121869
-650.7817020547787
-131.71569093968887
-241.85646586163332
-261.0012280238387
-448.48822328414195
-256.9241143361209
-128.871928789412
-330.3261144234189
-131.62725425181372
-804.8476220546335
-245.54818241656105
-126.22449403879698
-128.9043533373893
-132.21151373638835
-128.82089988720892
-126.29956144868407
-131.84818323475844
-268.476863152071
-289.3048191394507
-789.1627159738188
-250.31295391991372
-131.89074878172977
-246.15298738187474
-135.89526520901322
-133.4105997967655
-127.45549780777075
-131.37130980244234
-3.1619571584217967
-265.32694519875633
-130.28156677167826
-256.8108437664057
-352.44238989484614
-333.9042866204004
-127.66359543140592
-135.15083646378005
-127.6361932305927
-285.2403423682797
-132.7225886627825
-332.3237841684621
-135.67939745692206
-126.0627594655577
-245.7590434707401
-131.92733278189309
-367.95216719865084
-133.8741000216823
-250.48870654877695
-385.1339268137829
-259.4723489095291
-136.24416431498537
-132.96161384621385
-138.32791054440818
-247.84607749673827
-136.63522463453862
-126.10059345874775
-134.38123209422713
-233.0365940725525
-240.50085346367638
-285.02582336434875
-258.77355270460293
-134.80095448205412
-132.7595460983707
-125.75422235857395
-129.5148997477649
-3.7074107221259314
-131.81321659653213
-126.09683568529445
-132.57373766598656
-257.13353448003306
-115.52337636023277
-118.72019364318608
-127.52886407379445
-130.4882927002438
-127.81744055527528
-132.52667239893825
-130.52904957174084
-244.70737864759354
-264.72928512418207
-252.60272414957964
-129.2160191860201
-130.1774965719503
-2.7598356713490726
-129.13558837938658
-133.35043473113748
-2.626711028922459
-132.40983900899968
-248.22829312301852
-1.9898864821324012
-2.001892958256522
-239.7522687413491
-394.0502865326577
-246.16223722493817
-2.039515711845053
-240.44200378483515
-238.97969301239908
-128.9593191832727
-349.74155857922915
-128.5745438208491
-130.50991860947585
-3.0025969641488777
-5.083571306586299
-242.97644930144318
-12.404934277378134
-243.74927172101738
-2.150922650491844
-125.86312027160861
-2.0930613842727275
-116.72474647172855
-1056.7820413703432
-220.14220406624486
-929.4653770113662
-124.4829180765872
-130.87397420441448
-132.9449141360376
-118.76882042523299
-124.79954276244301
-134.28714293290963
-124.74048470642572
-120.1855872493632
-136.01413968471698
-3.6533398981950347
-255.24812676353244
-272.38859621136316
-125.69700461579889
-244.95667680974736
-246.93196313574447
-132.40091658252368
-122.36435499365744
-115.4099373022257
-258.2385224234614
-130.95560210424046
-132.85280300601022
-283.2530049464961
-136.91176520037095
-385.6174556574129
-243.59678727411085
-137.1379715629694
-307.90385088514927
-256.9884397293607
-274.83677429837707
-145.18106180178498
-138.69620397711762
-405.4247296588196
-140.74944936377668
-133.24808503414292
-140.9315779767273
-258.45746235653246
-135.87177365297975
-316.34931119877905
-248.9016599485725
-132.7075710341169
-130.52847611119037
-131.55915404931267
-242.62901871948395
-134.85628249166322
-135.7666453470949
-130.82242348644078
-243.26380259550635
-130.128169958738
-357.99082694663275
-134.23375471393885
-133.01860067501005
-124.8323839246537
-3.4353621168864272
-132.4274711732282
-126.99389692204556
-2.911102579757685
-122.65201593641086
-131.45904531248883
-891.5922632474616
-243.06457416049577
-389.70110030335604
-922.7535817992833
-134.34887767096822
-239.32055988627684
-1078.4738135432533
-1155.7841852417976
-252.9728494319787
-3.0628835508164722
-1063.9120108516056
-895.1682720314823
-264.73249517791294
-124.88301624539673
-130.89926644058366
-121.30708859983388
-4.146839210601394
-261.0064559124473
-129.08543842315206
-134.02289182821798
-397.88674156234316
-123.50011710399951
-3.084147497834884
-2.831222638937674
-133.59702621817573
-128.53589395907971
-126.31954876914844
-318.57487888947765
-130.8154508104233
-131.62071462875767
-6.795875801246461
-136.2797012065566
-292.7580053862967
-252.16832825093505
-133.3019391618191
-135.96039934736484
-139.7977127723888
-142.65362583331947
-6.068007268346198
-130.17900149401967
-133.7612382277085
-124.87368139088623
-129.20849728160445
-129.89668746599685
-137.09362264102046
-131.9441962860743
-128.9607134233931
-235.79946812410984
-123.16784562019161
-140.1069405285324
-279.2523580703701
-14.630957339012376
-336.98162308634676
-144.04799984678243
-128.90764716015772
-132.9855690901741
-134.9160011498325
-138.3080996073547
-11.970180537126012
-372.2893856044817
-133.3657940530736
-238.36124892413764
-1084.9243319098002
-123.64487836833236
-242.79846916463075
-127.794593615075
-6.402618199075212
-1099.4545171577613
-244.16785791742947
-1047.6291748074782
-1043.5351306404389
-5.906769025598491
-129.26508771914595
-999.3985351419375
-432.97122682815535
-6.725082827285963
-131.7959644582676
-134.7145954689241
-243.11202115863995
-2.3871883179040507
-120.66775245252522
-248.7507136061186
-238.18014449130752
-909.9181613187519
-1.7469430673793065
-923.3473932876848
-116.67778553956433
-242.7071451448069
-131.19537610264717
-243.91432278850462
-280.85349960040236
-147.23828522668663
-273.6640655150779
-265.74855827743613
-390.8628923656575
-243.0130065907858
-378.0869983674777
-258.7823844980066
-135.817773800124
-245.67272318384488
-141.21281361662935
-11.679195753354502
-140.9432529238749
-136.4060291271241
-5.312500010556183
-123.81096803488335
-128.45907572604474
-133.812219057094
-131.57673708312115
-134.2735331845131
-132.93671886920788
-125.78983250696942
-249.18211377384003
-134.910480510693
-129.70956933064173
-1.9323474350543242
-239.50598684491476
-132.55707772139274
-2.4308052711115486
-124.88768192608933
-131.19415700424878
-297.93087981109994
-406.0257831903753
-134.40641124408762
-135.3099427304808
-132.72070167996634
-138.55575916024748
-2.5428725648038095
-3.0741245061094773
-2.713967890266362
-261.67304987600414
-133.89013921510386
-130.28527623751728
-246.06644972252863
-1.9195460777518747
-132.3793979757454
-1.5597240217810036
-1.707550878212269
-134.832956637313
-236.57131385583878
-237.72972086674318
-136.03559029845567
-223.46163011179988
-132.25468334527153
-251.82971834163976
-128.1614184500891
-134.48019485307574
-1.9459871621181328
-118.79096746421861
-268.48566517665887
-132.1112989228421
-125.9410075265789
-131.15303467607205
-132.69047427484685
-264.61258694711535
-127.16061861733009
-116.23310810462037
-225.9489174018131
-131.1363110195575
-133.53238628615634
-263.59784455617427
-250.81754743477214
-132.5051534676451
-4.631117665090162
-119.31310098792437
-117.60412790715857
-127.3486383802301
-4.055077970632857
-241.63506008896024
-131.86981616012392
-337.54632924947754
-2.6408296818329347
-133.58466123768378
-129.27691502146453
-122.34363200929825
-131.01257694841695
-119.14966441805689
-241.17654803952755
-229.31407563419975
-340.2944688234615
-129.692688866403
-2.2260542957768563
-115.24007232109102
-125.21435279104392
-120.69161176836663
-116.03120879756868
-239.7933449862914
-231.37233203113564
-126.97867239828315
-124.52442450350797
-130.8486115754247
-3.2945530573252904
-128.96474348968002
-129.3638556706725
-3.889522967864118
-790.4205331472768
-134.49196432163615
-3.456124116518165
-4.573507730062168
-3.411773553558469
-131.25299253227496
-375.91383674466925
-239.88985161433212
-129.05432582474802
-333.7653345736221
-4.84537113413227
-121.21267740731668
-253.64404647892084
-124.21782236392505
-129.5717604868949
-3.726604182759005
-129.8117548185907
-229.85494136993202
-131.37840681875798
-118.34232698501933
-127.59698829619047
-240.95144353799301
-264.4615397527972
-131.11065515808428
-128.4372219611345
-124.68724399537693
-242.84176827834997
-122.41869295166211
-131.3988667698369
-258.0470677373024
-129.85323367574222
-253.04009952358467
-263.34732676023253
-247.09410068353301
-128.67669692553923
-115.91166077605583
-345.12277948318325
-120.14699641119473
-136.40866578100193
-247.91567661740328
-125.7308625513289
-986.8843614974278
-998.6137811563668
-247.0273778022823
-243.4942056841625
-135.61960172548783
-1065.09330976162
-132.55349208648528
-127.0329640455476
-247.3413357786406
-2.046139503426915
-826.2196387754911
-124.57870816882004
-652.7431366697989
-122.86557160328748
-134.079692360271
-5.54536618851924
-250.29864682328179
-129.15051236075462
-130.7873680076559
-127.22907953726336
-247.002177606215
-125.55428670999997
-232.53421964283953
-121.3330972272522
-247.7142792498314
-2.8665598431583352
-127.10913866327661
-127.24300957881097
-125.17619729886205
-360.94649808331195
-245.61200270319463
-4.385532007315904
-131.16644747376426
-130.50894639510895
-394.16588573445216
-115.38282875888787
-254.29976114619575
-1.7340008558823896
-125.68537294545452
-127.49394434888832
-133.2036926389695
-230.36101885574962
-260.9307465825507
-6.1071709454022995
-254.04365750000545
-116.74003079992448
-328.58968415369264
-315.7482750789869
-117.04540937925809
-126.74738419643262
-233.67363731479674
-242.05442191251737
-130.12318424714746
-364.8806047907706
-231.8615345353382
-116.6522426432372
-128.01077204606142
-263.038687762945
-122.89144861035395
-245.77668602840285
-131.3387136492678
-239.38165977046913
-253.20806797079535
-290.70215366424446
-127.11288235041548
-8.859550562472549
-7.06047618425506
-136.696097374323
-135.62222559792104
-245.158900525089
-8.775577825336114
-5.97363709231415
-914.3659196140741
-3.9344159932767426
-5.271099169378345
-620.1470063755706
-128.99127272223208
-131.5766324895117
-130.18223893995358
-135.0306748155803
-127.65450096534475
-128.58931003473305
-128.90503935589678
-132.21759906571654
-245.23764458005158
-126.48362137018758
-125.08702021522298
-131.9836467090373
-119.99886511051402
-243.46182657054317
-244.0765600088781
-234.33161031677255
-394.7719119638355
-132.337741949173
-240.87483707893972
-127.34474284683989
-127.89654547457926
-389.4870674258826
-116.16451879740761
-378.14675602398387
-1065.2219843847092
-1101.9794133682285
-133.726211977344
-114.52669960999431
-128.18865104410028
-115.26032132994376
-132.63359389924412
-130.50896688443152
-412.2724594600684
-117.44366716423625
-129.52084088065527
-272.8611198522526
-126.87935503652997
-1.8665510167952157
-133.99757248791752
-116.8514826684717
-127.91340835967672
-135.49036106482347
-131.75245077247703
-255.99340732546563
-116.24420637138984
-127.33439456141177
-124.68356861938807
-2.737658598912623
-265.43821959380256
-131.41259170565212
-3.8661126963936217
-132.51993812696085
-361.74037203509414
-126.66891478903304
-118.63970319557984
-365.6416414660009
-128.55017547030695
-132.54091375797066
-242.9756447758691
-339.93180490279093
-246.68356909447
-239.98052732849504
-115.95341356026718
-373.0275563192461
-130.8831987302973
-1.8138100044372538
-246.89800817273434
-246.37951106780136
-130.28090549092647
-241.56167898104275
-228.80980844711797
-119.77461684706114
-117.07768913334831
-259.8252165250814
-129.04998046039512
-238.31916169786348
-250.83318781548792
-122.94248053013686
-126.48366599986642
-265.88798310212314
-240.17148173203051
-133.50166753230843
-132.8280915007039
-125.22565470776593
-126.24699344589604
-117.8619325976573
-3.64525763321427
-4.255780387256365
-316.1643209764141
-231.78306083786129
-379.7777709259182
-133.9529225836221
-273.29098165208023
-134.69243275525685
-3.3227340940628083
-132.71491495830614
-124.92886079878546
-116.8449340852059
-236.89784985766568
-518.7438099569595
-124.26181749693686
-248.08440156169073
-117.52879225996831
-126.3227066649808
-4.533122796027475
-1492.2997666322276
-127.95468107347696
-1059.8398628968614
-126.20211229271715
-1157.8821633098316
-3.128989596130923
-131.50974135944594
-132.75236829198255
-119.44760977198071
-118.29272011381349
-123.02016141506512
-1.443317669786348
-129.20871631715673
-120.29192281438641
-1.7528132819962665
-127.59830123205633
-130.7805977841601
-261.54102534998
-128.73583294627426
-246.55182461084408
-228.40624598556184
-130.87026027359022
-117.2427667411143
-237.24896562361388
-129.1736489755993
-2.0304807653005708
-116.51194026869864
-128.13497307830391
-116.7651658064804
-1.6305960162503508
-246.16558752913454
-116.41023070621621
-1.5908392780994611
-118.89452927762203
-253.83273813463663
-115.86101698683765
-116.66908037324599
-124.62640698408147
-2.4247934810995226
-121.23482491900546
-249.98013898295125
-129.45495652361225
-132.74956586485308
-118.76110933595841
-130.47364489642615
-116.94229000859544
-259.1086830613318
-244.91627197904157
-134.46469386256013
-117.71934542531626
-116.92898803755828
-137.10100439297386
-134.30734299279115
-134.76189051536133
-125.03045811920725
-130.06181960448765
-124.37256597313156
-132.51132674993235
-356.31604850126047
-138.27388597131986
-118.27822162220792
-122.89420362257998
-139.80424396456138
-6.501445714554015
-121.858895255647
-137.35257313610552
-262.584734713962
-129.67042715086984
-372.07398427574606
-135.02170409993548
-134.84405659208224
-6.481369487003524
-125.21029610388841
-345.26241705047823
-137.91513392719023
-127.12692417849252
-272.58740368048376
-119.19852520573383
-132.0497882405225
-4.925026720588697
-123.93418830941484
-135.40303546695776
-133.85859017824953
-124.29801444989958
-133.625719377582
-135.17022014267968
-136.6369092274641
-6.438237180230404
-250.75990668227556
-370.31966049206574
-120.5116140214224
-132.54099311579958
-1491.2346685353198
-135.85806394729516
-139.0073801957277
-137.5760236141952
-251.1117544072338
-254.2585881878046
-137.22043597316096
-362.02355204674325
-439.59567151865474
-386.66432901390453
-131.0512883119356
-138.1775463443931
-134.9434027004672
-7.880917756110386
-134.8059711264684
-9.211580261238604
-133.7218731869423
-136.0814084671956
-134.28462249913733
-137.59257258543028
-133.10508323000295
-411.92330695079295
-354.20834311217993
-395.3640170469126
-139.68255938532766
-253.32493572837868
-133.85941104045645
-137.12499684105768
-124.1241994427405
-414.1057077442556
-130.30169121734062
-135.64346474318694
-129.65138734173328
-134.20676778088074
-134.486770869285
-132.80386534916582
-4.0044660866085575
-124.84522893162482
-119.054063914551
-267.7532257001592
-137.04415678855858
-128.6503317437651
-237.2806415030266
-247.60740862135884
-130.13336829039216
-132.37813110177095
-3.0819223057080514
-3.860254895563544
-128.20600266169842
-130.51884094473027
-133.849868754162
-130.60340831623262
-498.5501821188141
-360.92094200522035
-796.1818571299998
-130.05542221127163
-126.6463417635064
-275.7843836097351
-1.852219298904751
-134.29767609136553
-130.24564826602764
-131.0163276205452
-2.3514836339946585
-348.0387442425667
-131.64601279587524
-131.7757572607143
-131.80734730311912
-133.61477641757168
-131.98862907486784
-2.114745581473628
-117.91738135169481
-117.41409240741355
-1491.2571821865579
-130.63577327344572
-231.48399326126102
-133.80648577921858
-119.11840476832168
-277.833478669899
-134.47270767011116
-128.54802139623501
-133.7278707262949
-267.5559836365336
-245.06422160116568
-243.23200381099724
-471.3100377694002
-117.88654535687901
-133.17240307978642
-4.006562930547224
-128.9448707741219
-136.08639288831594
-135.1772367469486
-136.25137068585352
-135.57758674619097
-135.1602757407472
-382.1127913763595
-134.6683608278327
-126.5366558822149
-120.96304528495445
-129.7470737260422
-342.33950166739726
-120.46450624467816
-264.29546688870187
-131.19795877971333
-134.9137458640826
-270.7733276427742
-3.5233632701010045
-122.50763931340194
-2.3508610496900713
-129.97131806622156
-127.7950898245233
-242.46970514931763
-126.64213184501331
-231.04147927696326
-293.9508474775304
-1.8766722478287379
-120.29758946275075
-220.86788924815158
-125.21673786636171
-133.16363972371462
-130.7148704561909
-129.81192375322524
-249.4279133947753
-1.6160063661199373
-3.391833085692925
-133.08406223753613
-129.30482417243013
-130.1794152076164
-264.0269610068464
-128.89006835278173
-121.1247821455073
-245.3673321238914
-132.77769524392806
-243.37739533301678
-136.48802092615225
-244.18912041203592
-133.9370809832154
-131.13709236664832
-130.9053709072387
-132.75961120877318
-3.290936485818126
-4.662523484807571
-242.27291065458
-232.77002562495542
-127.18810327022756
-129.67471756361547
-126.42617430557465
-129.1550490483793
-132.44542315780058
-129.2450055706087
-133.54125486562845
-3.161777174899469
-130.79144273563136
-131.67003024634744
-119.49066757651738
-120.16285628451122
-129.68871774847622
-131.57787748811106
-255.67825306723913
-1.6238888965112834
-128.25983003762548
-247.46239267062697
-243.57779161122403
-135.81639109363107
-133.4069637019643
-136.78529390137567
-3.3926776175696514
-131.64023072751667
-254.81869649755666
-132.0912371017367
-131.3593239957736
-135.33394067286662
-3.303358934273751
-225.97897694155307
-125.95230323024221
-131.3148979608577
-4.64548045624745
-379.3108378272764
-130.952067860127
-127.7320569172016
-2.9613389504525864
-122.00079055673386
-243.3046540545093
-7.206210679842845
-133.4106527510698
-253.87900093353505
-384.95436184624725
-396.975676521902
-137.29910129449635
-278.39533669935514
-141.58250227394458
-129.93957571468493
-6.0992961468098965
-242.24581230188036
-126.49418356577144
-260.4246349093598
-129.23502516066472
-129.78715471470028
-258.6268301352751
-297.9040903495595
-260.8619246139056
-250.98088694136013
-241.592036544671
-129.16600909145623
-270.0382645885575
-250.38339686750064
-261.1564324480332
-370.82559296547254
-234.09147529272448
-270.96604786528195
-133.49470908227755
-131.87794994037807
-4.79924295588789
-264.4612607796794
-124.9192425011676
-313.4332996935871
-239.65750802718532
-928.7736072769984
-871.1405149309625
-6.369820301165494
-6.5106945581492495
-6.321715993514915
-140.8465780076464
-655.5710134452237
-142.44603533026546
-263.758440523044
-270.3315980443254
-455.9962589806825
-272.51193041669103
-13.092619751599196
-268.75841383242255
-267.29518003302786
-261.3314130070364
-257.618363299269
-272.40479674904003
-138.26277914439038
-270.1942842452231
-140.06200903256166
-11.263546194600945
-136.02420734943203
-135.59196534138513
-273.37136405830114
-10.833012509229407
-516.1111709460824
-396.82926097209594
-405.78713631008316
-428.32306727208896
-431.41995053179437
-529.6763045718308
-526.4444513158685
-535.4744406595192
-536.743430700078
-665.2911042021683
-646.5624107511312
-532.6714817234189
-652.1629410979413
-648.5905888331437
-437.748628940215
-518.3221035041056
-23.73573473845387
-22.856982720820827
-141.47116036349632
-130.03623650853007
-136.2111366537339
-132.03594578877752
-139.8351184438386
-140.65668227946762
-269.51027767128676
-140.91988694699214
-140.63997056213282
-259.83729665118574
-261.06252794638317
-367.57299014312133
-133.44060975542112
-12.52719291247829
-147.93098253040483
-144.6839268044306
-145.65046529702624
-139.4784597118602
-13.00178000080898
-13.041801422292592
-144.0497748060872
-147.65052740933524
-137.119339481891
-128.70281432304313
-142.31452666776235
-9.953097899472041
-133.932770691304
-138.421782249102
-137.47616972743631
-134.33466920523364
-250.31445248958914
-137.4316378861018
-137.34780516884254
-143.77883011147603
-143.17429669764348
-256.00215710287847
-254.69028198360903
-9.57720246619741
-141.9520470289689
-126.31572712483661
-140.43548081607642
-139.70226332943065
-1491.638024270503
-1495.4088234968756
-1491.4700086381647
-138.3739316929979
-259.51065013552017
-11.585336875147533
-1495.997835665807
-8.89281704619746
-414.9126648061157
-138.85762078169603
-136.96266893612773
-9.52600625951077
-140.82381372554462
-125.24952407061785
-141.76616900264287
-252.10783883329202
-142.60692743700199
-141.78249358939968
-141.60047398728136
-274.1968052375635
-1494.646828820389
-258.12684204794834
-142.4521261228454
-140.65813617901554
-139.09612932729792
-1519.4132775258647
-144.8469083489148
-9.123463783893696
-9.179379592626915
-146.11275367294857
-8.925697885607946
-263.0339551086164
-8.6035789497207
-144.32025270790265
-140.12006534242823
-134.8331508791425
-8.755357515393452
-439.8295904242852
-1492.9001911252649
-141.29782158819555
-140.53049999574702
-142.60646253130943
-141.01305105648515
-140.5659699599805
-142.98275854679446
-142.4037041649897
-1492.600409178689
-10.82948341692316
-449.7617765886725
-268.92953588541013
-139.19176449971067
-264.00613336744766
-134.594580426165
-138.04572492548164
-138.86614967487668
-8.25699291871721
-130.98780428440503
-255.48322843148338
-249.65163390297434
-126.99824579051875
-9.64710005981582
-133.90027100142194
-8.90510514058228
-137.7703082688446
-245.47085345134855
-138.12215056378662
-139.58658741274525
-10.132337863997941
-140.17107604772806
-389.65736564992886
-134.46950060942612
-227.46161695409052
-131.82673885552984
-7.904286729957557
-362.2586000325844
-254.01821860738238
-262.39050263704206
-129.28432255489594
-131.1585505481322
-130.59328502821398
-254.04990481227037
-244.50992545801392
-127.89513508608329
-2.419833010420779
-256.75145929055867
-136.37050487736835
-2.1812225788248125
-124.89130267894801
-129.21667651780857
-3.6021637325807347
-370.3466199166785
-3.0193718343146956
-297.73443097428503
-115.58839444798195
-134.08223941187546
-259.2674152794006
-256.1695816327232
-132.63729170362703
-131.31929613715533
-237.19449815562106
-133.22362149759678
-118.39090317484826
-133.91629585708307
-316.7399672841224
-130.0304733374719
-133.38536448662526
-2.8687739491689324
-350.10263796601504
-2.4552918281088867
-136.00727208813112
-227.97225653559894
-134.23947678222507
-340.38968075203104
-242.2298521128209
-128.68156089477432
-122.14451208326618
-130.94925890089416
-133.18357255495047
-134.24783968295532
-280.8372779977042
-118.25757339444591
-249.58649797570084
-121.83582827083265
-2.703749373397147
-130.9270727249021
-121.59896549147425
-249.66870152668585
-132.7028599380449
-244.6652968071443
-130.86320857276087
-1.6061873528455504
-2.23335583453382
-130.60805738353116
-132.62066527371582
-120.60542247052021
-136.84934194296176
-245.25273818250187
-119.33313531417787
-131.54427265914128
-134.13801891658568
-7.173107511122509
-121.31834191534819
-255.20889003156282
-6.697357426255655
-132.6478817740229
-134.88342840283275
-136.18689812230969
-135.98696803917466
-123.46666757867459
-137.0395116252461
-356.7889429902487
-127.06120539311434
-249.65004276146686
-247.23709911341874
-134.98115314560644
-133.50905309714938
-485.20012495061223
-5.140831403743364
-136.47925095774784
-380.4409271511777
-241.57593766366347
-123.12387223112516
-5.087576108197883
-137.5737677270354
-367.1882970365848
-14.302752623623771
-135.2048335196833
-924.6926528836668
-915.0050917238
-1001.811016399494
-13.483927288625475
-135.8842341149283
-241.1878993238196
-135.40924424468622
-1077.0636776952838
-1048.1604743382775
-9.836241064211297
-136.74616766335504
-136.44217589381486
-1317.5503710618405
-337.53005164800294
-1251.7280931967457
-126.71245523643218
-1362.2196492434884
-1132.416461241757
-143.62470859898968
-264.21195808874637
-1338.7186285925163
-1525.8973159721336
-1604.640108485282
-1600.4984341037837
-1616.5204939269727
-1647.4486878055877
-1569.9424907702526
-1628.3796542286973
-1504.6284920075882
-1651.3511515430966
-1346.2310045159077
-1482.2573209179686
-1340.607427407931
-1460.7376688481982
-1530.3800842550747
-1635.8046696336114
-1597.6372191853857
-1613.3178597725628
-1623.8854258336116
-1651.9265300949087
-1600.0964883153617
-1467.9267639735285
-1618.4776493651534
-1582.3258444364028
-1551.5072595023523
-1524.9137730460507
-1638.4703378986176
-1566.422192467089
-1595.5668782272421
-1606.7817156416932
-1636.1255341588817
-1565.907522344908
-1559.4497071146423
-1636.5866743998552
-1616.330334384632
-1620.9034551199968
-1592.5553367324453
-1539.172954720805
-1562.1404753119527
-1575.0513247202618
-1540.3243810659533
-1510.3978368700655
-1628.8535003797465
-1542.639554711241
-1628.9609101708925
-1686.9035242497591
-1536.4144177526362
-1431.3755727767273
-1538.3185886044598
-1627.2867781094417
-1621.6862404615586
-1589.3651827171573
-1554.0968587466848
-1669.3016172981552
-1554.3338810972368
-1569.9301133726763
-1598.4290314210618
-901.2382305494082
-1554.7888979544546
-1633.46726587723
-1377.1963493675844
-971.3565451630607
-1585.7395254144062
-1550.5029664670813
-1623.4236949905583
-1640.931303181921
-1591.2748801614346
-1569.2702444659446
-1389.7611418260076
-1340.726915416175
-1192.1355642093333
-1143.8965218216547
-3.274016069741664
-925.7959971728693
-2.787472017045349
-247.62304460488215
-267.9748689186381
-372.34885553146455
-134.08039287691884
-242.89821808567615
-5.268668655707237
-137.4422747498798
-136.08977004680276
-252.49113922089083
-5.007490744339237
-5.684819803542744
-122.29602800290904
-137.9862867361395
-123.45822754455091
-125.99285227272726
-121.49242491025751
-235.91356129383212
-126.21872447685087
-241.82590685952255
-140.8074914229461
-244.23546279641712
-12.275715142314127
-136.6407190893211
-9.966109178619392
-1070.314582702525
-137.89799318321153
-139.45181296816725
-132.78089844488758
-129.71353350722103
-245.41186020857575
-1056.8001975401312
-132.84429248384595
-245.68508210136994
-140.66770338444044
-145.93671437529486
-20.607733256971546
-133.42815124456496
-1039.3935840761965
-151.79397494340114
-154.45068494580218
-26.8255327902432
-252.70627106540363
-253.50477211990176
-1147.1837565530038
-261.1609597439043
-17.87414734889253
-144.4932453726036
-142.14428925499664
-148.8924211164079
-153.22785406816507
-23.862166095139397
-152.5670519182608
-146.21970550515422
-24.144614316043906
-624.920726925332
-520.4794887780059
-530.9055655562107
-742.842854513399
-516.5520154036319
-528.0770449811837
-632.0092491544771
-555.5158763562715
-530.399464575174
-842.2945373558194
-1043.432797219054
-948.9248741293753
-1075.79956268114
-1183.8586896604504
-1211.6744659561327
-1071.050261537834
-1212.7498764054528
-871.9461640471309
-134.49959142120244
-135.7961780930514
-904.681234729403
-136.03916663542262
-134.7543963037352
-135.0640484620623
-138.83437957231126
-12.212884291095406
-131.55074794986686
-233.58474304108728
-131.42380298052376
-5.621765662618485
-242.03185160784608
-133.11931064398945
-4.697033134240438
-130.97277636159973
-259.8882142296977
-132.02020287123068
-226.80733977204508
-131.0110013480118
-7.616407670441885
-135.9111562935949
-126.41505304693189
-133.54992766335099
-131.3580894330033
-122.65263885420427
-132.34483444800378
-131.2572729858944
-129.38536282218064
-380.78592783011743
-341.7839483974642
-134.2217225504963
-124.92529646691749
-135.23594621406156
-121.63679160473221
-247.21066412045485
-245.39033194422933
-229.10053916193115
-133.50257551944895
-123.73806093625836
-136.55394773841817
-7.474157985155564
-256.5674133273485
-378.64895082486834
-7.580252440604244
-132.82879774716977
-252.87492840779356
-132.13461049838875
-258.12178119365194
-130.21018936090593
-131.49904673930357
-121.5658753963086
-123.36455120532082
-122.67184758071305
-124.60358299215059
-233.68598057086314
-3.0315145478422725
-128.03970627066076
-240.67730324020755
-128.81087362986716
-230.9604726223665
-244.76006115570573
-2.36180687243723
-253.2066873781803
-132.89186670147075
-2.4307692898909923
-122.70018336212662
-133.03149208260305
-122.35310018241321
-249.47210861296267
-4.760051322358578
-136.7335378668804
-131.5337448681127
-118.49934236960875
-123.04358501597612
-138.08695503857012
-134.96232717841852
-265.0694303782909
-134.63628711277067
-251.60683740928243
-8.595622593836108
-446.19384662230357
-135.53601928037122
-253.36676649428824
-6.257750505560515
-253.55339680984866
-263.98016766585204
-535.5222282135157
-525.877559169075
-525.3622137441048
-817.1714928071578
-640.33691237838
-142.21491000962249
-836.8726523718258
-797.34151476072
-128.27431714173264
-905.8689965511356
-538.1486018416764
-446.23997800406653
-662.0366773601669
-817.0435913070189
-867.3130418591174
-824.8674359356897
-1083.368319299188
-786.7547892658005
-1008.3414179495065
-965.4528487138106
-1006.2711339520141
-875.5381848439647
-998.6254256509625
-540.1625595128243
-764.1189822521222
-764.3773202690088
-879.5598719078716
-801.0345186346876
-640.4697579685582
-517.6558863051024
-742.4212460864414
-515.5880350473624
-521.5132175773166
-510.7392275480799
-521.6611770756907
-522.4462863888256
-512.985465145683
-523.005074391623
-510.3886591745008
-553.1139532234263
-672.657389567439
-518.3606996430069
-423.23218275936483
-391.9147712565833
-516.0193153425106
-493.12822550395913
-491.9962483016914
-267.0374499888285
-4.750509205365919
-760.8867651002181
-774.3347762724089
-385.40080662641697
-130.5815934134613
-859.9277539680369
-501.83724934004664
-384.4937931103556
-4.73442721983145
-639.3361977520052
-130.23718151815783
-642.8717634038801
-3.2612583766436147
-269.59273217785085
-247.90989807034185
-256.2536199640635
-135.34408181066206
-466.03180624137667
-130.55372057162342
-127.53865937424365
-127.76484092220169
-128.7702356328892
-242.52338463345555
-115.47139434078694
-2.768112431795797
-2.7253730144004287
-133.04507444411502
-132.2753028593646
-247.85440504577937
-131.84063023922175
-127.03603257738237
-249.54878794870197
-251.98151653040475
-131.81787605141912
-132.9562088819227
-265.54414591684974
-121.30494341451352
-128.47240561119816
-131.41182435010523
-5.353696189404326
-129.75667017173134
-128.0281763321472
-133.29144849938027
-130.2650612965788
-227.19777071417323
-125.1624790094983
-128.41598252111865
-133.43297940323546
-117.4242264601336
-248.22995201699192
-5.304981173615496
-119.46434619478573
-119.76053407192958
-6.264466295152348
-941.6808256768046
-248.86690594892713
-236.41050886701325
-130.13167064321482
-249.73369697424144
-927.2369047632423
-7.144990394011614
-123.22048755760105
-124.62068609156911
-526.0061481895613
-120.24018130057398
-243.33448751109952
-1073.8641228014674
-1064.8197499395903
-242.2463377168639
-1072.7374480912565
-220.8221044592464
-1005.2910418961467
-248.5838308707992
-1144.6445360700466
-1074.0580708912437
-1053.8682475429507
-1051.076027898007
-3.6546297264547567
-125.46179519165752
-1007.2321603458267
-986.5916350655651
-1042.485488170955
-122.00781783746099
-1199.2150114999254
-1247.97693858102
-1152.390758997046
-225.63798513810195
-135.0743239307979
-1207.901434506747
-1196.9073677622735
-1214.920632421549
-1137.7053753246992
-1196.9571578642772
-1080.251662912901
-3.345814340853731
-955.6075446119457
-1212.28240746105
-128.86050429343945
-116.56972586355137
-1137.6805970243677
-116.19457986718291
-128.56422667235248
-131.8361066976561
-1062.223412039177
-130.91292571930805
-2.4942847306531295
-1228.5685798874251
-123.27026771536606
-129.32945188448755
-1204.5354009802122
-1263.3180152971622
-1220.3804967804472
-1228.7589728151816
-927.7290306613479
-117.1854788253827
-121.88148843598859
-239.8997602093512
-1140.7188734182098
-241.59226368587244
-245.31583754752612
-244.01997038928778
-131.83541704012836
-120.49247229242665
-252.33296657735872
-276.9774847777073
-132.46625588883145
-1167.1918002662026
-248.3449782626576
-236.30821505432573
-988.1022977622112
-123.03107249108992
-2.593505922748289
-241.94676764503004
-122.26837793710693
-242.12630453523192
-354.9465293359701
-130.20167821042392
-936.941147912506
-134.96786011749344
-260.43295039152486
-248.1229836796145
-118.75961451015911
-132.49979550042138
-128.5166690078828
-249.9994432995801
-130.2144445516315
-2.6302180796577463
-4.404028986228113
-129.1162808196872
-357.10104104990415
-128.58900679524396
-367.1881807979222
-341.9598528918574
-124.46746495829206
-127.65980338216959
-230.42210987766887
-247.6074979742891
-126.03016018321642
-116.28285045786846
-129.98206796822083
-338.6696400994513
-124.20794987345516
-259.17290936271013
-318.914772045543
-486.3169338726843
-375.619481217121
-383.08720671668476
-377.3267136735305
-123.58559635388234
-254.06527461523922
-333.7211429403481
-261.1514173344339
-263.51616063960597
-642.0122445865591
-481.82062647255833
-14.135809440156159
-16.617411145240535
-146.83554522444572
-728.7224660960369
-761.844854211263
-398.16469319232596
-519.6289924516728
-769.0004938370557
-761.5073285433448
-778.1536018187018
-21.750172364769064
-628.5019394447679
-759.6481330395136
-761.7893812660028
-272.9693845218971
-860.9443375959304
-781.901909777686
-641.6585672032697
-803.9298550273553
-836.9673739236998
-531.560273931134
-380.15692387008306
-11.27119323243635
-635.0550908366814
-256.75763646295405
-123.65341102340066
-730.2017287431103
-5.256096864892221
-507.3840141601746
-385.336066235015
-740.0478303867345
-263.2987944333592
-512.2387518560997
-506.57862914296084
-385.1397053203397
-519.3360296711639
-133.50135747455187
-138.80480567871115
-265.9655107024512
-385.0162594422378
-2.0539135830254307
-244.29798170217177
-118.5557349282442
-250.20207642233643
-3.2571228147634166
-297.92719223346177
-245.59813946804164
-4.865130293948581
-249.4273916525506
-231.20085321929457
-129.2034728648015
-129.56119728620868
-126.7461033338222
-3.7388879845755363
-2.645613359381987
-131.62628274024019
-245.4799637475824
-421.7134126637284
-133.9552269041593
-129.68933189687738
-2.670290511148379
-121.74213850898053
-1.8425842322364727
-133.03654020208555
-252.5456483580271
-130.99906879381524
-120.65735922120383
-357.0299916550039
-129.25449035737918
-1.8038843750025935
-130.735101397514
-130.86266979838234
-117.63724705308346
-119.126040915651
-128.00033409310436
-117.60403481009003
-2.454988997871181
-239.32548585279784
-130.35829749502653
-1.6223272387775667
-121.32013844494018
-1.680355455252153
-115.76395163947402
-353.8721469357644
-126.58335066729252
-245.45997757224885
-125.19776818254569
-116.28300161756479
-245.87691933843428
-131.98225432429942
-3.358651295517443
-230.1153919558189
-345.3449622307855
-127.54730065560578
-132.83593186857053
-4.752793305984102
-126.76086455460414
-5.836293270349522
-133.06555491386504
-5.047957664299079
-131.7954697851822
-259.99677908584056
-133.20640084062615
-122.1788172462495
-120.65136867230905
-797.5473765629351
-121.6310351006386
-128.5063958351383
-121.1490044608693
-123.65608750391887
-238.79426548394358
-276.04012607682074
-242.5279471668533
-234.89042300008205
-244.82153762223547
-134.00785250852576
-115.92726061570934
-128.92274896760375
-131.40663517643378
-128.80740752749148
-131.81760751470935
-132.00665137835674
-132.20885950583767
-125.76401269947675
-5.006361310616396
-124.29589273829329
-132.32673162323914
-6.841757860555152
-134.67999026109322
-1494.7489504407708
-265.3654136686701
-128.08320011674596
-132.0041351778
-1055.1731303273943
-126.12844207212065
-225.4019895395401
-3.5061094978617025
-130.70241517588113
-116.16960510754701
-130.71822563861133
-1.7438152072328443
-258.69642716790275
-228.38746271528106
-131.98444596172925
-129.59242786909175
-246.85026929229383
-133.73088726407494
-122.46656709295755
-931.9557962138716
-130.76826829967757
-239.40624005299438
-1.7644847021187173
-118.00541045239076
-247.60379956891995
-121.3853351582668
-1000.3113486382213
-1012.5876886324595
-130.2103697713572
-932.0084510996826
-242.83561913555585
-123.37158015156108
-1271.1430981843814
-242.1138937407485
-243.61940439809354
-1093.1500678480263
-136.35436560227674
-1190.574455070411
-119.08729929705764
-1053.426152860657
-134.62998892521784
-231.25147835109357
-1150.384327444567
-136.44556640452413
-246.75634294718944
-1244.6654867522986
-1362.0752440819058
-1347.4194859278716
-1002.2621526320384
-115.02541727445889
-242.82139409320757
-1387.1704385724497
-1187.8594563418053
-1494.5930888886883
-1442.8162828609543
-1454.5955123943556
-1446.8861611927198
-115.75757332987928
-1230.074847855363
-1225.5902372453975
-1442.9165986260134
-119.60388002584527
-1418.2282413464916
-1415.6659345242012
-1220.4462689668756
-4.748967611240563
-1378.9907853812595
-5.928330173541977
-1377.3333258125028
-962.5701669662676
-1298.5550286109167
-242.42019238734048
-1062.625972433133
-1396.567846793367
-1313.5398358332138
-123.47165557122074
-1386.9147265810454
-1136.1040261077726
-1366.9898947185804
-1332.211125501826
-913.8645284455556
-286.91264516557663
-969.4424913898089
-1204.2249316087082
-131.76136046701578
-129.81357606001154
-395.7383652047139
-121.9351614823605
-245.76838189864216
-136.0991015807131
-336.6059150354688
-125.39039862850531
-131.03565835869256
-234.96955091895998
-122.21385547523121
-239.57396375093026
-133.62090166579273
-2.2536545863033464
-130.76901574964896
-240.16378095410852
-233.4023647256476
-2.5496303122047164
-1.9152294516592532
-234.44136087040278
-1.8388825451306552
-271.7240082048218
-300.7341927320797
-130.9536787031932
-135.95528704079393
-244.93177961218848
-127.77297663597415
-327.3056821421843
-133.72212046454956
-131.29469391244203
-135.30903968621962
-121.31908349928327
-251.45356908875243
-239.5107193556306
-132.7620741090524
-129.6164570080177
-136.72524327613624
-3.1768649309550914
-131.96072263794065
-132.86494287698156
-250.7958412946838
-131.6247282560575
-369.06260760018876
-129.05579675640394
-249.11137127402554
-133.18286397575503
-119.8473106598325
-131.8125037460239
-128.2484139924615
-123.21384619113111
-132.35231013927972
-116.58367085122032
-130.28847831121593
-4.31423369790014
-249.57895380991818
-134.6103563368593
-251.8938693409043
-135.9612947626692
-5.3752558975850695
-6.2439949529081415
-262.16430229682027
-133.40167938372974
-128.3171694246278
-261.39339766751056
-137.66319231796442
-132.7244720059512
-255.87609533541524
-122.20189006883668
-137.70925726431332
-137.80620050231903
-262.72554223230935
-472.6901459015603
-136.1758280807647
-273.4493145205712
-265.0077790864987
-9.016520528891185
-9.54266538878477
-8.677330868954654
-140.94604696770224
-8.805072509021045
-515.312823550465
-267.681248867532
-10.70380892754334
-9.414760458583377
-261.1340498609077
-406.7583430374127
-506.4430976865048
-8.477295564066372
-8.047013086429393
-120.39201231382525
-394.8157675084088
-348.8276489554865
-115.96869403133887
-265.88343504188055
-268.33106609031586
-275.6101579993042
-127.33390332646033
-128.15617368772374
-8.305120769720562
-120.95857264735474
-287.40645803394483
-10.329259026228609
-790.3768041198239
-16.37651000298019
-697.9989023159313
-957.2155012522082
-16.019035465324958
-797.4424259882206
-812.4479727810854
-14.996206727278492
-901.8921393410402
-903.0021511947969
-173.18355412806264
-1492.553150853298
-761.4342796063524
-1491.1613315090774
-644.6930661094822
-274.0783100129016
-390.7905332822102
-147.76898120046317
-277.7728060423922
-131.5419039029219
-441.6172074562498
-143.0944227807037
-1505.1159463516506
-144.6739120967699
-404.45511959647087
-273.94511799507535
-135.59043501075772
-139.6253762137801
-274.2579509686693
-1499.179454287032
-270.8429403634949
-1494.7179460643692
-400.353333521514
-15.932382545456
-16.129363749435562
-1304.9299196125419
-271.02988650086684
-272.59848643284874
-1495.5285795676587
-148.35673462250512
-130.02406301805775
-8.564695076972084
-1058.502945231858
-1495.6103863027397
-944.8599477094131
-1495.9807469135515
-132.77519830076622
-1312.4067866318587
-119.88264764284366
-1249.033873650903
-123.87360467117546
-5.144864695629919
-121.4056663892461
-1510.3684634307047
-1204.3262282140456
-805.4622005777057
-1491.7684278061768
-1431.5821614556173
-119.55082071429658
-1356.305817068508
-1501.3485441897735
-1212.062589230932
-924.422276136012
-1345.0692521379801
-4.756949111629507
-1321.1328928479354
-121.7063189191836
-120.38955731033523
-1335.7704534850234
-121.32337696424207
-7.925092765980781
-1208.3179267723267
-8.222307989236107
-1228.9621600378423
-839.5770892266713
-838.1115370966343
-1296.6848813208098
-5.805147982028465
-129.49821534837903
-1149.4452600930254
-241.52510090489284
-123.33652810734071
-1251.1339063003795
-1423.5745702006575
-1189.4747125850877
-4.452765236436953
-1353.4539527453264
-1319.24394400689
-1469.564449546332
-1094.80633304887
-119.68696363599584
-1040.0443563791011
-1347.6754238426881
-1387.3574358156416
-5.126473247340162
-131.32526821404
-1227.625637389122
-5.2058278285855115
-8.841483013969713
-944.8944364295755
-123.7535754034021
-1493.3477803360308
-120.69738138316698
-1495.4369158707136
-132.41089445525532
-1316.243947477849
-242.17526652380332
-1394.6084719648238
-119.38542448525762
-1454.728160189518
-1525.1089355997744
-4.789474801616106
-4.7525249042711675
-129.36044476170363
-1080.2150805013086
-132.26554112137697
-130.22316525599788
-1254.352280358102
-4.42984462233971
-5.115055585909698
-1151.2139018695257
-4.771917138036523
-1090.6959526794008
-1508.5530750735425
-1522.7236471783149
-1494.4163459880385
-1314.6991984835004
-128.7967233785996
-1388.0259237607747
-129.84659984896012
-131.89608224832227
-118.49206365696833
-130.30059800549787
-1495.085144892378
-1308.634949536571
-119.62986581996923
-1492.0846473139668
-130.89707108213221
-117.5749928167501
-4.3218649368135535
-122.54040738480116
-1166.8082836688318
-131.95384046032538
-1160.6909047501829
-1448.5799469418982
-1202.4777421133863
-1145.9812564237973
-1301.4405793075089
-1088.58654191364
-4.435556766060845
-931.4878747067306
-948.9981399713291
-8.010254077503312
-1075.6976319723199
-835.7902964502078
-1496.1522362331018
-1324.807823799595
-1351.21172440906
-21.349769000527964
-137.16662636065976
-1496.9646236593424
-123.27012826071464
-132.360147069563
-5.3595166466771955
-730.9653005563819
-1508.697752186371
-1359.328611221932
-1500.0887168579554
-1514.5511434411333
-124.81344883006693
-1125.06199471221
-1088.0346814659529
-129.51727013800982
-1165.5499041234966
-128.8956529664919
-130.65247636382298
-4.107429434552755
-1411.0376997425774
-1491.2801014320858
-1175.4282878409474
-119.84160343636543
-951.0851080972376
-1493.227265988099
-950.2071647780155
-1.7434039053757142
-1191.5003797525485
-261.78687378452594
-1142.0142351380039
-965.806156261128
-240.91788479688816
-950.069811835806
-1.5743052287226906
-946.8668856404247
-1065.727028806932
-1515.216457665243
-1490.1496565361049
-983.471460481081
-1264.7877231982136
-1340.934788187383
-923.9914345784167
-1400.2296741763873
-1221.3951561187262
-1169.9660204842437
-1338.8172900914317
-960.24932282078
-118.28624611418284
-128.2766247393443
-1503.4120186132445
-3.0646273460988507
-1521.862967335035
-5.6420407416452525
-1495.4498285393045
-2.24523959385077
-130.7474012963955
-124.07718818422575
-1496.8008180231127
-127.09490613661177
-124.19952831277
-1234.9279019413711
-805.5234132926635
-128.84354895139316
-122.23071096035855
-118.52563394162122
-1372.663736431264
-1095.6120054539942
-1440.3699162796609
-1363.851734792923
-1448.2601266754193
-1366.4427902422033
-116.03735658067235
-1489.1964092194162
-121.83429502669969
-239.9893491816151
-1501.326774951443
-1495.5892764937457
-1494.7611977464776
-5.811041495702216
-1337.0294352889932
-124.60276297017529
-1468.6664086737187
-6.583215606125353
-6.650919386472586
-1014.5820845033288
-1183.1620807546758
-949.0805809343092
-8.632500022135757
-1318.4757686869057
-6.676585413160144
-123.28136461329176
-1496.1429983626172
-133.40893493259028
-1511.5387578740829
-125.06668004836841
-123.42154483875538
-122.07911749102252
-1154.7657029123814
-1502.8207453621205
-131.18903373895472
-1315.980961232201
-1431.5108210726971
-124.54618205843677
-131.04886802776454
-132.49735421641032
-129.96053499838368
-1249.195618939647
-125.17462631101424
-876.1352347638127
-124.81875933067832
-1503.8621360546356
-132.05679844537914
