-1809.248728296061
-1579.9294868868799
-1574.0070292689215
-1623.7769630473765
-1646.9549014572715
-1337.3893383994364
-1582.6704373122548
-1565.928630550329
-1552.5643547774055
-1420.3951150666885
-1601.9966574697714
-1574.7311998398275
-1597.1081130789396
-1576.275197678055
-1636.5718834087593
-1435.4540978460261
-1635.017389137363
-1566.86859218057
-1608.5391021752284
-1354.8682384568701
-1578.817532021251
-1640.638574024257
-1606.2313231922383
-1619.3361811861907
-1599.1731359738526
-1653.4814150752072
-1632.5048861719567
-1631.2699246329776
-1629.4974520262222
-1452.444199805117
-1456.4813628701238
-1614.7867524408337
-1315.0620843764111
-1247.2255373201592
-1626.3313542772921
-1132.564350952267
-1341.0783437812647
-1335.654813435125
-257.2353936168235
-505.93925283836694
-674.202477428001
-130.6508737020413
-396.92788844370773
-374.23292113086404
-124.98101206647237
-503.55066624726
-131.0297204066739
-589.2413023487053
-243.10947433076026
-243.07237125140597
-3.048154181202796
-259.40286568272404
-798.466976063202
-0.8532533826507264
-249.50140031880161
-1.3357077643655255
-616.196180748498
-245.50361613283064
-377.1978177096125
-128.04983996144583
-129.39588787036806
-245.0223111755202
-475.54571794937584
-239.75487348646715
-492.45166548550884
-1.748690275021976
-368.50745404075127
-249.84903842523013
-132.6643946773889
-522.2261895499208
-251.51659713816048
-262.31203940959944
-261.42018883755196
-496.03546204940085
-254.1894444745692
-147.60737335530249
-272.42496922132176
-270.445058103849
-139.72913615877798
-379.21815573386124
-21.608719423036366
-142.32273864091763
-250.97843657637654
-142.9385602861634
-330.5550277793021
-1.74256523331631
-365.67663216957294
-486.2884948880744
-375.6026626831728
-251.95525630792488
-126.06289317108191
-483.8055134930529
-421.3882842459371
-129.7994590785305
-142.95782035860108
-15.922228585901728
-140.49636034783046
-11.634855291649057
-131.0193493013767
-612.7907735900294
-382.27553573406374
-142.25787721636158
-1072.0157148855988
-254.42780036248823
-133.1416511067889
-249.35569013063963
-534.0679625402522
-254.8519743824945
-139.60190884752222
-380.11270034557276
-14.352627618050791
-143.4283969793732
-308.61175261611425
-20.740230119871704
-240.64502501268922
-475.57919784623607
-533.6660700719382
-260.65510321225054
-364.1857296360225
-1491.9666401239385
-255.848256285875
-128.94272158830344
-133.72021900973684
-119.06701640399248
-131.7402647039743
-244.45058519518784
-240.97074478110446
-262.26841528650056
-122.74489963406457
-133.7287347861513
-264.4442297978767
-129.2542134768319
-247.1813975293795
-134.26873066398258
-0.17477491438692921
-268.0157506162257
-270.20091734559554
-131.2607031389274
-259.6559854055411
-139.12680291363483
-57.73568113011876
-265.29651052899294
-144.3475771284875
-378.68509290637695
-3.675139337519824
-227.91801235789742
-131.32898224037282
-247.4892117061556
-263.01907813267064
-285.58609940715485
-141.08816865603694
-264.7738609258739
-122.2333248972781
-263.7928259965655
-404.7034215296168
-394.01848401532254
-259.6827674578159
-263.8961099550948
-130.29491526522335
-243.67639965752826
-362.5632398228763
-134.13484758121996
-235.12156582816414
-132.8011469377448
-133.72514522220195
-233.5728999562952
-0.46740173978676036
-2.0216717575355934
-118.69958704731175
-127.16518335739528
-129.27276874667785
-227.7693723669798
-130.51696936394166
-125.4496512969113
-235.27796286995863
-126.45264070300914
-130.44585173302008
-124.45781034109797
-6.0308797369893545
-247.74694766332314
-135.41000684426416
-243.83039673567004
-223.49262367236744
-120.93194074688745
-129.53617375138435
-2.8941436145472004
-130.4219517822966
-131.00316172809693
-128.5916496050125
-274.47434875963086
-124.94648874283848
-131.73945131331556
-391.94520671676526
-2.3430573430544124
-133.2027745260762
-251.50452897529246
-229.57483515988113
-241.9933034853905
-246.35532125739547
-241.59624115061573
-127.67937584250852
-245.71523822112462
-246.67624001762832
-129.9604354558244
-127.30019917710698
-1.7156792984888292
-128.1226869572
-126.43223744347658
-263.0000232955816
-1.6586695024828526
-1.9562575591618951
-136.28491811534292
-277.4602611644472
-120.78483367245222
-4.591641806746247
-265.184476258047
-258.9346622543567
-124.50859856368636
-120.73929624121723
-2.576211373327017
-132.08357050206814
-4.6898543292478285
-250.3779592742482
-241.31635126625685
-248.11230828104877
-368.2465280152771
-137.39883432489864
-7.30923862281224
-130.46905626583867
-117.5308491085478
-256.74925027575557
-133.527527324046
-2.0323739580383577
-251.20795481689623
-136.28331385431383
-135.59004068640982
-252.65309641283145
-130.96749915723566
-124.99911286266114
-129.86007561328373
-361.6575996652604
-120.65395839097785
-118.60459078960154
-130.81464121629088
-116.64209478847707
-130.0991960739213
-1497.9213403347956
-134.31066171050878
-527.504838698032
-129.2561325191802
-115.61840750146649
-128.73703991278512
-3.5504101325982975
-131.08062150028783
-134.1852997768523
-137.68482850075583
-430.48521006958197
-11.324711329294638
-376.9115555396339
-9.748648977293769
-122.81007209065875
-265.62041703819114
-252.9186733853762
-140.13891666632068
-144.83087689468806
-148.4292219364094
-19.17285964013586
-268.397649892743
-145.70215953075703
-398.614240132973
-257.52600136663955
-139.40685745119544
-23.039819781131737
-150.87739437190683
-256.3018068420303
-354.02617194870913
-153.18440347220363
-141.7367389676841
-264.94460983936773
-244.73581391768641
-1202.3554822108963
-247.30071229129697
-249.64173635774927
-120.29439818802145
-132.52288226804373
-287.55080943988764
-135.38156428704838
-0.6875719545673933
-129.40265462718685
-130.1807781470831
-130.53988689523666
-261.72512426129555
-128.1172693606908
-126.8802207883183
-119.1785525837627
-121.71326959044782
-14.050065940018268
-134.15190173163325
-131.13598286555975
-117.92933639639584
-249.16695776939133
-2.8781583355538896
-124.3848739026313
-264.67311056681814
-3.9754038570595336
-127.61504399645285
-142.55089566629107
-259.30091884106935
-139.20880817877944
-119.15106051261921
-135.85219861399233
-128.9580225654719
-122.41425338671823
-115.38236990657482
-265.7174059133343
-124.54452395558582
-128.10811562971995
-124.49610026405269
-240.93725404426502
-131.11619123945317
-284.0051089619784
-131.41383698143528
-238.93679931855786
-123.45226011416392
-2.182999109505871
-300.58683866510296
-3.5096292607732447
-253.57113382156058
-126.21909645543747
-246.7338010533329
-2.253580018040367
-123.87104761117759
-2.834432715826109
-127.51687066834616
-131.6140603624678
-122.80178853740544
-124.31128209270878
-377.1767329164632
-2.287726914499986
-129.42968575121532
-236.11814372116706
-3.1175853245329748
-130.44057984607142
-123.10398704346689
-8.565304929173003
-117.45499647590412
-133.79943788979668
-128.46489180439139
-3.2709850813060632
-255.12689133502582
-135.31495233471054
-146.35103219131435
-134.16602762718722
-267.44096728035
-274.88013021681064
-400.9470236212434
-133.4276284711394
-126.5072227319456
-132.35858109718922
-134.77973993218907
-5.9833909295639565
-132.1534978619209
-132.82622741321148
-7.05879448727186
-235.7019267902922
-131.27139502251748
-131.9009961970502
-238.497868656556
-124.52852638948603
-1480.8179979246052
-130.724617758686
-123.37803939217613
-117.912277943364
-128.52470402089347
-245.24751875921015
-124.06423302643807
-128.9375257434324
-3.4796352927498426
-242.71203016523896
-2.613368200567956
-5.598292796207454
-128.50541768385216
-134.40839769945526
-130.08024414748232
-133.3332974079028
-247.52461374033007
-260.6664717077438
-235.64600963258928
-255.72131941945295
-244.18982802293297
-127.16825295126631
-129.71785189341972
-233.03505175750593
-124.78524626333275
-237.37214169717933
-348.1758481951761
-6.252914074364109
-247.5909857711821
-1.4522321983812327
-1.5453872650594065
-243.4512473826258
-241.45083230341558
-126.7964677434616
-136.84083371745552
-525.8745598470165
-149.97601514782752
-149.46446090492356
-407.3553259153964
-394.19017646814854
-264.4035468483045
-395.2122045110377
-268.37591005176307
-142.7595499187038
-13.932927195990095
-1061.2274003458804
-130.3205595023973
-480.6467745283608
-378.8563232760105
-7.482189460843832
-252.25133248668897
-138.05319813347816
-1089.6135711817683
-1060.5314774483368
-6.803548706584687
-248.12789710841344
-137.15130525065672
-13.92407377297529
-145.42808761669738
-142.74350953743655
-16.746999981719572
-404.8346268025379
-899.0019602056497
-324.78476786976233
-136.35955077692392
-259.38774590394183
-272.9467941840087
-260.51571441168943
-267.528985632679
-136.01269127378623
-271.01516656034613
-251.83939076655435
-241.51215720218372
-392.8492344927018
-132.3557907731939
-129.80022779019592
-381.90885671987763
-136.79208765932415
-143.68560708263658
-932.8097270838947
-134.23815530008264
-127.1893640046527
-120.57482153800798
-10.122578911402373
-118.56888934208499
-128.1433825033229
-219.564447281029
-135.64174558147405
-137.11721841200944
-126.50883016077961
-135.12657158794184
-9.90210037204253
-237.13970454120027
-132.65419763627744
-135.44473378537688
-269.44774738975815
-501.41666882195875
-411.24347200728636
-248.94326166257093
-131.30309807691322
-139.65331958357856
-124.8196605097773
-134.79522097232953
-123.45285937491438
-1491.7772669174306
-138.01365792543191
-124.39743893466317
-280.19455762308615
-129.27503622293622
-8.228014805635771
-5.604019189900601
-229.88211047560867
-139.2582902181981
-1491.758272937294
-15.110976079114373
-5.566080721817666
-273.55268601510994
-137.1115133156046
-145.48660098759444
-140.83265206358953
-131.26467678557884
-140.8896561714935
-273.49395831758926
-16.640823996405082
-14.38486186515137
-141.0116099184016
-235.74577329188716
-144.40734509108145
-138.2852456786543
-12.873340159879179
-390.2464958648106
-124.48153011386432
-13.227009880921353
-307.3246124230861
-260.6381900323308
-418.74613794122007
-4.884340746618875
-132.18465062026974
-255.25334771757232
-13.658089596223677
-145.7435497400888
-1510.7131450279992
-401.011812876646
-393.535147752904
-13.855200984044075
-143.9890623496101
-391.52980524201786
-277.543012210747
-280.5864490042957
-139.88464675140324
-141.10453128545873
-15.182195699255729
-142.04620289586086
-143.24242126050908
-263.2593012356883
-126.4189580759033
-132.8138409144854
-255.57885782123512
-149.42560619405216
-135.3743392473512
-140.76594964576267
-1.093856955373442
-131.34014902132864
-262.957910480179
-134.02106957145196
-8.98649027722078
-247.97108756107673
-139.63459600891562
-131.58332324366881
-289.18023745945663
-126.0281008172018
-240.88684395101512
-295.8650365019575
-141.58221279265024
-142.98185189071924
-244.2993432026924
-3.7384745431249833
-358.3184072183402
-256.1928264597544
-129.54081201932718
-130.51061030953795
-135.2775459230507
-133.66305157746024
-127.7604424186937
-263.86448211025146
-134.52835893960534
-132.6797015315016
-124.53222725579522
-328.36786411094675
-6.298623065002141
-134.69269259493902
-278.26910194591125
-135.09836658545882
-132.04113851970789
-137.30523738619175
-134.71618453912902
-132.46209044698634
-135.68028427535532
-14.31881227933905
-14.009011712283836
-126.61259957108591
-122.5285098714707
-122.75208351563016
-130.15073877787458
-4.8791573065086915
-131.96344904898484
-242.37286490155833
-127.24560916377379
-128.8267561259574
-3.855158966822845
-343.08451148579485
-240.39771269467164
-120.64595415965742
-244.32598681079082
-243.01538543374934
-123.70162610933278
-919.4774298936159
-120.76009851334028
-425.306873906618
-659.6041213070675
-119.5637980829439
-129.5589267548993
-280.2195368184889
-1170.7876353408294
-1100.1196947593376
-120.15691195277917
-4.258423402708334
-385.09807977696215
-128.20207629967425
-230.57203397930715
-115.98082732238615
-243.72443570950983
-131.4654621771963
-124.43157212101607
-242.61394758186094
-299.8702171853131
-244.5091216962842
-132.76632759663423
-269.5603789030862
-138.24280769741114
-254.60929430822878
-243.0307610748644
-245.18126939199797
-131.78376113285432
-4.848433776582357
-132.01092302755515
-396.8941136235025
-137.55496980284158
-137.47963716975653
-5.744948693394871
-125.88314819159157
-126.84226723405092
-122.85106342181297
-139.56829640671413
-134.32826598128122
-262.58834821461573
-135.29459945095488
-131.30151611996723
-254.53416342851853
-130.53663359568816
-267.1263123974124
-130.8229156084977
-125.82237763804864
-0.7997086055415054
-366.74600419064075
-129.28982832736324
-123.34737851849529
-129.06512751560584
-129.517130552099
-128.74994729543099
-135.82310564127155
-8.021497056850297
-127.55210933316071
-127.63393937615984
-131.4100514052582
-131.17950117416405
-2.9190806866805357
-358.7465705013729
-128.2493163708618
-133.36699664004013
-228.71737746477388
-238.5689674273285
-135.10363685940877
-260.4296564152594
-250.00732961703775
-388.090223660259
-127.47426300316609
-137.58794960317388
-139.64891043339367
-267.97571119410884
-126.85439627980662
-382.6256306344529
-119.0832050471234
-129.82100678626816
-115.37275222735165
-2.391333403066872
-2.465035730972916
-2.2955848695519276
-134.07746888694462
-368.4736245638387
-117.082086869566
-132.34502655481205
-248.00084489587212
-242.2859823970673
-255.85308446169086
-270.8871114834841
-240.31985570682795
-5.357526608784909
-4.584516147697178
-136.0372997736232
-10.06553275884364
-135.66074412984986
-242.51481206410668
-241.92468324061528
-264.5280411477269
-280.9840183719615
-129.71651938124043
-230.01201904917372
-231.25875963074495
-132.2871145984149
-233.36644065038377
-260.98021723395624
-115.61023412300133
-780.2155705424169
-784.219615652757
-5.594059201823513
-131.60597455747524
-132.94218545767717
-133.87712892555584
-231.9380580774277
-138.25043748335295
-128.8834771421406
-139.77049885916094
-138.9704370474176
-356.0188372539006
-144.197566280901
-266.4514874918815
-132.1360235701502
-131.89178387196526
-125.36833552861899
-21.48574067042552
-237.33646682488643
-249.84990726994877
-119.78074443533438
-267.83956082023565
-269.0304284854165
-149.5278673275208
-273.49287865581255
-142.3508553148521
-147.57319894977815
-264.15519980926615
-147.3551139034676
-251.75035866250388
-256.7545527449102
-134.26350258144484
-143.4769796413956
-259.209624295689
-255.99207130174426
-16.179612773054405
-483.1917406502125
-399.11662958039534
-390.4848025924958
-148.4294716507827
-377.23968188717066
-390.84838984869253
-401.64024764511925
-24.55124207176069
-366.8050776575262
-145.899057388533
-133.61938988149285
-133.21440069586146
-121.64994234505261
-337.9095628082083
-2.3847865891132516
-129.17281214973963
-250.8793704684202
-247.3284118335004
-248.63516071613856
-237.41721371667046
-127.5239585845268
-4.646439053937881
-129.8269267751299
-131.78983050448812
-126.92374483899978
-126.64241596788892
-2.527945305399189
-247.37279648176596
-2.19220959249789
-349.49381328653647
-121.70401726324934
-126.99598616767787
-130.0966561131611
-953.9825279552599
-238.87504445035995
-118.62772616673811
-1.0362134789292816
-647.3460992215543
-261.23200598125004
-131.9741049717725
-124.1228529750281
-238.54015796841557
-125.84944044651122
-131.07837601791917
-121.03994723381007
-439.0170092767062
-1.2352157536000417
-1.6727505049289209
-122.53133890660375
-114.58815477955241
-268.71554642111187
-126.3222471316831
-229.1687256245378
-278.01232565148496
-121.73257000278953
-0.46389047023679025
-256.2471782412088
-222.79452487400837
-4.2653495503471675
-5.939360340353623
-133.09641014981892
-238.17670739955506
-133.52160497240297
-129.7580888096495
-270.3721849528694
-2.5677525982964466
-126.60074773069923
-115.25134965037365
-117.69571765143313
-128.35777226111432
-255.48854604269584
-135.52890604144625
-8.17002363236498
-131.0330843757954
-122.72908934168869
-125.8787551781426
-2.3117533209400665
-246.95840838253363
-119.06757989190235
-132.4234413738099
-237.1279730859143
-1.818735716239795
-281.3867354383485
-133.16545262988961
-117.6719708325603
-331.9640658495882
-3.873225225019294
-133.51478114922705
-115.03934842412603
-1.0475172432786084
-140.18145660985877
-122.29773951553345
-123.80879564113398
-119.76890983144357
-1.20391030009446
-240.7253576891478
-250.89331231537213
-121.31879966583809
-2.6556935247683375
-131.9035437801474
-399.4895299322275
-254.9967662055692
-132.70976343212746
-128.71598229029
-121.08705586180724
-137.76456471204116
-1493.8141558754696
-276.5554305633083
-259.76542242339144
-1495.82076449177
-134.26374138971008
-2.7937496067140453
-1514.972743144267
-405.91779435012626
-139.65675741862634
-1494.0024077518867
-1496.894487512186
-4.200801947939579
-255.54122941060797
-1492.0871528556945
-9.6824669460765
-9.50202377361881
-142.8014581436932
-533.005394937849
-125.19643189409034
-258.7587581494354
-138.8725831928221
-135.0034653926347
-132.06778804976807
-14.073700609689967
-252.4975585982972
-145.67515006925834
-139.7831580707274
-140.88166257384182
-142.6255690741155
-11.150959653481218
-136.27319020287388
-400.4217369123563
-140.44713733062028
-12.036035625500924
-138.595994818963
-919.7889391356559
-254.1186239544672
-1146.2259022491012
-1084.4814142338398
-925.6626051242479
-133.4953822128878
-136.472836985173
-264.20170203330684
-4.461926863391981
-138.5748550067502
-124.91122610398818
-139.57361500714347
-263.09770479739
-143.18411887530183
-142.12055473684057
-17.21584369336097
-255.7783734061419
-263.4196153359039
-138.1571624630863
-147.4284217797016
-201.8978252639165
-138.26347055203584
-143.9155161435448
-366.43919466632354
-131.93835674617674
-135.19569460204772
-310.133596678201
-243.25723096911548
-130.08337658808924
-160.38005019339732
-138.969945218361
-271.7281440484266
-12.90819944526813
-247.55939032323468
-146.37189462827317
-275.6867926909563
-393.4500559405074
-264.2948635633625
-256.65765969334757
-266.7615976421136
-146.87039767074813
-131.51317322088775
-147.66634794446054
-126.80348606736197
-145.31590946972378
-143.57300296647819
-22.948428824701576
-972.3175351920607
-287.87042882454836
-0.6859357395746206
-0.9220378264078707
-250.41539465957584
-267.62546663405664
-19.875469083664928
-5.784538945129089
-19.35586287133909
-125.53038620071152
-133.80174938860858
-137.20639121516115
-257.3027852930806
-366.6880206835277
-129.27650603529406
-261.9473972886912
-130.56333220320988
-375.0274254241811
-135.32540696541162
-1.1932745500560202
-24.19445524428103
-256.68836731008804
-260.2890992229712
-402.29710268320343
-1.508877825265838
-23.0302446527361
-351.99950797633085
-269.0290222406883
-243.04578200204884
-399.332260841236
-263.08788752353234
-384.9998282710197
-148.77522514685677
-145.14147585206752
-247.2459566776456
-2.227553769957691
-121.8179713935844
-248.51652998964332
-132.30077523308935
-148.38926036917007
-368.2693353450712
-251.99588997511157
-15.732006954569364
-145.00652307377604
-135.413754558554
-137.89597715704917
-144.51874280259844
-148.19037826432614
-23.6551109016566
-140.80517892406033
-146.90077285895688
-131.16870742857196
-267.5246872844951
-131.960881506307
-5.911568092277236
-271.11971532365453
-144.98922618463888
-348.3629170660971
-139.81535640812902
-272.3242080090538
-141.48473734268822
-16.46292834479236
-147.0229698605941
-143.33052170865935
-238.23326016813084
-243.7951816959413
-380.7603666024513
-268.9017934854193
-137.1600596055162
-131.12412875198342
-249.1511317137749
-859.4190393863358
-145.5273319994759
-277.47467333365853
-1498.455014587429
-901.9361633320631
-1437.5078834717124
-150.9209451764956
-1493.8528970018813
-125.51026292284823
-368.5955801425895
-2.4165729989018803
-20.71873498658388
-143.32706333255905
-265.4705445551585
-147.28859494953588
-23.88663468003999
-134.8606525808905
-375.5623474975816
-383.5801336735847
-684.1315597386274
-11.811597248978988
-520.2196104308946
-6.522111677755336
-247.42203527380929
-285.9439935034333
-635.5004283256636
-25.806149565428985
-657.7028305641544
-664.1729658623706
-284.89265533710915
-140.1970149980126
-643.5994372001626
-299.6699893327088
-266.5987628490047
-159.94606283144498
-149.70447266570687
-148.59327819556123
-156.8464209143212
-149.29819415910168
-280.5747386956601
-154.04165609538393
-147.99738201639204
-343.55830582183864
-280.1184063353081
-374.06959966037476
-146.39755386330813
-145.46931163295199
-267.7616304097881
-261.5324896104355
-26.352929319706725
-27.080908127161575
-151.06933589684675
-152.76801591455362
-29.843940064358993
-150.83869916830056
-397.35106363563426
-344.44923917778334
-272.6747502268869
-153.89204291748948
-147.7663367621638
-26.574677848099856
-267.4432181058265
-249.29611487119993
-152.01199405340927
-151.68633731502766
-141.73200279601704
-272.88425345971564
-275.22962334682535
-154.4284912456732
-154.34080046546407
-386.3122157747275
-274.3630876761594
-669.3060043668434
-144.17051118079962
-274.94800266423016
-254.66340202082657
-484.9374359994492
-265.29845098807016
-145.4298386172832
-149.2197686839912
-137.98539618993334
-381.13656775261813
-152.54949387542175
-151.78312267484287
-248.40036353682146
-129.12722579488528
-148.6508401875978
-147.59246958275799
-236.48083263663648
-267.4951271953966
-380.4847609109843
-148.63403564764778
-151.27315334982967
-140.66894194754587
-261.81384549141086
-354.7167519742495
-143.88439083212253
-143.16358743268927
-137.95452646495073
-149.57695832497114
-151.15502826343058
-144.2334773141503
-150.3251539320959
-258.38870043721056
-145.41460699025058
-280.96038743420166
-270.59140441661685
-263.71397279476304
-140.45826980234122
-269.3537087521911
-140.27350618120195
-265.18586886186955
-139.37337826941143
-15.54713437192674
-234.49771359484504
-139.1952692309011
-254.89794417169756
-139.95852584702368
-373.54537975117216
-150.06769655531738
-262.75629469763885
-143.26300627787012
-372.7493215940834
-271.9474871388854
-140.60648646505913
-155.63585380677762
-236.07720099749773
-245.64182425515645
-11.021107312143089
-126.52747947908884
-142.07617927620285
-14.972295085845078
-14.280087524222193
-142.95645174437297
-155.89440320425976
-275.1210003853049
-271.69797590256275
-46.75978696634152
-144.49142179682548
-158.16661869398808
-155.29001232594067
-145.14302949871947
-155.6111008197642
-143.41453911584668
-346.3369059342993
-16.67994024144265
-146.74780683092536
-367.0463164428524
-28.88347456026381
-154.4799866779875
-267.0693421988689
-125.30080964948121
-930.826332837365
-148.83493133623315
-279.18587047321233
-15.611285611983803
-147.54190318972417
-5.785136890514339
-809.0334318446401
-273.4793211781135
-134.51189049566918
-273.65014485075505
-1492.6130141726337
-266.0961356952113
-142.09449932493436
-132.0912701734317
-137.31152990836867
-407.8432580509572
-153.56756577158592
-152.10380764390942
-152.8367224595974
-141.95930163479667
-17.840660241476414
-386.3472091119073
-16.773346809675814
-18.20764555217675
-268.75754990089905
-154.03905539195793
-152.26794899283362
-145.4802107308572
-148.70273349627237
-144.0607202346078
-465.6921749951911
-152.1333089275583
-133.1588966290503
-386.68605445888704
-244.48717916807763
-151.67487229411313
-153.7945811110658
-156.2504538177091
-323.64649660340024
-141.98657968579175
-273.94376753346836
-250.13642724334443
-244.94083179856162
-265.5930130278936
-265.00093041171596
-396.11571626646014
-375.3305983231906
-276.8451967782385
-154.16428186629943
-34.23015346721213
-155.49407127130527
-248.66438681739825
-354.88938346572695
-138.8920865897689
-154.59711856980385
-261.16039357841146
-150.01521009434268
-145.8853050897972
-140.9934430884477
-145.56396623630775
-128.04360660330804
-136.5343606265926
-28.081703879797555
-134.9853013602128
-154.2107222950738
-251.58292199050013
-270.01195691153686
-263.3984557087584
-265.0885258925538
-159.57907960413544
-262.8056188329723
-156.6532518196752
-402.7086836365646
-375.51142508900193
-153.34759394955256
-274.4534874793544
-376.78787844548356
-130.74923850754703
-140.28883722188726
-268.30798415376853
-31.357147826392698
-136.26509696512977
-259.03108300645675
-154.3460592976776
-8.785321840752701
-18.81767606160518
-326.6685585584308
-391.8413274055716
-254.57679928575362
-277.04535550266047
-137.40336646660373
-137.53929990873354
-259.45913437984524
-18.61268596810995
-141.18688334365493
-133.93711750792747
-146.06037300436435
-262.9114669176273
-269.86387362658013
-278.24884129864523
-148.2149423121671
-244.9089823109578
-277.70363801302085
-376.3922673921756
-1.1731972325785176
-1.3613229431187495
-249.42681938394477
-270.37376079249816
-913.5136471995143
-345.7543636044818
-154.2385161659359
-131.23543944829805
-132.05362054270708
-13.53165849805989
-378.2133067581667
-129.97730279695574
-145.22820621015774
-244.60879566476822
-150.97069678025028
-1.7505167636778953
-403.4499096434338
-2.972400083595853
-242.83730572896457
-139.88807789166378
-130.58373257368075
-155.13868068784825
-132.93955559257688
-26.506634826374373
-122.47288326804325
-146.5469226668569
-153.38172570835664
-25.262283606740795
-135.87552907504184
-140.64791466446727
-272.2023748989351
-269.01518212533136
-145.00741043868211
-8.801141157671475
-132.2479075719481
-143.40901361309446
-271.9359153795457
-264.09690949624587
-14.953309915861015
-132.96741821267057
-135.96157672139228
-356.32401958426203
-5.864542314541299
-246.6254514824987
-375.0857226171855
-122.28618102799723
-10.650097276983894
-246.40012403610405
-118.43083577953234
-1493.5914061634312
-263.36739882227613
-1060.3581757864406
-403.2210812410477
-1498.5233320287498
-266.3256818724495
-275.54402007800286
-152.38022914945887
-149.98696325456086
-397.64505395227764
-272.560833615281
-276.4488068656801
-153.80336948797458
-1494.1995944350242
-155.48460689708415
-150.8230597781844
-494.46638550000233
-265.99720937155695
-153.52899410022647
-152.14190574418598
-154.2964336648474
-149.2315891475493
-118.82585644708706
-1492.8371101648647
-1492.7333862211688
-1492.5107537215067
-122.62578626767997
-139.9115561763343
-1498.1252764570468
-137.93370751577459
-263.16056944510035
-141.90381862309522
-254.54446092200644
-1499.7804703770314
-147.4930483139644
-135.59124201794427
-14.23063041221921
-132.57963263027167
-253.4974685353437
-4.845802836239548
-130.42558214037487
-2.1294736202345312
-331.7367558216087
-127.30354336283129
-126.4552125744558
-2.1824387133827114
-252.21614913822398
-3.9408259311408016
-129.62069378697194
-239.21834570230152
-243.78925646551554
-249.02608210697798
-6.392938068104498
-138.45559307473897
-264.47051316676357
-133.41141592442384
-136.56789043026478
-132.88811679767178
-141.65159660030736
-141.6903187576269
-138.30279147955144
-137.13326420592736
-261.6153883261689
-133.92032249525778
-2.0711231746862713
-134.5864569519651
-133.0251556676953
-1499.6169374721583
-1346.6499867284876
-1334.5415921815832
-129.5788597973584
-255.6660207972565
-136.47768467466088
-132.94013721195753
-1115.839323769076
-1519.6302641641953
-253.8990800510023
-244.645168028058
-125.74398739045218
-133.65405704108937
-132.00590416776956
-1493.903955869062
-131.69301272188127
-133.9006967283687
-1496.3061669855042
-135.99138668902467
-133.79794334808236
-251.3473721759848
-129.17070358959919
-135.80619042031012
-7.891377438719426
-10.24075314964762
-139.14481289168444
-147.9231022474329
-2.429992443496836
-376.44077261473643
-6.438341040160714
-9.580830759882689
-1492.4437756265074
-133.00593887238594
-384.4108763083888
-136.38320308302266
-125.5825661436034
-128.52752158969318
-130.94101990455638
-0.37458009597200326
-126.98112837989267
-3.9668794857238443
-115.66319521455877
-265.5831019640986
-127.09590716430299
-259.85419841254566
-4.505187121897622
-248.90623452970613
-132.09903171046525
-137.53954545418307
-124.22536382135036
-0.3669399146202902
-250.95164491306707
-136.3283688659175
-229.52805161087514
-118.1571595254795
-344.57360032340085
-118.96397710554506
-363.118079940316
-261.08488956817837
-243.9579351805513
-256.2951999345076
-255.24759755053128
-132.06979733113494
-136.6739250525137
-376.65823011435384
-133.87121107867696
-273.3907632788001
-250.5360326291725
-133.7648136120256
-121.75209738251684
-235.9048490270902
-130.78299967592758
-372.8050828885391
-132.51087435477166
-2.447636123176298
-133.0859363201954
-134.87617823397633
-3.846071683360191
-135.35218740832389
-341.14038333193326
-256.1004844159348
-116.11004324392046
-135.67270672154814
-131.5527807809458
-368.03441591947575
-139.21467811029115
-260.67353615356404
-260.0498996852766
-393.8595191823107
-351.2381301081054
-375.561186400721
-259.78104378977736
-126.94330390389725
-1.2891411043666137
-1021.4949561868997
-243.81781813688423
-248.5717078424011
-1191.6702921912843
-912.5273747051074
-1052.9013910328622
-266.86339893559955
-1447.0978666951537
-1436.3016286473548
-274.574627216177
-1126.7000406630382
-133.55503501133205
-258.11417634238387
-257.54879687545184
-120.04621454605058
-129.78574176245277
-331.40031948514803
-132.25520704140084
-1.5851641963107315
-226.37719032318662
-128.02292097157232
-119.40650033475164
-1.9705323558723413
-128.94836460301067
-120.55575750812558
-133.03680683824817
-132.17460087563543
-128.48225893873834
-256.70017341514114
-347.7432926670562
-4.696006684547722
-362.7340171133176
-131.62912595207845
-242.46523547681934
-251.26578297110308
-129.56806733896227
-3.281418488644844
-240.5797850246161
-277.70895527769517
-128.63227376438252
-2.9177682402094405
-270.7298199449645
-124.65049334878196
-128.45113158026462
-120.577008497214
-297.760551822079
-129.54878867333056
-113.94226710696287
-123.19931723216908
-345.2306176207738
-128.413420115701
-242.6785249757847
-249.19232947061332
-125.39651717342034
-366.1683437175926
-126.43554933422989
-132.6734436090273
-235.06682972596914
-130.63302834110206
-140.91490386428976
-388.8298934257132
-7.535489736961648
-118.76138057677882
-1.8004762271676773
-136.163461470735
-133.0730315997604
-131.16436359140755
-125.66263389661145
-285.57024173251193
-128.95866411981953
-125.58444007658902
-264.6738218180244
-376.0885706454452
-125.2320366828975
-238.32018778328484
-4.860780765280161
-366.0538333518059
-246.15966913434877
-244.37404029912355
-240.57375402823106
-135.63839463227228
-243.13379356269272
-244.50037657886284
-132.6475840056579
-120.55547732543077
-391.1938930416975
-2.7075661989429234
-123.62375152505527
-129.30912460695592
-129.93284418482662
-235.70152061538838
-250.24080087962577
-12.503003887142416
-140.9893829841821
-136.21613479972112
-267.7425891610914
-262.2840810201128
-142.89465963177997
-1493.4817495639586
-137.97819409246327
-264.02488653450405
-139.4354570574088
-281.8707623158187
-242.55548580574091
-120.64964630351196
-6.703180258200919
-139.1621320769077
-133.34434501731363
-267.509168512819
-11.446024420079555
-1492.7986032876993
-1503.5063558861184
-17.102887415703186
-17.708949952742376
-279.76573811456024
-144.2317820235663
-143.75354826768162
-136.35344741727903
-136.10150672370088
-253.4812600304798
-251.35071421176508
-249.11617337377425
-265.3884368432659
-129.5195292097659
-118.80698892411158
-130.7225116039738
-241.01808534810058
-372.0529225014033
-6.468631189889716
-7.222392709415119
-237.3083832483834
-133.90463834783836
-131.75466372552913
-135.12769383203502
-126.83535225397947
-346.2371322670211
-242.83604652401283
-347.20639557839064
-261.2014984732531
-134.37610568513082
-243.36671773886042
-250.17185225080823
-382.5541982368929
-6.164947932641113
-235.96190229547736
-251.0550546538211
-135.0245699984871
-9.217817208911327
-140.45228498399666
-239.50334442940078
-130.77946302089114
-138.57928158559673
-245.0136660762569
-139.7254763203388
-125.1909913777143
-349.1062718640213
-249.53883761993617
-131.641692507449
-241.18935121452054
-240.6741005828495
-125.384636459669
-1.7902224278830727
-121.13779373683145
-129.59221036878512
-243.5440630787591
-236.47935933476407
-3.468939248311472
-375.769847581366
-367.2051703509069
-128.417070574975
-123.56689481676958
-122.13278402272978
-130.6894625719938
-118.77806639264826
-127.80768222470503
-232.48354346224042
-242.3566473274498
-130.80926784988998
-245.72787774884006
-116.26295854938431
-126.63420669648501
-122.49627555460903
-1.8458417235631188
-127.0952906557983
-127.00158559544275
-259.36813279887645
-118.24700288579932
-343.778501486269
-2.395394572070379
-120.70380918104439
-124.55064571797534
-122.72605532507926
-250.52019171950218
-238.38115584315815
-115.06803579021803
-123.44978298798037
-250.0499141634653
-2.402572813083612
-124.84302363311033
-238.05584184260633
-130.6216464621609
-242.53228289043616
-116.57870994501707
-125.10825491231826
-251.30996834570033
-129.71505633992666
-128.00570944201337
-243.87056216829447
-5.322233800017233
-8.856874971519385
-139.0188648652216
-415.2496449184403
-382.29449195212885
-263.85601052366843
-136.90333880869494
-132.03724101708642
-5.738046251534372
-2.5466270517742937
-244.2600281460998
-306.53602743148434
-7.869774953899335
-251.17524019796394
-258.03835244231766
-519.6156644637036
-931.4030362629514
-1212.9752040712417
-133.55892634747187
-1292.7997438572456
-2.418701832986193
-362.0113556829787
-240.21735182996102
-131.3213063225722
-6.437579650077259
-364.43018543531036
-255.66812604784437
-236.7386531612051
-7.35808731130203
-354.7872855188955
-137.15661264413976
-8.419232500232912
-135.74942103726846
-8.105420583982212
-132.82695622722258
-124.00033048584336
-391.4322488170623
-129.45099336921893
-133.58651938724913
-132.5804222801582
-5.101410225486045
-235.10838098552347
-130.01518524327824
-252.4499495993639
-129.00071772900984
-131.95250405646266
-131.03402813210363
-246.0781922682917
-131.45466867571764
-126.96586993228838
-1063.6476288504364
-3.2277801492365152
-1109.5938262942764
-1064.583902534602
-1051.72712717876
-1053.3204282180682
-306.19289530573127
-128.728399109237
-127.32409818963053
-121.72967779933818
-249.2207232966397
-525.888166955073
-124.90163848586029
-121.24482101287217
-247.48798763788662
-129.0648475258974
-358.9594549834569
-122.30765430529195
-3.8449616037926213
-245.65253948940875
-134.95980163909408
-124.3577596408672
-329.00970716014194
-132.70940102466756
-129.7362253077895
-248.81354360747963
-129.5458389210309
-352.9424240383175
-125.84912713939103
-118.49762930049248
-131.4312240205087
-249.6395653411783
-128.44872408939418
-257.60228092711975
-3.1661625104874767
-253.0119373788945
-117.03345868737105
-1491.2761648143207
-254.35553897033483
-355.1620763665032
-264.26891837837775
-129.1094257568759
-3.113103236870582
-497.2006328878685
-120.40385335675991
-244.98900901565557
-122.05356737278079
-255.0503159331324
-120.568635763974
-3.779609636175708
-238.29086200962857
-1.5648441813302092
-129.98882231670473
-1.9297245572996355
-243.42083749336504
-122.91452868642808
-370.6574385525256
-262.04662907547197
-132.62094990328936
-2.2632871110997037
-244.29277827089936
-134.22785169911006
-262.4572745979918
-123.30863299357483
-127.72261741350769
-245.6822028694428
-237.6973625403367
-373.8106736937123
-247.57069263207887
-129.00586995784718
-128.17335177001178
-141.98409019171916
-124.09860347863439
-121.87256791990433
-126.94671037581288
-232.2209600820902
-130.692360133922
-2.8585676785199654
-251.0744716516562
-122.3894775813314
-134.83088932889797
-293.4363734478484
-127.68765724993708
-132.89260205802827
-132.7165143676595
-131.41715182685934
-2.7186949719047355
-133.9690675119829
-236.5636262307509
-123.19971705277187
-130.4584945589336
-351.651998375779
-126.14447408740318
-245.86758596594237
-512.2779877643103
-512.2660451238041
-263.279609511742
-251.1020041447847
-509.6252920626445
-139.28006297620783
-236.50725400053412
-129.6724652152513
-244.38818972908797
-130.66805347280655
-135.55829577527095
-11.187524653716583
-138.38768943173727
-235.90665710001036
-255.7942679129118
-137.00413725289542
-122.26894762875777
-122.3941542807492
-7.103652871585234
-261.7034431822213
-237.8579537267093
-117.84300910710216
-128.58041007119925
-278.67030534333236
-133.2668795675249
-132.82016712816005
-377.02985712221584
-125.83899113950869
-1.4601020290889781
-241.23917724909498
-123.86431210406101
-126.3628967968326
-125.04471959813385
-241.34657340395052
-337.7214533608733
-4.395897925456818
-352.94627896021115
-129.46230114933056
-132.49359974141942
-1161.0626340595427
-126.61972535691828
-143.30231948726313
-786.2259578394962
-124.62464304067109
-128.60008944613315
-318.7814156444946
-5.72022774920421
-137.07205745637376
-371.53685600587175
-252.1654556690252
-129.59419886265084
-122.17306550366405
-132.03873596702303
-6.705305951132323
-8.816482125456005
-133.84413083587648
-251.88313512108365
-271.4780192001823
-239.170649292249
-260.2124752208077
-237.33632447847918
-9.060797007581671
-122.68849229512973
-133.06560500162965
-129.03562309415588
-245.648492942249
-241.00405132315814
-10.229256157631921
-138.00859896874007
-14.945671863946806
-281.3129352538696
-273.19431357222896
-130.81443154321894
-134.67944463013447
-138.42981824500862
-138.04677539475506
-140.37611004558818
-134.9635404270601
-244.43442654009914
-136.99263954834797
-135.2962853937614
-231.4862590943361
-331.01995286540875
-259.12556484274955
-128.4341913125538
-126.05361518269207
-3.6078597077099595
-131.6453661437888
-121.85790107216351
-131.9022681985205
-130.78032456459374
-236.77087369339966
-117.88178710724272
-132.96415045278022
-127.65899017539144
-123.96865302265473
-129.55038445099498
-129.59828979087106
-125.10133176147211
-7.745153849025184
-141.069084299584
-125.87303649683201
-128.91159453994183
-121.883447082625
-122.14279136230752
-5.31486070407554
-133.8430274654747
-13.44627983686188
-137.5299596375038
-264.1084995902238
-353.02804543941767
-123.83727948685465
-132.1938028926081
-15.593883379772965
-286.2079322147549
-8.544167027009602
-12.355039612921255
-129.82907368662717
-139.14012465558216
-132.1320457085353
-360.60103880571063
-136.0381392437617
-4.926590155205927
-13.86318563074799
-139.18651184049128
-1021.6162378042605
-616.7040674656606
-375.29619090357147
-364.73672419566464
-118.73965942531629
-268.4347938156529
-255.74559383137228
-469.05273737661344
-135.55227013976398
-134.45858645896388
-6.260323610536687
-135.30538804032685
-129.32583192337933
-138.75871506313013
-264.83101362545705
-133.65029826407118
-10.726733392140275
-255.11931934664034
-127.60350942817875
-242.48051294453876
-251.58382012890056
-125.17511763864592
-131.44396160358653
-127.67677251024999
-257.1982816457629
-5.176858064237673
-132.61352022676542
-239.86175504534313
-116.0628601962064
-136.8758864258937
-117.341459657398
-123.85422052588223
-121.51855201539848
-123.94886500976295
-137.3386412134043
-127.45442171995923
-248.76360937398772
-129.15889342127358
-132.27966918101401
-132.3777731662085
-261.01320298897605
-133.66296650483082
-125.17445826816969
-132.72818818703936
-136.55038167029483
-262.13703410180074
-2.1072616581477144
-131.87094123035226
-126.32524437572422
-128.20387839801373
-131.12428768302328
-232.47775723440117
-265.31812399742404
-263.82799444230426
-242.61280293369572
-136.85639535052258
-238.91243126783883
-2.1975466106240624
-127.53515361175945
-3.7108411114427935
-131.29864761646454
-129.687776112241
-1118.3911092547808
-132.0289313680462
-138.4941601378199
-130.8428624483783
-240.2470743969757
-133.90177312803408
-134.57369599435475
-128.62121724849825
-7.288263471299013
-138.19693338247419
-135.77011038729646
-608.3673584180565
-289.4536199597071
-385.1665505592384
-142.46601207214837
-126.57074636700763
-139.38386412284152
-143.5975871364931
-17.585666836747784
-130.01431943218853
-141.4040883260752
-141.17083144053527
-314.4705609702697
-22.714141036774233
-143.27474659459844
-20.64091948215534
-144.4314648339653
-25.395148666100006
-149.45993136352297
-396.5493943438384
-148.12086144136023
-13.585043505893138
-237.22522906771127
-117.53663071853506
-2.3501154875545374
-373.5644615892847
-127.28368161026852
-275.3551177880051
-117.25920018978898
-2.348233358135125
-231.75847515088367
-2.0782157737244114
-244.16668132273333
-256.89697084385773
-129.13304569936435
-256.23588542595803
-118.7888962302526
-122.20044413490534
-3.645204273905052
-1.7023800046431783
-129.46670125772468
-133.09883478992677
-126.43566264743866
-131.95376486174285
-383.87547235315975
-4.2539813709187495
-130.9847964218317
-242.41498484624472
-361.9575417797989
-243.35810794310268
-120.37220592345344
-127.97142113271843
-244.02577174700718
-124.25293756071764
-123.84154528036497
-130.84553267572855
-125.01861864681823
-127.41078775872121
-123.83288697241206
-238.84928828848615
-256.5199355077181
-372.65573281454743
-136.04388530699686
-134.808324610891
-125.8673228643659
-127.9790143233878
-127.62046141517806
-142.34407194408146
-124.34246311538585
-298.2478705886046
-11.167534131702851
-124.8299882161864
-133.29766451574375
-136.0577209318078
-135.47090007889412
-304.4529164054441
-287.8778987600361
-132.58879139702844
-124.2336555108466
-130.75099338634817
-125.31285414354141
-129.29808633811763
-131.78590098226363
-255.23185164504824
-260.3860591744041
-129.3345575772326
-131.66920449026432
-121.98122700854971
-135.41328621090182
-286.8565194869019
-131.38480395338894
-118.71277949411194
-349.03748592482873
-242.23030126815814
-259.5557540811614
-128.7049121057899
-257.51434154781145
-257.104902070546
-136.8098586857534
-530.7687278225799
-248.1455790170468
-121.45654215529471
-253.90817381079728
-10.234359162718036
-147.31938319412305
-519.7679181207241
-378.7847711622199
-127.06135635611457
-1.8412636184682194
-116.78796920123085
-127.26704200613264
-252.08413414054004
-1.5143482740149947
-256.9417381749397
-255.17990192720538
-250.4357918715441
-135.6948056120574
-397.7300225177362
-126.5172503789788
-128.09008995275767
-252.7821754671316
-233.45482364105004
-122.86476494274802
-2.101645151114572
-126.23075036875001
-986.9163530289901
-653.9564322181525
-132.4053571415694
-124.05452016884207
-137.28836380539846
-141.42238150886794
-15.2750603174422
-141.28709949801177
-143.885779945301
-511.99030781205187
-344.52559313667314
-124.9057224187973
-378.3276235105686
-135.4762842318074
-9.43773456440016
-322.3008955656809
-139.08567878550028
-131.10398376225433
-374.86273318532926
-151.8444528446873
-261.3628440030497
-261.69620203058304
-124.60657082523689
-128.1224160061517
-134.4795186332865
-263.4702200511493
-258.2264128067624
-246.46820403486868
-136.8398050982371
-265.7797732305061
-129.57014208170315
-129.61008498711703
-129.1919029334056
-123.6166985413286
-131.88624882552898
-2.0503822515138803
-125.54750804113142
-1.902205225765902
-130.84118138105785
-119.95369429638555
-127.41861540164213
-7.634096880064567
-264.4678974694654
-137.22176859965512
-12.984993429027927
-348.95335755513844
-134.98040976169983
-138.98810763548
-140.82659345018524
-142.1652120337173
-138.63290377139998
-254.36854585180637
-132.8443303800778
-6.5240685859089895
-133.30023983537018
-257.81814777806886
-270.3353744918348
-125.54263904311188
-129.10684493336132
-248.2480211327237
-335.4483023629172
-128.70537890343962
-249.40513157728836
-380.31714166977224
-126.45412487914196
-7.0087986372392015
-130.43761240163798
-377.6229611463781
-132.61286755821652
-133.3487849999286
-373.4567109935557
-123.71517557283605
-239.2286915815866
-129.82229394306046
-117.13422573761505
-128.9088407087771
-350.1438758143479
-128.3336836365042
-294.284907818434
-243.08737918579808
-125.27905253396554
-131.1697900628333
-130.48587033622758
-128.24108439158468
-357.6742669426989
-126.18325913614467
-125.73329372928397
-245.39573220626892
-2.4960338818240677
-274.6534018499214
-1.8123383339318262
-132.1325418797605
-241.85339933938184
-126.42779143054251
-121.07214992144905
-115.03164528351405
-246.98519214897578
-123.11471684024579
-125.95186969442335
-295.9351364767426
-385.12130333006314
-351.66132332996926
-133.35432640446055
-280.6883223840927
-2.486144597142081
-240.49928277041502
-236.93436900921603
-129.77603034683503
-132.0435035375636
-8.41186124917549
-131.47108776791495
-124.52311895217645
-123.5463960372121
-338.64569652662937
-130.87234561147096
-131.5356838336174
-245.34831803684781
-240.5165356443289
-128.86782456443558
-239.8558490160166
-255.95590047361225
-248.31528395809875
-122.9083249098076
-119.58691891876796
-290.3991942676888
-131.48604203731813
-121.4811352057265
-2.7051057916518704
-118.89628236057155
-247.84086921498832
-127.63468317307914
-257.92583404216043
-352.19648017724523
-240.48126277014896
-387.026491824121
-234.68627562703102
-130.50458686198175
-130.60674654458796
-130.28937556473912
-285.54508696407544
-235.63352867081747
-372.8642245628433
-991.4194816354957
-131.25607123824742
-8.993162723792157
-263.2346313186676
-131.8206999073959
-392.36386258204544
-127.15441855002238
-399.6131565749349
-361.89567815673377
-127.7997416282627
-125.8104426597332
-130.01816951247025
-356.5060142845187
-2.7905827527791187
-241.86337712387095
-2.6075823818485135
-125.97433987440526
-127.17474003838032
-129.20659328827676
-1492.1830536912362
-135.80498698866202
-120.43167343692856
-3.2765166229079576
-251.3271613722649
-235.2427778701293
-131.21519547525364
-130.76995602362615
-137.9273060562325
-9.026420109719668
-6.281358034331536
-133.58255214952436
-132.04574844733656
-2.9891651889423074
-131.59543468520485
-243.56628106466175
-131.6839475741421
-247.75295569967645
-1492.8011454266746
-132.7379722811122
-133.4574312713106
-125.75507364737261
-265.24452624347805
-122.83113169121218
-128.9505228797328
-243.97815304392225
-232.51125010562208
-131.00869527346114
-133.1840867662847
-346.92627785096056
-132.37310139044908
-130.91599046528665
-118.86880594237572
-118.2019153343878
-130.72357264059832
-127.69123768903651
-130.59450588384504
-132.35488590085384
-122.8348666359528
-118.27790370975491
-126.43794787741172
-131.51758206144652
-135.00358134868142
-136.14081285302353
-119.9881220644092
-237.4092486095905
-117.49812384852657
-252.01134235582532
-130.9509505201536
-127.31781112272402
-2.6061584537165867
-5.261940573991629
-130.23252227926034
-132.51341718305332
-272.380942245544
-130.03279390476533
-131.58033920776114
-127.33907642383656
-256.50986468223294
-127.86475768311057
-129.15000310223263
-122.05570744837355
-123.07779281909963
-129.7885479468049
-252.27895091774394
-4.883250385619371
-125.61628616368274
-132.8437262840895
-121.2360463184913
-129.63681406888693
-2.907218768633585
-123.9636189808104
-364.54143102095725
-253.35970591217534
-257.6743555368788
-383.9178956067882
-128.42292661200577
-250.61468829657417
-115.2522012166371
-124.37851523320627
-128.24812833038527
-2.342746639008157
-131.91674424539383
-240.97702958787684
-131.93234888168905
-364.7402530051417
-130.01875866217821
-4.64133805993889
-390.44607077969744
-499.3446547342697
-127.63698410400927
-133.70096790398918
-130.7973724577993
-238.55844949459487
-243.89247180080525
-260.7570783686427
-260.3714429163927
-129.9293839284899
-126.82685347757626
-123.33119334430478
-1193.3928953160614
-279.5214712591832
-1223.2351311563614
-6.173837812427569
-236.1866604188757
-8.589531263394015
-122.48428843528836
-341.4116054706906
-13.248628523710774
-248.9436636066864
-258.3728193277791
-379.1391196570545
-376.3269822750015
-246.950756865511
-123.03281232837344
-272.0988274759235
-135.97160120482766
-138.00544406267937
-130.8683682070409
-381.41853287499646
-255.48547213519578
-255.63828764760876
-268.84645544326065
-249.87564191936784
-242.81314154674536
-248.35426937550469
-271.0325982543007
-139.65914851477166
-139.1427517719717
-255.62009066203163
-140.24161319592804
-251.08969184304235
-254.48769018790776
-248.1993846799885
-137.01014561234743
-918.6094816669199
-261.9341934839218
-135.95485166640995
-249.92068556420165
-378.802554386176
-8.289300338047584
-18.290477650726892
-136.05232213268738
-136.41537757628805
-135.30902325598072
-381.54656309050927
-140.66447108089238
-257.02662131083133
-135.40144895900926
-21.638510925900984
-148.31536340435648
-254.6031034053923
-393.13941198207283
-262.57815766885733
-126.56448715602947
-131.06382789022993
-125.13766170011428
-134.50747014030338
-246.56162544986609
-130.15961302832758
-128.18660448704088
-1057.8347087290229
-362.8694660725355
-3.341813665437228
-135.46530427834716
-270.0842679081545
-130.78855198902582
-135.6814434260293
-129.69489816190833
-128.73642607738486
-1204.6248539468977
-1227.709572173857
-138.62654142056763
-1205.2905510049598
-1208.71188018435
-242.84541656988503
-261.517228153122
-131.18445378851828
-123.31979549589593
-132.084695194443
-2.814147279759056
-131.03416943095226
-249.37175301425134
-255.05412948219012
-129.65650683542515
-118.4026210976591
-250.63870619386432
-135.9779800425372
-249.17897705940922
-236.73340419261135
-268.3760643403207
-133.66655692850617
-124.73184868140656
-8.65559084745944
-128.63402997150425
-368.67868234558165
-131.2703786496446
-273.4317315809544
-20.810894263265304
-253.7337628373958
-142.11851064508602
-141.38027669481787
-274.2439149686002
-136.54818476467184
-136.0439422740102
-274.0668706941553
-259.3265169564316
-16.847688732982643
-141.89764955128203
-143.35809928762572
-264.3902566296479
-513.2681100371706
-131.23595378936247
-367.5303528938059
-289.5458205175504
-242.05639934507627
-295.6523000749636
-139.231131018436
-133.36025056806932
-296.82046909794417
-125.577169714749
-124.20601786482727
-129.01687418840845
-137.41362923656325
-134.12680225544673
-128.01946285158155
-6.792956161926912
-133.54372139972153
-3.8151068292994905
-126.34134881138809
-250.71136972378284
-237.40761718283926
-247.52440555807226
-116.78109350601052
-266.0440282376105
-241.90443202344474
-126.84673944163798
-124.6393650790449
-120.26703945224428
-135.54003821472887
-7.478307954051453
-256.11212648476726
-239.43220607924968
-117.78233327165245
-125.86566468282865
-6.817823414535065
-125.32337913714048
-124.14833770266746
-3.106032489491837
-125.74307675050264
-280.39065482274384
-121.78604929857268
-255.80826167186336
-1491.0030206419842
-136.13304850353276
-130.9261035271251
-249.2497679492613
-353.8225460004355
-238.15494681104062
-278.3331166168256
-124.55351855866434
-129.7105204000515
-296.4310478174645
-131.07907089408351
-9.015273133415892
-138.9298785041988
-136.8411895675941
-147.52496133812036
-12.150696783093357
-128.81644698349004
-249.45471433296237
-5.46344884084033
-5.0832655715731825
-134.5772987365408
-127.42947984851402
-132.07269308428346
-7.63775723195831
-119.66906965093966
-133.59508082387697
-236.26650220632104
-389.3753170588593
-345.86919642434503
-258.6773969227668
-912.0796223023833
-123.28254768144052
-128.44864214587844
-267.0525731153276
-133.228315588406
-370.3681310078079
-134.42901171043272
-129.69697530852162
-240.4615835679645
-126.78308401696054
-656.4336382562732
-272.7422397562655
-4.744503995684056
-235.41226766215775
-131.08571804435456
-126.87576326038278
-241.78294194216477
-238.64297360054843
-4.1809586749325875
-130.7253619773629
-1050.3146094045396
-5.160792813953276
-125.83243551688871
-790.5451101356076
-253.62122828415448
-915.0349256693214
-922.1615536986967
-134.71612600080445
-946.4972519397426
-233.03004119804916
-364.25485871855153
-128.24551095453094
-1063.9624149658734
-119.08971787719804
-6.9155953506677
-138.01053974003887
-126.90687759514982
-1117.3912455249572
-1069.105041371098
-1037.3223443388538
-1006.5566570591822
-119.88766335972173
-240.52481096279413
-260.50783596300613
-242.70366013899547
-128.72632554970113
-1019.6282008858826
-137.51400359838405
-133.3721600071388
-270.78113655738554
-13.446206166861504
-141.75714551480405
-255.07128250074004
-135.5280844257469
-252.1350764451385
-366.92712836397754
-363.1168069003315
-2.7982753236576836
-130.17707789412881
-136.06392313817713
-128.74320335556882
-9.763158215548719
-137.46536107566934
-4.539377693477084
-134.20720864345262
-130.94463157189074
-130.78763180421905
-133.39828803213706
-118.38612341945678
-227.26502998347573
-1.8430985065562773
-255.70050256012848
-5.02099954650136
-130.5848412926497
-129.8732141433332
-126.86303627603964
-3.23646311902683
-124.77142286836073
-116.20080469784482
-129.20876156575773
-4.495976327706687
-4.6693058294056335
-122.60571298403177
-293.63531212386226
-237.83416536433734
-126.4300682633429
-249.73010568057788
-135.15580565290097
-132.36148212229662
-127.04470720788306
-130.7249406760242
-130.69099665730903
-14.548779671326118
-400.47107294312053
-12.279652041719002
-137.40990315023976
-135.27619314072646
-136.1118670170812
-139.0008452312569
-279.5038596512916
-332.78134149502233
-391.7473058735758
-13.11005712806731
-321.3728849498146
-244.51204235669687
-384.11595846347495
-260.1162182478834
-392.63768601081915
-8.797333271752612
-120.669829854416
-142.29426593867618
-128.56401517625054
-5.991433304190938
-9.181027722761158
-9.727486101840245
-126.25816547830905
-257.85064942301443
-368.46844841117166
-390.5868714989123
-246.77769595847556
-129.76737683937196
-131.82412730079346
-381.4733863789567
-253.5284038394978
-315.7302150140362
-127.1315840230699
-129.53243708083662
-277.03522957702614
-870.977785487241
-126.7416851434849
-262.5343902670888
-268.8596112185754
-127.81513815537404
-395.73767034803694
-246.3306368872419
-5.495299349922953
-6.971820382293334
-11.955443159047823
-131.80131170380983
-7.642605394771488
-128.98718030079328
-256.7423340088488
-131.58515558198954
-129.53693920838867
-129.87178815607527
-253.71670750262618
-135.8875498585088
-139.09210102897433
-125.3549245756358
-399.31279024499383
-129.62846176638834
-384.53080241927637
-262.59229567516513
-246.99743748480955
-137.58946097587352
-275.30201784626655
-12.757718561096857
-262.77425655284327
-132.91515533540758
-268.74500574887134
-136.26584213711027
-140.3242913427657
-642.4429536582462
-492.39750785070777
-493.2091920192852
-516.9078792041828
-231.88288401081533
-130.46421095098276
-470.50288829195637
-334.8107178039239
-258.2884609573368
-133.45470319371975
-238.80037005179304
-117.60122277935633
-373.25841626017746
-119.22404741232948
-117.91334292619315
-126.21577974729819
-129.6008511245686
-307.84341875126745
-243.9961885141038
-352.1442190695993
-250.1069934726766
-259.5489985863925
-128.90131285102962
-261.2805573898201
-129.71499572176302
-130.0587918456759
-124.7303900250248
-130.10814918851707
-127.76224730370534
-126.07494092490734
-127.0213530753795
-128.94632541932359
-118.98227923176437
-125.53794323427597
-126.34473737402749
-130.9086910664231
-4.043851151924322
-129.19582029361302
-238.5459146351862
-353.43298940615546
-123.19695248086552
-243.41968526449526
-132.4217597700919
-127.64423873565819
-144.09117302077922
-779.8807067605411
-123.82219205007979
-263.7981512704903
-246.0422420072313
-123.99786055903157
-1.7480163190156304
-331.4181589325848
-355.8633995888434
-414.65158945758213
-126.52689742016871
-128.74632088441405
-126.54286098018557
-130.89814840952357
-125.88337370333397
-368.3292307728498
-118.11708300810665
-241.9923057671231
-136.46909334709835
-138.97750052536423
-131.21597799727687
-125.05717777900918
-252.6618219886476
-243.30315724138123
-127.41893281914074
-271.7002522603453
-118.43754679657337
-117.03854269666931
-5.397420567528898
-127.4112674086025
-251.89586839532274
-126.23746826917863
-5.658149540384669
-123.93688311137286
-126.07626778886289
-136.35857862562477
-926.8635455034969
-240.46103005834507
-238.53968827983473
-239.857439542801
-125.28281817264329
-128.60948016613628
-250.74747632003474
-119.15912612389944
-240.4477863359445
-319.61070667374423
-135.19816732146973
-123.51818993134192
-264.2030780802759
-135.53874535373922
-5.366262128551741
-260.2208184842744
-320.2678218471188
-342.77946345944684
-382.818285142905
-131.6126588101571
-115.75988203116789
-126.88619127481302
-4.16259082804518
-246.0677316813052
-242.60355526541997
-118.59151552364753
-129.60322338847445
-5.224078434746669
-131.93241075312267
-344.67954320838163
-244.29088287639843
-134.37676291793474
-127.16528924595359
-136.6815211250478
-137.00908979765822
-249.25999780155766
-134.32570357759894
-121.7319420148257
-134.1177264943286
-389.25301348104176
-249.15336453484935
-247.2519503941681
-122.40589064846415
-136.41301030957268
-240.94790194150661
-130.9176263360168
-129.67975979001446
-5.018279194714869
-237.5926333728127
-2.8387727278353956
-130.13376233072202
-359.09154572795006
-131.2938708540185
-122.87781818274918
-241.52936727003126
-239.4606287361104
-127.20570579374086
-117.61457914666131
-234.3855431023236
-238.34227515438485
-245.0622256917658
-128.6684977424478
-131.0808516308473
-6.808854026573459
-130.70975058662498
-127.75071859703723
-120.75837741403393
-123.9360274012086
-237.3730488636455
-122.56263868990075
-367.06312323378296
-123.72267895839376
-129.81110150243165
-130.01432922091337
-128.42722075740195
-236.2253560868337
-128.8070790317089
-131.25454406037028
-128.78649242495513
-126.15052033220043
-124.73242908269572
-245.64413011740046
-241.71996118966734
-120.89033468770883
-127.58027241679444
-134.7326041540421
-129.30699731236166
-131.3319910127755
-246.7962375268339
-125.74290440815079
-239.17928479944155
-125.37776706640469
-123.28695701236053
-376.2030839664538
-249.09164003796192
-256.34733865244675
-366.6176028211989
-251.1654919625132
-6.480278096511518
-135.47073075926352
-130.09405995504736
-1.6335703830927752
-289.96247697770497
-387.61244560682627
-369.6188625933628
-130.92121559902017
-134.37729431970624
-133.68804028782864
-257.72312118685676
-136.3795848302946
-130.71109778250536
-253.72255136251476
-141.14414399072245
-543.7064919224639
-138.2596598406229
-405.03576945172017
-131.27341872587368
-6.574773148499886
-256.6045097746654
-344.24929391383256
-361.26654096932197
-131.69142668555287
-127.81735823393561
-130.69373619669634
-130.02606860884808
-127.32653728350446
-118.11197940404341
-124.27971422050557
-129.73109030037614
-245.76677618812772
-2.208397457430044
-129.05879893384915
-1.9045559469208744
-133.73898968445585
-305.76352541346307
-117.75866603132148
-128.8504998307469
-130.9178250760907
-275.95441817389843
-266.89258970941415
-127.55711431454355
-243.13287036349547
-130.082815987896
-241.65646710423616
-123.09703293404012
-129.01580454638415
-364.8943824680852
-127.0173951040569
-127.86172159116344
-132.30903975049637
-261.88641384080387
-127.91093771967138
-240.1414855365556
-117.18304550494341
-248.75877053644177
-256.5285414982285
-318.1533318078826
-129.87328007707086
-125.87185768084376
-129.36581706112466
-131.44991593766005
-118.55141360343762
-364.86727854943854
-239.61037494702413
-127.03337557173016
-120.34165642189603
-124.88717274850652
-362.7230021596935
-6.389053862034818
-135.25338265939453
-133.42547947589557
-242.00275174054804
-128.25479483322454
-249.85357581804632
-127.65828932460239
-258.2910756808622
-365.52434738539216
-132.33175209348994
-132.44350545454887
-249.02737184610575
-381.0388182728913
-238.2126330180376
-132.17952626930784
-128.41144728613884
-242.34777369254718
-246.34947433243335
-256.91459776854873
-122.60092765234755
-241.65663898443177
-127.58871308681553
-124.57556888589338
-124.94216293917208
-256.98964566199913
-124.51230092782497
-120.1483088151273
-3.4044676387280335
-125.71286345900266
-130.34534196969742
-3.9860728431850396
-129.93953606119962
-244.58589313313246
-240.34396460839218
-254.7506774663258
-123.74961351456513
-5.3248462263404654
-648.3838325929614
-6.087440023055937
-262.15068796109745
-234.99656092589638
-133.05572540574047
-119.32376133237686
-132.99262278969195
-389.39581769253397
-123.485537683394
-5.0378996523855
-240.03269171169504
-279.2028838837411
-129.6522625511004
-121.52581888693078
-262.12476339460625
-121.55716900170106
-287.72799059946243
-126.36771498490633
-243.3623948463813
-4.19200454685201
-128.41437309179605
-234.80654603856578
-121.93476352143217
-244.4268397669263
-127.46310871919084
-121.88270425312572
-125.3017086505436
-133.0897890308586
-127.27837007510063
-121.07307337561778
-11.61357237298582
-1491.0548713614876
-128.22815736856634
-127.48473408555441
-127.97564236410629
-128.34550701151377
-126.03214990469516
-125.14669189525694
-2.244234100789174
-125.02130905931631
-314.4389938073281
-1.8207801366118073
-1.5922219764618686
-125.89802263541262
-125.23936992909043
-131.8042799931943
-124.03464769532641
-116.55026697615907
-394.9418182182523
-1.9118810915697904
-123.87603193904545
-117.46435168539134
-117.93801378643461
-121.97037740449346
-121.01357024193597
-2.728751161372073
-127.598518472061
-125.87576709758883
-121.13957055053233
-245.76829569491744
-120.71860814342972
-1492.4913286999542
-130.13106455127615
-129.26358929988405
-129.5166410620094
-122.13471238814162
-248.0310557094401
-253.67295248288534
-245.13432913424901
-246.55400243201768
-126.50851514673978
-2.077450930550254
-257.81772017728616
-126.59958387771626
-263.75859867668714
-129.40656834733093
-131.45462693337223
-124.08245739870503
-129.34811643289166
-286.20121634557466
-3.3548474389134086
-124.93571637312972
-267.97072485920353
-120.9376683840618
-250.9286130956798
-4.932472759625895
-245.87845921683171
-130.02035237250976
-248.20132100219624
-126.59991919969318
-130.67859283049322
-123.78350458431137
-135.15590240237745
-9.539932822328712
-137.13380789766956
-140.77834960771014
-128.206194385515
-243.62571129589367
-131.0167269723759
-131.77063016736835
-137.36041280295456
-137.55002268643773
-403.2892847553588
-128.41225716022058
-134.52178236287932
-133.10688906892966
-123.68789662686218
-130.49554976098392
-270.3273881804869
-9.257730752744173
-7.211703831176343
-1057.7402247838281
-377.87744249187233
-1066.9887276327986
-1302.9448213621797
-5.256080623026088
-1473.1969345042658
-9.256965708859234
-1552.0167222876566
-383.66829052556284
-1548.7072563748288
-366.82158554615205
-320.674960932617
-1569.3837364018755
-128.17434419905808
-5.405631772838108
-1425.9016552836808
-1556.344033121279
-129.86197095476425
-237.813303532312
-3.1669824050978947
-1583.7485787911125
-131.06605365240998
-5.78078640070112
-138.45025634270513
-14.695017812580176
-247.9638928379952
-138.17183120521688
-137.6279384999503
-134.9134998195679
-395.1952848867865
-13.645846368493805
-139.73496054617763
-134.03429070041466
-134.1630707483012
-11.075116897557736
-133.50245811089192
-247.84697637088522
-137.39763118227975
-132.46180976702848
-334.4725613955736
-372.4252456228213
-380.8012116545531
-5.3486198505680385
-123.13511101017922
-131.70325340366588
-235.92050275459263
-133.92364595990438
-11.838078760854366
-801.8724843138738
-124.00798190969856
-133.4989357597861
-132.60364543180515
-130.7272098147687
-130.46214535596278
-9.414019137531845
-132.21764939594408
-8.748877384923372
-357.5948207703325
-247.36436028481026
-264.570087381962
-250.44015944454335
-257.7766721075759
-133.9978816311403
-122.9957382519349
-373.16478565473443
-121.09232695261687
-133.01168560250957
-133.40269528784904
-8.002854985851876
-257.07523361030604
-131.56996079354028
-121.89659123028397
-4.304015937643246
-268.3170187925444
-118.19678356988724
-2.76988240821962
-363.29768722762026
-2.521942158436498
-239.36328294273355
-240.09270983176006
-128.08990381528247
-281.04492955454026
-304.9134911490906
-369.32020333770396
-124.1904839876226
-256.7970713844975
-4.776949672643411
-254.86448931086855
-249.02724805620207
-252.06650750776865
-3.955466215680893
-125.37344577328071
-410.9183895468786
-124.77412623588235
-119.09942690243551
-5.759525581898485
-131.3995938799668
-130.4622723104764
-334.1894620888054
-229.84559103067173
-125.73526843747227
-1.8760896411571462
-127.09495174805578
-245.32063088234435
-131.15199307061428
-2.004945162390513
-126.04909777190873
-123.73376464659225
-1.7873541787266334
-244.6757054362635
-118.83974875884206
-234.34924384435018
-1.5425120401958219
-242.70136412677311
-128.03604104241248
-123.68822474319863
-129.55088900750036
-243.76683318667065
-127.69988299188658
-246.04992105784746
-239.9818840243533
-247.2110995369544
-3.032221098989739
-128.5375273123188
-236.27625396984553
-116.27289930038916
-127.74027828581569
-125.56918626935668
-238.88953507958595
-241.06499603883273
-275.4893554867763
-245.99185344610308
-347.2637463863755
-126.53557286808018
-132.69402311908
-118.26986080329577
-2.550070233922702
-129.69593568323
-126.23990134082821
-355.41522645396424
-126.26401705221453
-263.0522791170517
-128.06470318815525
-259.31070192917406
-128.64839664141905
-116.46397180806535
-3.4067925057264254
-123.11639409953342
-129.1775363914842
-122.34863406872732
-130.91262595221139
-256.7130580197252
-127.62005282560474
-124.08432961763485
-131.2882905685801
-125.3892396809128
-259.5655182378854
-265.62007542513135
-361.3512176702792
-128.46081121315748
-374.5971028944091
-118.477379999057
-128.11607949688135
-121.02099462681613
-128.01416576765075
-1052.7121570270542
-127.51467750865581
-1003.8183779242462
-231.29718959892642
-124.50235583814272
-134.4927280712986
-137.9796040449383
-534.5284568122411
-652.450013833557
-565.2743335394894
-269.186936160519
-13.907598173806004
-127.86267868116309
-128.28926932186238
-131.15454411330026
-125.36821671337344
-130.02861331767969
-3.5496896028373346
-121.13851990818007
-242.83418085042587
-131.99113092741712
-240.39600703543772
-130.38621725116263
-127.96929385669097
-126.42741090369566
-121.68424358782936
-119.14514859348056
-121.80422943837094
-232.9343940277181
-121.5248299017968
-302.8909191402888
-117.22925905848852
-129.03185889178238
-319.99398975115184
-2.6280823598215157
-129.74882532805498
-125.67655333550063
-253.37241588990247
-3.7004982485144344
-131.18319739010778
-116.875766989078
-124.73065341528635
-3.519029367369955
-3.9593166922401255
-236.358476677057
-2.731419541492308
-356.4583936220803
-255.55025958523024
-244.72594774427228
-129.04048567571704
-243.74787261581486
-351.20174497199463
-131.71547648088216
-3.3070897100035546
-465.00080262179154
-248.84308455934882
-118.03898717339871
-451.05437839869757
-248.55330366650114
-124.75080065289819
-7.242292182680026
-125.89030738524143
-120.5246217510036
-127.4437313056415
-241.94131019175592
-282.09243115002187
-393.3598092356794
-124.68412235022222
-124.28147484561762
-324.6636360655126
-239.8877548965953
-128.62584067626398
-126.70460592241491
-127.5376162694071
-244.74930550876508
-924.5579161214066
-244.87668874765524
-4.3572274081784235
-127.42332588114746
-822.7968455941009
-129.51965066659918
-126.23705280515875
-240.3268716501301
-127.09572347656683
-131.90951549526986
-652.9338547859755
-130.17643385571216
-5.4185653584996585
-245.50511936609786
-345.840098414581
-1583.1628126715339
-1558.6275037489256
-130.31051937804187
-3.05091566375081
-121.44778530009476
-126.2439579664293
-116.73707828136034
-129.7364023811052
-133.61124838553545
-127.48964083175157
-122.85833624067882
-3.4832554216089653
-116.8816417713159
-245.50431127847935
-230.94509463298454
-121.92861500611068
-130.22375322233725
-1.6902328202223933
-240.55718829680734
-238.9265295842233
-7.6106462111684685
-3.3308245091285147
-241.97147090939632
-128.23663195307554
-3.823461927510977
-130.38256756910351
-117.0944837526541
-128.8688547909526
-119.21732411899866
-130.08292693856765
-126.76070537421127
-239.86438074343
-4.854585254488905
-126.61534368838335
-267.66959171198704
-129.64431678392188
-4.176475328179119
-377.7486319252799
-242.60753198007964
-119.80270176031344
-120.27805436545562
-121.03954611931073
-131.5605110458318
-127.86840599660826
-224.75076170682973
-2.672039501050635
-128.5000499160575
-3.6958846936232983
-127.8421528457733
-366.8860026682795
-126.21384448283658
-128.6191930041479
-118.10593342538647
-129.4368464023764
-128.04976557730862
-115.4040450922188
-117.43740427805552
-249.94144234540443
-3.5173525122591895
-129.1158004830777
-362.4500206355177
-119.61648424360493
-116.11623603347111
-129.45665999639874
-260.1091096578623
-296.5821192788201
-842.0458546372519
-250.23434095380162
-128.72565223150946
-7.323052372318275
-5.724631009038694
-130.18854086520355
-257.2765682122899
-118.8035857205963
-126.8487365417166
-125.10552248746559
-135.40315858614505
-349.21423206408144
-133.81528498033182
-7.659156762783425
-130.84779254695806
-134.63260477238757
-367.88046510817014
-129.02649076951917
-255.57062576875
-505.16238268382415
-503.69168264272
-347.9429012238468
-355.0157734034396
-379.3364631131754
-356.6660183697253
-2.3345738484942062
-253.1472033293115
-1.7602303223477376
-124.94549165283857
-248.13973499277915
-123.09644040445835
-257.9535826701439
-129.11204087993346
-129.047551218551
-284.8900885034794
-242.88642056520794
-126.86298707309449
-127.76060563834379
-124.71004045871904
-241.3435449979293
-118.8409656242233
-255.23874927193626
-121.61884258089034
-114.51746479686454
-121.76658131336534
-124.22511918740497
-354.10740349076457
-124.07220996221015
-236.7809575752951
-270.3914907207722
-121.23685453859085
-127.79836879831677
-239.35245201441387
-231.85317885183622
-257.5474027423807
-127.41821692417533
-131.8086346902233
-367.32701403662674
-126.40828670076021
-245.9639544328436
-126.1264085940935
-5.210749546043291
-258.40748170280744
-13.104223759752387
-1491.6508564044598
-131.3915147957497
-354.31529036022596
-260.3242069674063
-241.0310619934554
-123.58568160940702
-121.75739840046042
-4.769364939198593
-124.27579223650869
-137.47071093634102
-11.604778955790227
-8.411640803434304
-224.84871409175253
-132.8315057797591
-120.90400922317068
-363.0760913719995
-121.87033715418313
-249.43584480236603
-132.42434651640025
-263.7488557922976
-6.455424046672844
-131.06457995305948
-128.7850147905755
-132.54274716381823
-131.06540669322078
-134.25115500579957
-254.1708120862873
-124.84601159304408
-1.6292585859462563
-119.83840025596348
-129.83832496695092
-127.52190163211326
-259.04186014083507
-125.77410979570209
-118.62619754386391
-251.56836286618736
-134.31471945592966
-337.97052672600586
-9.677159753557707
-10.617983720326334
-124.21677144797516
-251.68714147583023
-11.503318170833547
-134.68442787238732
-11.453376258914222
-256.6822379875761
-254.3356478261869
-10.686108201886762
-132.07278210695625
-241.02244157288158
-119.51385043486647
-130.13106995579145
-127.76154975226262
-138.96763755809118
-133.4223867283418
-11.941169281812456
-130.46773502241467
-129.674694221088
-129.3519286186393
-363.8067898748446
-121.71252235509958
-133.6633482214058
-250.07506926444702
-1.8403703940641627
-118.02526490243453
-380.9025978821848
-130.43831246716405
-124.76158979737703
-120.30401777822554
-240.69495045249084
-120.85097846095854
-257.1244879625938
-130.12863311301982
-119.63841372298353
-2.168839030770081
-124.3046454933556
-2.45427750168556
-249.84183178319992
-240.37213776447902
-127.22078631039707
-118.77888389296868
-2.1780208439086812
-1493.9458662131308
-130.47963046441214
-239.30830105357225
-132.8603818978231
-126.34280236107196
-118.78976326852174
-121.14851393246981
-125.25212645144678
-1491.0169691409956
-128.51742112732188
-122.86770062212342
-120.18391622401636
-308.13124980371725
-125.28680329511836
-123.82519739931087
-294.53749436647104
-115.13379205425967
-260.45212563715234
-127.43970533040309
-239.55949306927198
-256.4650956043621
-125.6209236688308
-115.30562256106833
-2.510413392461297
-129.07647937049393
-229.89728528300162
-3.39657044394869
-118.45895974203842
-134.6499791523349
-119.79870373580557
-126.24979097177726
-241.00525957824524
-117.74299944633609
-121.76975663850847
-118.4113688677902
-130.45345762510217
-120.95985638659386
-228.90618476981905
-244.27431069499573
-2.1110148628584353
-124.40611337993708
-5.872390285036671
-127.93137724438297
-123.32020356808833
-332.1319930337972
-333.79656938823797
-240.75241894618742
-121.74669302504644
-128.28596131342798
-244.10456933348686
-7.293888743119171
-119.471207931845
-368.1449595490545
-246.57830334462975
-117.64500944923806
-128.7552235691009
-238.6905203523784
-4.589853697909975
-274.39102654744335
-123.12938808651036
-130.06082499651706
-128.68563295062003
-114.44187066926823
-127.37146300846884
-235.63025712779256
-118.8954911496602
-246.52395493158042
-125.92405818356359
-248.43448072566557
-123.64520017641843
-123.86771469200188
-119.97207585925051
-4.319491598372407
-131.98502245200757
-249.38318611614412
-116.7279762818089
-243.868499759012
-117.3602211241292
-115.45832846949165
-114.61882509714854
-116.16375119784877
-127.77747232661494
-1.9194096625145243
-242.5538231868662
-123.36555939282488
-129.26238443453695
-130.73262218514495
-342.36015067333165
-1.5498520501708122
-128.66156143201385
-132.40653887195845
-234.14248017872734
-3.8560323039578885
-130.18700272537012
-126.52540459970218
-5.974236333164221
-925.2465938737976
-1038.1427415286469
-225.3881944457765
-127.7016899202273
-125.19455515199134
-246.276889458443
-335.6060902367399
-118.12865601240081
-3.54064909471273
-123.75636482677253
-127.25259734042804
-232.94532511699464
-128.866762878104
-117.7806218686126
-3.182455655495136
-125.62302151894727
-229.75248959623164
-131.18234739136125
-122.88517706675276
-129.21536614558454
-127.8927554447781
-126.67945008429665
-6.647773154302361
-242.67845770701942
-117.70302566277013
-121.34813297607288
-242.87422045999645
-130.03811246539826
-122.08947022162887
-251.37426799113652
-1.7950778502287796
-133.5459164749997
-130.75974784790995
-333.17839507721067
-359.691601988691
-238.59189838248463
-124.91930885479296
-124.53526232230448
-366.6164096164052
-127.9692709117139
-1.8175996696447017
-116.1563265306204
-125.91298317519914
-127.1929278698609
-120.15631639721843
-125.34970623276493
-119.47252039204217
-247.96884955710033
-121.01594250765747
-257.46449134713043
-2.5973691168161475
-118.76762908023775
-3.5544422481156737
-3.712529565928546
-239.58299940823068
-1.7117512877741774
-1.6156453670749915
-116.51381175462032
-120.75314247740668
-1.649474433587232
-127.0629450242634
-275.173229796657
-246.98855986224854
-4.752129620499387
-389.68777114455344
-128.92898734622977
-4.590966424025333
-225.29506862486468
-133.78232345509198
-374.14461358246257
-254.53084846864937
-129.70843979082426
-246.71919102406906
-1.6764855043903284
-220.1183498206666
-116.30121530959212
-255.01056898115806
-398.69233343324373
-347.7732583372815
-393.3356410128873
-373.6600376251947
-258.21762174352597
-132.03181343065737
-2.4890893494049955
-243.66394630912708
-121.12987885808514
-343.501002649078
-116.40626643061175
-382.89712737632743
-120.14414332501576
-253.50311520436645
-122.39513922240121
-354.5378143533709
-126.21094657545635
-129.30144068261814
-126.46425379541887
-122.55033862453031
-350.8675599497143
-231.88453474684076
-327.1084595865267
-359.4287829845084
-224.81792112580374
-125.01700106373579
-254.70618797925843
-135.30302869610412
-251.9283390196165
-247.06900642415673
-390.0856791615733
-135.2230193358434
-372.12418114440027
-122.73015187670123
-387.48326225811525
-256.9413782928561
-257.3634805043637
-132.45306696128046
-115.99923103500771
-365.0667050557079
-252.1935442169386
-253.15680050111325
-132.06554139312308
-260.76314842502205
-258.80086615373517
-246.84459080811882
-357.19032844866774
-117.95220718230667
-240.7761201536504
-350.677996251927
-238.92531623101686
-128.1148188391192
-252.29941495101468
-249.82921054108897
-127.34690562790578
-126.8486778844608
-11.415131582596834
-131.51324666006758
-373.81032387174076
-371.8261208095325
-367.55102545668217
-256.1854870339379
-131.60138949140045
-374.31076074931326
-118.48186407935373
-5.541775724845058
-134.03169103521927
-372.5796440492896
-4.992069370921505
-255.68469377218557
-368.17823207373937
-253.74172481926485
-131.10521654781684
-387.2196057467548
-257.84738602218584
-253.0688680460414
-255.63968304944652
-251.79980424454584
-133.47978381572383
-359.3382911104343
-255.47498424434139
-135.42487223406064
-131.91725170412693
-359.6679236673953
-1500.0509329770077
-128.16287596595345
-278.3561387477637
-9.695063865764673
-128.4402281583777
-248.88255774596144
-128.715526270904
-245.75461950500446
-1495.5838359411182
-118.59182053185522
-118.06138528607204
-124.93804909901749
-121.04430387316846
-122.44972105177807
-237.131398011157
-241.6424744645813
-3.5487096395706543
-122.99433769169579
-122.95182063722355
-125.56725267479756
-246.096917133943
-127.31565033878807
-121.42323500634355
-244.85263939850387
-1.7770711386219487
-1.6280048421048643
-127.38975172591286
-127.8972031362017
-127.77924751544712
-125.32355003843294
-122.71780780541935
-236.28128035580482
-233.70275688260656
-242.68347520083907
-123.79823613764087
-131.41210622815453
-135.22273900089635
-125.00711382360487
-127.55450452695266
-121.5580895954245
-1.6975114390927428
-129.49847809767323
-243.86290354655407
-127.22359274095216
-2.02345164121326
-115.01384908264623
-123.49512633887973
-133.03405564076874
-125.70294360933461
-5.259635299764194
-244.73518003022915
-256.44039427741046
-127.7028377310983
-120.26300776966791
-257.75423991208197
-264.6750214390091
-115.91616995761837
-242.49118305672425
-116.60863035527129
-2.331008261890895
-119.42079375397668
-134.22873664574234
-128.8914464519924
-126.24095106476939
-6.892222056865601
-355.28767140133266
-3.7818541008752335
-4.398842327986229
-121.45589402474565
-4.33424015442089
-131.9190646323849
-1045.590190571154
-1066.187889054432
-242.67944121559592
-926.8418583280732
-903.6608954959826
-295.92344275974267
-855.2664775635806
-118.22953413473124
-786.1064143019174
-129.45034327532633
-5.185461302285503
-244.02170290798753
-130.16470851187404
-252.13368862608422
-132.0687938199284
-131.81122294252438
-132.30357660087444
-261.54371317714293
-372.3872986394859
-130.86002303552505
-361.2835400834691
-293.45397418661764
-130.11732316445833
-136.60363191547054
-133.62323262797588
-257.1319140667058
-298.3347386348179
-246.60439035160053
-118.34219824557924
-128.5409866441355
-137.62520994601354
-125.2581143695171
-246.00778483205812
-119.72147854396634
-274.08716863352487
-239.2361872115023
-133.8094435306143
-792.3681672673684
-367.81854329757516
-6.728355173099174
-131.4172940377559
-140.23883170513255
-251.91975446468282
-132.94914701308545
-654.0338818542325
-133.3629293815425
-131.49041648829672
-233.40541654322865
-133.7330808123257
-133.63814564997946
-1055.632984979653
-245.72578888669864
-1083.3646332263393
-137.24458074664238
-255.6768661088848
-1073.5434187062497
-118.66407969660246
-132.49543314529765
-130.88025364727721
-3.82380060307706
-931.8560068848127
-129.13033711289125
-236.90643711671754
-117.08951197251507
-247.99675880831674
-132.2871794329669
-128.8836748530234
-131.199071325805
-258.9432346524003
-6.889845190603153
-1490.8743513118945
-136.57249213117092
-132.44945399084241
-260.9576988239813
-133.30610871360346
-359.93698794712805
-7.572576653938345
-1494.1180607065326
-245.08916857081886
-123.84316174117978
-260.5545485069193
-4.524526676575579
-240.4945446767405
-376.40365020145435
-264.10905110852116
-256.1611291930121
-126.98441705747618
-128.69649670245803
-138.6036960844068
-134.18169618722047
-256.0520447532535
-255.58406954046268
-122.66554586587131
-131.878635983903
-271.93003787650525
-496.0827493612845
-140.97941328531988
-264.50846383761814
-297.77501527952336
-259.53013016045134
-10.015230441677259
-358.63464646928696
-257.97977448134037
-253.71949639223226
-127.77335619280927
-402.3725301316419
-117.87782865231199
-243.26936997790668
-256.62525577855433
-2.5891628458170186
-244.68598720801407
-229.51022580378276
-117.92747289361519
-1.9334141238513127
-128.9901428847517
-10.876250851571955
-259.17024919827634
-365.4839996204068
-260.2629390658567
-5.7122757198913785
-5.143475641397733
-240.97891620286612
-132.46016661132097
-127.6474341668461
-253.5246678075372
-248.68340564513775
-130.10617512756576
-247.80271481330604
-133.64888288430214
-394.8401251531001
-4.297050644447688
-256.42477690425983
-126.86992879740947
-1496.5730766372842
-245.5137899146602
-248.64179024265403
-131.0381388248851
-249.1113893488947
-240.79121574140095
-247.87230630001739
-130.77804491439088
-352.3889023830081
-245.40342982614192
-247.00936101936887
-245.015111607529
-126.74553038145024
-251.31115318633073
-255.53301690655792
-242.06017014176462
-255.58202402644903
-127.21837528853803
-131.91845665225685
-382.3467287719585
-248.3388319127114
-129.63655107375087
-125.83571088870593
-252.4299472800538
-245.53083460204618
-328.60913686419394
-124.62362942458302
-117.17720242527362
-130.27912564838684
-118.48539900781998
-133.48446715155595
-324.2834290724891
-131.3424217474009
-119.60942217750042
-117.08798146669743
-232.71040737673684
-334.94910271322084
-5.259377079732372
-252.64534122811833
-258.3724853216939
-6.171985111323354
-126.63501261068596
-132.47774347288257
-120.10892642781076
-135.22553209504164
-133.4354165360311
-127.806253371881
-116.88212452575364
-133.2806970298684
-264.1195440126916
-3.4941682653819366
-130.8285068816496
-133.20464442865884
-129.9929703307762
-250.86288940173134
-134.88328585179502
-137.13540105667016
-143.44053696209522
-7.811630919625963
-245.38368044165543
-3.1088194203887927
-130.78315890315926
-382.38815165145
-257.28616937697103
-266.7093277604151
-264.08148634329973
-668.6520498227685
-789.9994429839248
-883.7997164092469
-1491.6520763812186
-938.3987146117721
-8.35392353738961
-263.0424655466837
-259.6966599983555
-11.184615915884276
-1035.8508818749806
-256.1698209321414
-125.03713624873842
-124.42965136085014
-132.63454190310947
-119.9359085645187
-241.60641372513763
-10.444214204762288
-496.6200950827936
-378.8077532894801
-272.8529531160643
-124.02696649541069
-333.39178205095743
-133.52583330987122
-142.76629406153742
-141.26378654621914
-133.29051018954186
-134.73938100261688
-133.06278920567203
-124.27545170184018
-120.81812088480605
-123.64034813936924
-132.8540920504829
-132.30513517735602
-126.51059361285283
-142.92204417251205
-367.730627411338
-405.46593109263694
-493.06830035630503
-249.6608670396229
-135.84452541803992
-243.06551567354094
-137.19385582242813
-133.92420287576533
-135.86343587151046
-125.13020014797112
-245.90826939022193
-136.0933317310861
-243.5086976816525
-254.21236156187072
-388.0398077075706
-272.2721313937875
-141.6543705352336
-140.35473326978322
-251.7569880017412
-365.4812734523411
-135.92933384320762
-145.09718351973743
-16.22939458010967
-254.72256989280655
-139.0540622147177
-369.7604984338533
-391.4216171961127
-19.319137615698903
-138.96558824095513
-243.09697912414944
-11.079321418605678
-12.611458360144574
-15.088555854081305
-15.296112687938235
-279.88471011881074
-147.1752391655265
-398.4658071627736
-12.478340481965068
-127.37603110147641
-360.87392845176447
-264.38241458454814
-260.2100895039316
-142.01445768437242
-147.4023726698282
-140.72671491665974
-336.358151173074
-151.3042044952393
-268.5285580118783
-396.5212190749433
-643.0294804477802
-385.33301899698984
-272.5993824048375
-260.75420232086003
-17.032392022854776
-140.50404684056133
-366.8387742622603
-8.590419422247336
-8.102493419133053
-136.0721414307005
-131.19198770982499
-130.00870430628018
-136.64774908514696
-355.7448605726519
-251.46010190470412
-250.73415247157578
-131.8762393293496
-380.7203129588269
-139.21392536607976
-252.54702763240823
-135.2102568377812
-287.88679414673373
-371.5792534051132
-1041.5411092416623
-1079.357600177554
-1045.9616696834573
-912.2999890013812
-258.1119225042228
-141.7644054052746
-136.97668864897534
-1060.6367941314766
-131.97877567648382
-8.717349846086272
-124.65003186881377
-127.54681307002633
-273.5722724017205
-120.35042648040474
-123.13270030140684
-116.91690305974706
-127.38074760428104
-128.88271730085575
-120.48215523844088
-260.09717499856595
-134.96829770539404
-253.91090961971364
-143.82628737748468
-251.81575456816472
-6.943005574817792
-119.721634486592
-117.71741101916676
-247.23195110913898
-127.27830725146211
-129.78992043772584
-119.81913059893476
-132.96111176424122
-1.7364393415274038
-115.9594565595881
-128.59281390404854
-135.95659503259876
-5.408350518377226
-261.9185903751231
-129.27284023293262
-131.61038554396154
-3.7847642627447886
-123.6143244921993
-3.607990453254093
-260.0682728370521
-251.38615001784117
-131.2538878776923
-128.70092959277918
-138.0925662771184
-381.48863761665353
-131.5720951972572
-122.44050164654941
-131.1435719486017
-458.10844914436814
-132.905078190663
-134.00564189466064
-8.69746003528179
-135.74937426245418
-13.660736999212762
-798.3104232425134
-16.08573234741153
-136.15438623860146
-136.50268948300106
-133.16919959916925
-242.82483648957057
-390.8523859684437
-5.461411941794609
-127.99276933331285
-376.2412278690192
-366.72763070539537
-262.9010726824369
-6.253819540161756
-247.77317509848865
-435.02972637335824
-265.1939566913092
-268.6619588201702
-272.55013983645154
-247.9092944326511
-263.94164379921716
-272.7613079949043
-253.3536094551119
-257.31075242799295
-268.32187247428203
-260.57747404236704
-130.26097110033203
-134.9233403664223
-132.50249510001612
-126.39260074503272
-5.155240827549025
-250.81811951184403
-120.91617497565102
-117.5614252274801
-235.98254198751283
-126.4398170366674
-128.96852187735377
-126.46894452518092
-133.5918769772593
-131.0729346494907
-133.20543119759287
-250.81302463592772
-136.1871438402261
-142.19530621138435
-133.67289792977354
-281.9835841230577
-126.55108241128016
-140.2159195606582
-141.4525941556433
-136.668535085238
-237.6645817417181
-135.09571314343887
-367.0593147945079
-2.329345104582537
-130.77198302453078
-314.1386720855693
-125.82713101182061
-125.14777677987595
-128.50060228370734
-125.3322193548968
-240.58583169690584
-349.13754314566546
-130.15644533930234
-244.3513362357568
-3.569989926334894
-126.67434373449277
-124.34475279084232
-123.33160471485775
-119.14326213770073
-239.48359645860398
-120.81299629322505
-130.05423159756631
-128.14833266594232
-124.77778457912505
-122.04729245077888
-256.0770101484965
-357.97512979874426
-117.3901465496121
-246.12259553281885
-256.1187882977515
-128.41757417270807
-134.09584338292987
-124.31047906694985
-125.82726191138248
-116.34215050957816
-242.7084551523107
-258.6527459458377
-115.11012257557083
-125.4461618017599
-124.16485568463712
-236.86832039714318
-125.17817635122668
-346.2753052281646
-244.3637816507095
-5.125780557647325
-122.4302153927376
-249.8800669353215
-136.4061304241992
-236.562919457701
-255.26261233472152
-267.60144615631515
-269.59333714141115
-134.33780232291284
-411.98650261116506
-374.19927540443496
-367.4998344317803
-11.405090403085756
-128.14060592483622
-132.6337715942975
-129.41701040013524
-242.32054841714768
-265.2991881520219
-374.89726197828804
-137.85128270464415
-367.18741357934584
-251.01093681130024
-143.12858310557795
-270.83339297025174
-732.5378829290894
-510.03906484535867
-133.5801590818785
-133.53948606887607
-125.44377576267999
-129.5625326418748
-121.57734858441485
-241.8939713867019
-7.458265026883177
-128.98152620565688
-127.38289023942775
-9.2591832260195
-123.67026786550944
-3.7343292554253478
-117.86904978946727
-127.29508908937278
-122.61963946116013
-2.1692853942575696
-346.7619700661362
-127.1133429448478
-118.21299811636194
-116.34162644395043
-238.25404171749128
-116.82629992708121
-2.792431392003725
-243.4366986823209
-118.95046366038466
-130.95871613486258
-125.20900314723164
-11.52458264157067
-10.923057958424197
-135.26402487652246
-134.35281083888893
-134.90890056281282
-123.46092266531507
-124.46536985592009
-131.00793459410335
-252.10597904409553
-377.7122569123032
-251.75140987378603
-131.61287512816295
-131.35244746991984
-124.06688289783834
-247.5366426009514
-130.90866883634243
-12.695432631952453
-130.69239351877016
-127.4381857665438
-136.67320342502086
-131.54572973134282
-124.32678986740456
-9.120959824673939
-238.5529271250593
-255.10340666920067
-128.06376309370822
-118.2272243230134
-237.42072617746652
-239.62711061513482
-769.9181938867158
-635.5684805304893
-6.124628932298814
-270.16577272804557
-123.27632183724393
-131.3369149742409
-116.65167557448433
-121.31410374273771
-119.81500430853204
-125.1823102962941
-118.86783185796766
-3.958092612334472
-133.09240373493776
-244.67598829002998
-1.933179381652759
-243.2837360827392
-366.9384251337982
-130.40828640895052
-243.70876022959078
-116.8093573055377
-244.99565482284888
-118.41326448128488
-278.8312735282625
-119.28892578603211
-117.19393476729275
-1039.0534769062367
-242.7680441962936
-123.16107926007598
-231.12996601564706
-120.44684674546849
-246.01274429796172
-863.0019386754591
-631.5671513975024
-247.78077215862973
-1100.482966346847
-1023.8982965643223
-116.85496645275575
-119.75054660147917
-234.25305931611848
-118.58661786688499
-786.9815974572182
-1.7978006830255244
-326.8554038755903
-128.78570998162152
-254.23508365578073
-248.12374544807486
-256.14132286082975
-127.9769731347658
-351.51820598021305
-245.86416513402375
-129.36781944106448
-336.69289956624795
-252.68453079475677
-138.09487573722873
-13.770066004226974
-130.21018561286445
-123.8836095305879
-8.189352008492303
-131.1669087785424
-123.17801922082569
-4.773541577049836
-126.33255147587873
-125.25259294684017
-127.40344137373546
-132.7353132009884
-8.55204586918809
-133.00928657910487
-247.08502247891593
-129.60585950918906
-118.20215414509292
-133.13655645189908
-239.50695224517108
-248.1901853562928
-243.7006166380893
-132.936726631332
-237.95440726570845
-121.4053073085502
-227.32206117872306
-230.46467494740605
-5.0296748578526485
-130.5214104133842
-8.022759876611667
-125.9008893800521
-124.30321333114213
-232.91074599822198
-239.33684476512866
-223.0467935504488
-347.2266275180507
-227.28536124204064
-356.9410497322459
-117.59817410060022
-226.020072046563
-355.22390573454874
-244.69871407517775
-130.0326390669279
-4.557581126492601
-222.98920171391114
-232.71973720046398
-3.666044762175956
-236.894295218854
-227.21309898367565
-120.17297252779233
-1.6022889061118772
-331.385641860137
-221.6410365869829
-114.83072961736785
-220.82556308117645
-117.82101013699142
-228.99438788573292
-6.166486851770263
-221.26088454617448
-338.8577531069055
-118.35255174508093
-3.4002852009215925
-122.10088419711829
-122.72243168394267
-354.7180894864874
-125.98966974244593
-234.20078431659934
-752.3851553115621
-474.65611723919176
-364.14555676406763
-245.82181583785996
-128.2203680304537
-223.8978796081099
-249.04302393807635
-361.62545907072496
-3.0745450350747063
-120.48006864168214
-118.62677100434719
-222.71859579842496
-116.70002181643157
-118.77552102227519
-118.55886739740222
-127.81888258200257
-117.49844538329633
-127.71638372452283
-129.87429869491075
-2.6621960774130717
-249.362646769693
-120.26613607008389
-243.96931371372676
-225.10631109842785
-126.20026028469225
-123.21608988669746
-232.94464622357305
-361.168377639915
-3.3307833163743212
-124.86416575704669
-127.17267912749217
-253.38466988020033
-120.42476191402285
-129.83597111612437
-117.00728618307794
-116.18665765306213
-127.28971788437228
-249.96510922914845
-124.6869161498285
-246.3824952514705
-123.49961405616234
-376.28383872216716
-124.34304978877448
-122.24959450538921
-129.96118586813836
-120.21926046782272
-136.90297991619602
-137.62800026325837
-6.954748319037445
-134.75148315328485
-241.81312918051773
-136.25786480162043
-131.76866796336782
-137.28603946100304
-512.1401601030991
-250.88838946008596
-120.35840717752069
-3.417085293171449
-792.5476881019282
-244.80890009609817
-767.8003295800291
-4.7349886518307835
-251.55248941096767
-244.26135849361918
-238.05847998932344
-924.4957220801235
-7.688587572997759
-133.00669076819236
-128.77930910236435
-248.71742395167382
-123.20429851860973
-134.3750795839106
-10.34375696792198
-8.799082137265149
-123.06051246496963
-128.44744525907745
-12.231211644477737
-246.95852792192113
-241.46905925030867
-139.3315773235994
-253.41920322769582
-140.95973618057337
-141.3924101586402
-145.21811232987787
-139.12406080646346
-23.787484450450023
-377.61294428905956
-265.7350208415648
-142.73772763186267
-143.9503057693029
-19.89742584730173
-18.632238908545148
-139.235589410528
-140.30835883276364
-13.373042760218826
-14.353063757443206
-131.22983843348132
-373.67748361749324
-133.84257478660652
-279.4320877970445
-130.82629119036355
-130.697230161841
-236.55850334141027
-127.8226718043187
-6.355117930549344
-234.53088542545788
-5.05333917196031
-128.38712686810013
-130.53815327735265
-132.62339438652378
-119.50724185418095
-129.9898840733879
-135.90371313865018
-130.5927623463992
-134.65441531432344
-132.790637325583
-126.04177750574831
-4.252232278303052
-128.30927089789705
-229.01951161574118
-393.036208146656
-129.18400927809324
-124.06313831062715
-125.62572227563939
-358.44738676819867
-137.965839074505
-347.3402561603124
-241.96285433061567
-255.18326030682283
-120.60541851063478
-366.33028505023367
-118.69559026203927
-125.4702740849505
-247.14065008022914
-373.53018729185897
-117.78520252234044
-129.82397262618963
-246.16833699647822
-130.26563726765036
-373.8675460293799
-250.83761390293193
-249.40704533446112
-229.18149630717386
-260.3240420685878
-124.38035823396058
-130.42692740775487
-221.8901805444834
-118.71513738565199
-126.65370401817049
-126.14289091785943
-242.8908239513645
-247.14693678697296
-253.69044112290894
-234.28160682862466
-122.94759762980149
-132.81837626090416
-132.57072982065264
-236.67856531546005
-116.73578716607008
-236.1669559087319
-120.17072311201808
-239.3018494650809
-121.13722205599912
-119.72360680625138
-247.44014405850356
-246.61351526190003
-123.67967877393824
-221.91184466627521
-235.32981182397745
-2.2971198497148393
-118.17014777228401
-2.6099009159591455
-234.57401440135547
-125.97222350731253
-126.2260431976582
-254.53547456678285
-244.63186686581255
-233.48514133941842
-359.9306723939789
-254.55809670917813
-1.7808635576735292
-116.79559642248769
-233.41972381674853
-230.7585011988057
-126.70668614340808
-123.47017241859531
-118.39279085300552
-121.74379190538754
-122.2198101147517
-127.11254332320841
-133.3467397462986
-134.89111626898625
-327.8781135583201
-3.7173940349596544
-128.85921731215817
-250.6874502538253
-247.24756733042267
-125.4805951395389
-134.857737229162
-138.45202237712223
-396.3665990896983
-127.08873529562688
-245.123898105994
-4.839124307397904
-121.37794087166715
-118.63515139290712
-236.98486290987856
-122.2693650307578
-248.86495287920704
-131.91615340260753
-119.01485911644953
-333.1553812913019
-118.99780336577905
-122.01102147168685
-233.63068301927896
-1.6510323080162304
-363.22213369840364
-125.5368415392061
-126.30194585015501
-364.39776483837073
-126.37268784071345
-232.6841283220827
-365.1647085693828
-3.0063508678673334
-2.5569346338554437
-127.36909101441205
-119.39794024396458
-127.82378326804628
-120.64384031576975
-238.9865030423031
-237.92585463795285
-131.89942214147695
-2.9330618541749542
-129.84589146313147
-5.705186392479923
-117.87827736121596
-126.31142575142178
-362.5661429417801
-8.834013969448051
-136.64965675917728
-363.12571933649207
-123.37517328168165
-247.72409018922656
-250.61863233991573
-134.1560758644648
-127.44388799861775
-125.20595361726555
-121.41153052154837
-8.62868544140519
-128.0843045379321
-236.9314640139587
-11.091801100046808
-135.28306467549672
-356.90735287918426
-5.91289408501725
-244.7838905596738
-248.1186279117954
-127.0361572696632
-127.65278114562989
-237.82358831591367
-123.07749364192632
-128.7397325903269
-243.74320247731768
-348.5911346249234
-123.12265676546957
-1.6544565880982876
-115.13352169881287
-127.97364633074196
-127.82824024245289
-117.48991284953678
-120.87291345802637
-117.87984221680121
-1.68824380869308
-250.79142165178848
-222.7142989561812
-248.26187604237737
-127.90867031150084
-135.161663729156
-127.02710693591567
-343.5748918637348
-254.20943051290345
-4.2928589640635915
-128.33985589066603
-127.2593232342745
-133.0326325119776
-322.65422902753545
-367.4967814055603
-125.67342763296561
-235.43072281020997
-244.17160007094893
-244.3606093925137
-125.22447951518801
-123.36528219382281
-248.16808826834142
-132.11162358707833
-122.45102172460646
-125.60543724112222
-131.65776933529585
-120.05537852664122
-131.03565735597098
-3.1176974317089488
-122.44816530731715
-245.6507198014005
-250.68950577484563
-129.51191734310922
-253.5450577782534
-122.91765014425013
-297.9691549497238
-246.73378375041514
-3.6049820830460506
-232.85165565694237
-129.35998878926216
-123.40479014278579
-125.95288151904842
-239.70117334540402
-2.734893367204096
-124.4651691772443
-1.7830084187603894
-242.3670690110218
-247.79575862046082
-119.94158740417105
-130.56783152070642
-123.03089829650078
-130.9244845089518
-257.12018485754305
-119.9995024406395
-128.79473627853002
-233.61838967775435
-123.62180430587841
-132.06197242779677
-126.24327133132901
-228.93984810093107
-120.0419585899241
-240.23274617994414
-127.89513066078116
-131.49193836622615
-249.01456783035496
-244.24791890539893
-234.68148631340367
-270.2266717081333
-791.0471997109913
-126.43818523248193
-225.53900836870676
-230.00070005318162
-334.45290510457215
-8.43220242637438
-233.63777375950826
-1087.9032277462848
-1027.0404926781857
-919.372928028571
-145.7019287245584
-909.7717632682403
-143.30708179628306
-895.5694373647481
-892.2578278237035
-15.811073117547803
-11.919560721699154
-248.47331643488184
-134.36077248493663
-767.9130741923075
-385.4258963286916
-510.8534075386674
-254.3738061856989
-132.1845126061524
-2.591150478136776
-252.5567958448138
-115.0161149299312
-127.91456892978475
-120.25473358884604
-123.42948264981263
-119.49235720466302
-126.59050382970712
-3.6003666188193524
-259.9711142750414
-133.55088976703422
-120.02506754482071
-130.82987958534005
-244.84749787569382
-133.55796892822767
-129.131397543278
-120.53981702554877
-252.5702551228086
-3.368370144953977
-122.89317603708648
-123.78628363539657
-245.4305722300218
-125.55466558260431
-129.27659433687273
-246.86758128632763
-254.96320079862127
-246.18739142599057
-129.27325485287835
-124.8372052442791
-249.29447910011874
-124.5261694948809
-128.93764986183882
-246.45720170352024
-131.27364662777035
-6.626368312634213
-125.61764452765169
-120.8500187976943
-130.71802059874693
-133.07852676514796
-245.52823034763287
-5.247323411507109
-130.28839697728284
-123.61124099930424
-120.84678089114263
-134.99677591175814
-132.04615335443992
-246.62259458702803
-128.7144778569311
-131.35228580377
-283.61917018918416
-1.9617029892750917
-129.33536850455005
-125.99513168591224
-120.70060027637565
