-1462.7745630731044
-1358.1255919637433
-1429.9036490534334
-1503.2255821357196
-1342.9942628318774
-1606.5674508536401
-1392.330264130801
-1219.6253546726912
-469.3515907751868
-128.61392455084098
-382.707520422135
-4.03871936916144
-256.4718123633525
-4.87993758802103
-157.60717385010759
-122.20215713451347
-1.693287526673869
-126.7415528209168
-132.61005537805687
-357.2740893577232
-252.41574655696078
-120.37909007711788
-280.6034009930691
-270.9651142057866
-243.51085966397994
-347.43861696894345
-244.20052278865876
-252.5175384039046
-130.607824230438
-247.54135054121394
-120.24840075606448
-291.12249800383256
-351.2234366152636
-4.222964181380811
-127.60203089356112
-241.09462318608718
-249.74694032362112
-121.94943752446626
-130.19921729306645
-273.6269545639089
-2.548465693173412
-124.05690262606544
-256.60137091676586
-228.18870999828704
-307.74848414400276
-134.58670974977417
-124.8633942213591
-127.25990406734688
-1.6754257822573682
-250.98139723237577
-256.3614263862237
-130.50796802633238
-129.9111091659809
-369.03129831533175
-131.14144901047788
-249.15757186312473
-8.213750077966628
-132.11964257368638
-239.5928579740309
-128.59452645445398
-135.46962421239758
-0.5581247424980696
-116.2989062169595
-660.3129626224901
-117.00320931104712
-125.84483890761169
-241.14561996845163
-383.2026871344171
-293.92941967046886
-265.7075151617145
-1.39541204842303
-125.20104625617849
-121.82023420682002
-262.7306261487662
-132.56798693868438
-132.01809083992288
-124.35173042701778
-4.057697338993234
-126.45827832394062
-131.6366934139838
-246.34411229638917
-127.40423499058089
-125.1789673169015
-126.857445518419
-121.55730537266837
-122.66085055463462
-367.13702798380064
-1.877593197063294
-4.549557858893699
-372.23514452280193
-132.63892163676132
-233.51235091141558
-266.77369574868027
-8.685978520519276
-257.2949738243439
-131.87628168796587
-9.620011886088454
-284.53501678037867
-123.3101359085726
-401.78241890188883
-124.15225056935101
-1.1713799397079971
-256.84154092239123
-1.3120633188703723
-125.49828760424094
-1.2075600019683241
-128.46515347060694
-268.38057405084396
-6.907058226800107
-136.05034279174285
-136.3767720607007
-131.61313266591029
-286.7797271952485
-10.493941397278153
-250.39282949911134
-10.254320250396178
-122.92050136017009
-248.218521479981
-242.34387818683467
-2.0597988841244312
-120.05633631289176
-120.40640354743044
-127.17625466903311
-237.47712311221167
-133.20132606868097
-131.00163294241008
-255.12734362224705
-256.71331774937545
-7.0825759119964085
-5.14311155759391
-128.20495317189648
-395.42303093945804
-137.82226214196214
-267.52008741065754
-133.25892534182015
-2.145538255049208
-406.88824775868557
-409.81333594296314
-130.02924688899373
-129.47743281947268
-131.5652490441887
-245.73707597813583
-126.82852038153929
-127.07078260762579
-123.74481929259828
-909.9033904910092
-124.08730330231658
-256.70115208959714
-244.18738370336743
-132.69585287738818
-9.671379514368803
-129.28778026262714
-239.5319000044108
-119.84252361250385
-133.44722444315028
-127.34526220659792
-7.545626022602516
-245.36837357061344
-140.58098936359326
-128.0661170352323
-2.4432493538224094
-257.9414324391907
-142.63887887234586
-115.5327147801689
-2.858322737317119
-1.365452067276232
-1.537079173768717
-2.7157947107923315
-265.7849422817483
-125.61179831385594
-130.12033047257393
-120.15474646759974
-131.2807768620723
-247.49054635456457
-1.4519192734171689
-126.12729227034703
-129.4243122632182
-2.0123348953081286
-250.01241085777804
-123.36037923556225
-126.37404985445633
-130.82554277917106
-405.21339554936844
-127.44182738103572
-13.675786356965574
-131.3747533133038
-129.2821154346695
-311.63017457299935
-122.01912361552264
-132.49425536031734
-238.6684683201531
-233.48847434708478
-237.02482140923183
-2.451453732726806
-248.4999575703805
-118.6118506277926
-231.56363239724325
-131.63226614273523
-2.442271876833847
-224.33115760294882
-265.3790485789904
-249.20877471052822
-252.62522689236096
-137.25624507526825
-357.6351411627112
-138.74681805069386
-127.16412366461708
-117.37634231086095
-277.82624552790315
-130.09181054542813
-2.1239261276345736
-248.78360313130565
-132.39696512269242
-357.82525288316634
-126.01821515048856
-244.77565672496158
-129.81015046633038
-138.58962588345742
-138.9136135506279
-2.827909702638417
-2.5544902322878973
-132.76570494414776
-7.8020426370453455
-125.56086345235464
-126.67941535118001
-137.09521913775768
-272.63588649713023
-137.12442576001865
-131.42453294683023
-284.6649447346029
-132.10891021096833
-250.2176422545412
-234.1239964457845
-232.8533653454097
-130.28332826502304
-132.7169906323807
-344.76975026536985
-517.9230788794969
-134.581140241992
-124.55505019341155
-262.7320539301623
-130.19909498948098
-126.43601186864028
-131.45659686198064
-124.53637305025256
-798.9048530132251
-133.21288624963077
-116.97055350286269
-128.35493339188918
-236.95239551003795
-1384.3302025071991
-653.084751098055
-134.6422531140642
-127.10741190798056
-260.09524935928874
-125.06942428328463
-125.89319008125631
-1.2975007529073987
-115.70770196613063
-126.5502754909884
-123.50762450036413
-343.86914890863005
-127.24362851232054
-127.14916739966802
-6.208604123579961
-119.32392210471515
-376.89955161367834
-243.51951518112685
-1.7601838902557672
-122.32814607628168
-651.5247129216152
-126.939848189584
-244.69932899172548
-117.9791877442807
-128.7620396811841
-132.70980967059793
-238.17011367060474
-132.6332208193969
-253.6406467786992
-130.02688150073686
-123.08043586249356
-128.82823279886208
-368.7251021292221
-126.27580733642644
-138.15743513613006
-9.46555322434324
-4.565524220461708
-242.47929610201152
-125.65072818382096
-134.70399714753052
-126.65712578060091
-127.66919025998465
-130.4095531196163
-242.607175800898
-134.62021090062635
-237.9022891177278
-133.26988849356337
-121.56873765689869
-122.71431640341865
-391.89794835685376
-130.7524816239455
-133.99298508536197
-126.45755434509935
-141.17878890436555
-126.84698195352605
-1.3779086421944924
-235.90394942687124
-253.09526788839293
-257.08713476391654
-249.41540946872647
-340.5786036315314
-129.15724023981406
-247.82344486517871
-135.16010625597008
-521.6624771736713
-265.06528296620314
-121.51769240688637
-122.19895219206211
-130.2430425632953
-5.389863283949499
-315.3061910239831
-342.4895252853449
-251.3754510937458
-130.61235231220678
-133.6008961670804
-301.6050807358149
-260.57788430488074
-248.92280568000203
-130.24781376809727
-240.99564085682934
-125.16475531278324
-123.36592457928687
-123.38791769142217
-118.3428441154535
-132.4393949232097
-128.9710789360731
-122.68362942995292
-132.30332770449212
-132.469176647401
-130.0492997676415
-242.35225606454034
-266.6351476537524
-129.23924030717288
-246.00505248858715
-115.2758354997392
-128.16865046315698
-2.606451762298926
-129.97352120412913
-128.08317725522036
-123.28887372195933
-129.0045535239845
-121.95725534524547
-121.23106025013855
-137.51539505875581
-240.81918689167037
-133.17861791392968
-124.81337497951837
-126.18341911676781
-117.57909480153546
-260.083691012648
-232.6128681691962
-258.16046853010226
-138.4954034903809
-126.82534855500398
-118.11949540593646
-128.9405022599812
-245.53707567774055
-116.00486603879088
-275.8769045971136
-118.53651234028536
-250.21505218388742
-266.63872463271184
-1184.7447705123168
-1150.7174600177043
-916.1139534326074
-257.8881190160105
-125.84682728521773
-8.822981829283844
-232.7463775091557
-241.65105867088238
-266.8903042039625
-131.10724062746547
-376.6494805512995
-5.888404868008869
-262.75754517945876
-392.74077141297624
-280.13724198225157
-266.69262785122993
-131.59932936685013
-257.0180001990361
-2.234775948628183
-453.33348485483606
-119.12689579985674
-248.4168509306784
-268.02418778289416
-130.03277086983198
-131.926745801134
-1.7746036496277808
-6.08310662242443
-260.7532083238332
-409.6083103604556
-473.23906032759515
-951.5435119400234
-119.98307540593368
-398.5671661489483
-263.2417386920643
-118.74770281702257
-131.7165079010231
-130.2841964557731
-118.98443034423738
-330.6510516669483
-120.73641217292123
-147.44483550651256
-344.3270894677721
-128.9741810196915
-249.46603023279005
-351.2972872719188
-132.0334228832672
-249.37263320216658
-132.7298398204934
-124.33165620396076
-133.7685746745685
-238.96169629753396
-247.01793143971477
-123.19073211600477
-125.16639201516772
-128.1541960920995
-281.83617299036354
-252.98441026796763
-137.45252017725446
-139.8869907217393
-266.64464837040117
-251.82717536152256
-342.1895875796615
-249.16186540789914
-259.46298627751145
-260.501098398291
-138.85890411158368
-6.294008021606964
-134.625807447896
-252.88773172643397
-253.29237975974732
-135.44180298225737
-240.86239715917984
-396.8554664683342
-231.37856835468153
-127.01831504782108
-131.83510323413066
-238.22679079688706
-125.07851083949357
-126.80073664217127
-293.6695805196065
-4.10295212169528
-5.383211545684096
-249.63048755882164
-327.0986761503437
-138.98681106041784
-140.06123942308008
-132.7377975864051
-131.33092334061087
-134.52304936177111
-131.49486390443437
-129.4389188616194
-128.63292532119598
-130.4320995262942
-127.30420092026895
-115.41564172565941
-127.46253180716049
-131.54945956156539
-127.37681630544013
-128.3809423928087
-244.5373864615815
-125.18316474312635
-242.9733312022119
-118.32523050289343
-232.62052456067403
-233.74579025750154
-121.44939403971142
-319.8265254350573
-127.23289339517281
-3.008789833849543
-233.86579595249577
-128.9084727295768
-129.5324515571365
-5.108791712700176
-121.90602697020046
-263.5614381090663
-5.111910701269208
-270.0365170432015
-134.4950433111701
-7.598385313390397
-244.41844866635546
-121.6250839244763
-245.64412489116592
-242.56789164639613
-117.71308311330341
-120.87248067130186
-268.83136477992167
-256.765228184867
-291.1876575142232
-124.03814263510313
-1.9364018065519684
-126.77768272625788
-343.10290296919516
-340.5668749895101
-256.74718281051054
-131.8064430943123
-259.8656851325242
-129.96349137808167
-1463.5687681213278
-127.35564180856157
-248.62794104948014
-2.6839722071418106
-133.09137691244777
-137.4303227918133
-128.93906707538727
-130.7058345414837
-242.33763500939435
-129.09271755060269
-124.40843734991192
-238.79542796523725
-128.67488289260749
-258.250100786451
-138.1223209944015
-13.760572961473875
-527.8369308822856
-274.37154356298237
-263.7369912390156
-247.4700533092708
-4.984738111403185
-127.97262376250558
-228.82035895849148
-128.40903312013452
-11.35679007949012
-346.0380052807394
-121.24585357999878
-512.4094394809542
-401.03806255356426
-134.90902861203523
-126.75597000854482
-246.32558160748312
-122.96591580230755
-5.9608998892096325
-123.1492863268014
-244.1642424740465
-129.96346846822988
-129.80461441801756
-133.1892841405184
-2.7269401525344015
-234.3664974084816
-127.76292528372346
-1.3789547322687086
-121.03756940662608
-127.57493457343661
-4.151911406838785
-4.9721250142336295
-242.718194136408
-128.22282269620405
-117.09388601497967
-127.33201040222475
-126.25448054774876
-131.85221411726835
-391.6667223175254
-1.8178841530778629
-921.2128196013441
-125.8186035804759
-925.3556914457242
-230.62385797842995
-253.37662582828014
-2.525797967925736
-120.19242067417281
-136.56779213442428
-123.32881641434048
-3.024625319658949
-234.83343934026217
-121.4948824139246
-250.43642121589826
-245.79173426473065
-3.1191820251731395
-255.00905987424363
-125.85365040841157
-4.499174677024242
-256.41989397445104
-3.3417465682128626
-125.73881052731944
-123.00765208599981
-121.12823438956632
-124.65154275139871
-239.4933339158495
-1.7909446532693718
-242.25836166364508
-248.54760852085712
-242.07444035215093
-233.3523413994094
-125.35893071694996
-121.23751404235638
-121.50179383825164
-118.60121566594093
-125.89433635630299
-128.81788985172838
-242.2082382714396
-380.80023627016914
-8.713714947398492
-136.4517344202251
-133.44248815584254
-253.0402376934971
-368.97878751805433
-135.00404570600261
-133.89318334964673
-249.90665976915028
-139.26724680048022
-361.3339709022641
-257.1657877062537
-250.6456240000426
-141.71988637926356
-369.8582573828688
-126.39277099214152
-244.83987942737903
-122.75240017769171
-313.7357146064544
-118.51189372822849
-235.7941039412206
-118.18898813759601
-244.889405495933
-134.221262393406
-259.23109264459225
-129.67321212357683
-5.352988456965776
-120.89506086570213
-130.4724713815265
-5.126928449604841
-125.90629695191754
-125.16233754879175
-132.08473006320156
-358.67949357806754
-128.95670968642997
-3.5170157428579043
-138.1774292485864
-121.71503055010118
-254.2422380504129
-240.71243659277593
-133.09888094217436
-132.0598447503868
-125.78606592383152
-140.70920787565834
-135.1893064036234
-9.758440436498399
-9.439645311975804
-10.565236890640453
-132.1454016165114
-16.122979909323877
-132.650113427002
-246.26005143036218
-243.10391398898128
-130.54782829819422
-121.06946092436802
-242.31396224561846
-293.87232877837596
-244.09104301349265
-134.4643546502144
-1.3488684286896087
-116.29260570102316
-128.3512470423813
-880.0924962974174
-130.71098245101837
-252.64115413950165
-243.34850096236715
-244.97893268086762
-228.05431284983626
-241.430635127283
-131.19843516849477
-131.0806108703614
-131.2525401926277
-131.85706229004887
-6.969948548136897
-247.40754021835482
-140.18348524729916
-126.54314037652647
-133.21835481970865
-122.3519048108372
-136.07600471608808
-129.9858827957438
-122.62557080620059
-123.94065937393512
-235.45601294739646
-127.39310944196714
-5.245971569388468
-340.9792479950877
-127.53408459281243
-255.48264520557893
-249.69644933973464
-368.93254534475466
-131.27620982464555
-250.89094718838447
-308.45295596644127
-119.36716291083609
-250.50842252855574
-240.21536471974474
-4.814587093480566
-230.9168803617004
-130.63485581266576
-322.8542647466145
-126.98870025460415
-133.64574705367014
-129.1325242857382
-5.976789028215094
-129.58173893041393
-127.28040707007818
-3.4598812035291444
-4.148234006137783
-131.75005614102957
-127.93726193268895
-129.46141021808995
-2.706186790137893
-128.87963931535884
-249.31662739692428
-132.54007879532776
-126.41063868037342
-279.03838222376777
-362.1760019445157
-12.708457808332158
-13.492117844959258
-325.9929386303585
-140.48312219731295
-263.8383950662539
-253.4171801565616
-266.8632705213473
-250.38378364765418
-134.18644646255655
-254.062880506472
-244.2671642636287
-238.76039662501313
-2.1678872428782214
-247.12759188759784
-240.1827590528938
-130.92502866276692
-360.8044369425493
-353.82073245104624
-117.46570825065162
-133.03766521298613
-238.37348727216
-1.5257178497295198
-257.697466441926
-131.72218909026478
-243.24770994111705
-3.3696298451693214
-4.053193667000112
-322.9844382671652
-132.27434155595617
-252.8629228132524
-125.24381577086541
-468.75563561302704
-307.39832438712284
-461.1120088986254
-129.52561452949536
-121.92650725209069
-132.31678716118097
-377.4583392819799
-299.3738922349493
-120.63075219297413
-130.27659070682512
-129.8655890544837
-123.21439123903392
-129.6319323442135
-232.71903942406777
-128.68824471575445
-5.641859856963777
-133.97716931917387
-124.11491634151568
-127.76203535559785
-5.535894347984873
-121.48801263684018
-285.4732508699044
-133.3893393602167
-125.63286819276607
-897.9014676487259
-906.8137489058302
-115.87964382752703
-243.7339865488213
-122.33530707554179
-142.42681364018563
-274.2792998229012
-628.3307693327181
-256.0431370889465
-258.44893105060584
-132.71977402736132
-7.259872360021071
-126.63435269394063
-7.401921578757715
-9.694319711248578
-237.86484494876643
-123.79274554717092
-263.2923733905186
-242.8678414523534
-1491.8857909082403
-127.12926848012012
-4.6508806454878515
-121.1234049956312
-241.80187150496593
-4.592268430297366
-125.152211868691
-132.86548726719826
-133.1061523127232
-135.09976994700475
-272.7209807280451
-187.36077428985564
-147.2348743797604
-1495.6976164001608
-399.33144629484934
-140.24035906992324
-376.09721048123674
-131.87205310272225
-8.913100184947995
-383.55174761799486
-140.38084136940043
-926.3962078971905
-892.0144947543814
-121.3399581558725
-882.8551231087804
-130.4622292419353
-244.87881518919946
-1.881851610860704
-124.63619112277766
-1500.642162492258
-125.55477727533771
-630.5677807527674
-386.4053491551218
-8.77029104174727
-130.28036295976653
-147.34768982538466
-15.123476472433165
-139.47772872461223
-271.6511995855025
-516.9494170486344
-9.459992033183282
-3.523039683216267
-131.41643197778697
-2.6575744958605996
-377.409094067815
-121.61192504963849
-131.38791964377322
-4.1642558834366925
-126.09699595183747
-5.229143465508407
-139.4142234867755
-2.8717123476057216
-381.40022091392956
-267.02773878666085
-379.95235822307944
-135.7533895259961
-260.7229173827826
-1.3682256722736323
-125.73184614853578
-128.97176704369997
-137.955129946186
-142.32915031573484
-252.12008528021826
-263.92548642837784
-131.15078640801116
-140.65329841704494
-229.40634099638112
-4.567452632269452
-392.1610686061705
-126.33708130032633
-268.500430432837
-468.5935430693434
-119.34267467256025
-386.55414271432426
-131.23196559195284
-267.527315816339
-125.55959922820546
-2.6061863546115283
-127.19989615183614
-387.34627083376967
-241.8188126887162
-131.9449224220674
-231.53416392167077
-270.1894907289402
-260.181050669141
-124.4119727256563
-2.3585465153009553
-130.45694540116907
-136.01064482610363
-272.2423410273779
-128.85093410753052
-125.45724876264492
-133.35848824837632
-344.7475126082815
-131.5258308509351
-127.82214255567027
-121.34389816703069
-130.47516696040557
-132.44622597139679
-1.9174096806431786
-126.26523547220235
-127.14516779074413
-1.8709499952191324
-117.79766721548714
-128.9791322022948
-4.212901336875468
-130.4864018812928
-130.16000922409341
-260.87406247309104
-126.95545154970311
-131.95203873202965
-132.7840814164243
-125.55778650712837
-2.7262233047499946
-129.52592945355292
-365.867935721186
-127.95897690835896
-253.35793759700076
-338.6603860920994
-128.7662518996643
-234.14355296388106
-129.55169071388963
-366.4295253404433
-121.11480768909969
-247.26988633141517
-245.12597050655404
-2.629383609690865
-3.4830252187956217
-117.59144532191297
-932.1881158430865
-986.829208244018
-1.4757726492755057
-241.03312021085404
-1060.2684833772107
-1010.390970033118
-129.46745077815058
-314.1783863047622
-130.36215927982036
-1198.4276805769994
-1167.0124744981563
-245.31768516417242
-129.4136609510403
-124.01827006357333
-1.6783999870998172
-126.01427353274433
-1241.9088982959665
-245.88126196643896
-4.4077770561383405
-135.5299455283021
-136.3492085055807
-128.01202818872568
-319.0218979737029
-268.3244030784922
-119.3476155362822
-2.3015144985606404
-265.0129216722762
-134.5061749203122
-236.18600659797488
-125.2143652157686
-1056.0910513941544
-249.34949928114645
-255.86526664111315
-3.6115684834589525
-1041.3650306554337
-381.7273367525155
-119.1555853331645
-264.4553437896458
-263.3508875698511
-130.82791375856507
-264.19375445430455
-535.0784261486035
-128.710657915727
-135.71026125452767
-243.86259311342235
-393.74135552435877
-234.6916464916158
-267.22359590832485
-130.07366873001115
-130.8925151633039
-258.9132029967755
-4.1708315985331526
-129.05376559826
-279.57263131827733
-399.868785191267
-266.23162390450165
-393.9217933165922
-321.2542248117592
-121.05088152247691
-130.29348955233755
-289.30406610961415
-8.03788674677322
-268.55236418391826
-265.12275836123086
-134.03111161172586
-392.4254411382349
-141.18763520683723
-8.746174087685151
-403.6557369923396
-269.82177250293637
-7.346892184237428
-250.31554460615894
-348.98602060260913
-253.96853619435393
-261.0611426156517
-271.3917019533746
-130.75382635643285
-140.29614710002733
-125.76469545837392
-255.61316177882395
-267.22551315155647
-125.69907590995179
-134.0098291837298
-268.52558013841207
-128.75914797977407
-264.8383278535793
-269.5135077458039
-284.1675820225465
-272.0400504115312
-387.7910652414701
-380.4262877443237
-387.7849786230779
-346.1389440333518
-5.045480782774834
-5.221829473206631
-127.09426049857643
-136.6005100947112
-130.14955883725958
-265.3485139442487
-270.8891565363137
-7.177214207546275
-251.11716253266064
-394.116088480218
-134.81233120701262
-259.9651402385766
-308.0269768439726
-130.22053289559986
-367.61952618926404
-134.3494978952574
-264.8086680616879
-128.2807473964776
-301.18772492943805
-129.73714112843928
-1.722929043935138
-134.34876335931924
-245.59511853315902
-120.85808617511141
-1.6517927085285504
-127.02885875464867
-128.58110122236258
-365.21464544457945
-118.48230233351235
-130.02897336892858
-124.0926366785011
-131.14922089876652
-247.10785633791303
-132.89049624343681
-254.4174343966641
-359.87090889212647
-234.5395644021352
-130.75262616925173
-127.64132285029804
-133.80026134270952
-272.6568445314357
-243.10783700596426
-255.79205554530492
-224.59907861174764
-363.6759989110057
-247.34607966260995
-124.53854798214813
-459.49611220697255
-385.319846829189
-262.8391861759849
-123.95400974357796
-131.24674524642344
-126.63059070038014
-1.6844033448640694
-2.353275225306945
-567.2027728098476
-138.47016813896644
-1.6564339205192797
-130.4571182991688
-2.429423383085958
-381.82660690344585
-1233.8317164872983
-1241.3684868854418
-3.2455367438792773
-2.691518879986621
-242.80338411402983
-1068.1455977825158
-921.4893444546088
-133.80371947885058
-133.82522300813622
-129.47556114201748
-1.566830712741852
-259.7878216282552
-132.5618884018865
-125.91050312635394
-125.4994500210473
-251.19581919664367
-244.95332405545778
-304.4649754741126
-137.98820937016254
-126.22078689146426
-125.10951121935162
-123.92989620617224
-2.1153402767093725
-338.8749158206361
-356.04179076967034
-118.08284123866245
-136.37705389453336
-6.220541623542124
-124.65707034436087
-248.41139318216506
-135.1957960218874
-131.7780739626194
-135.43492103149856
-131.9858963673401
-133.3709681061451
-135.14072724228322
-1031.422654943755
-138.04492410288233
-934.5507536392555
-248.21105784110472
-270.2843974622232
-244.44319478217838
-132.75192569787723
-125.20727199334465
-230.35627691036873
-126.8026239358677
-241.64085227027834
-130.3789418209368
-250.51195404881125
-135.2641669726041
-139.84278448363318
-132.05672390958
-132.14456802834033
-122.45755695389748
-270.605967366021
-140.64460170326592
-356.5020078406774
-137.50341302135283
-131.3794951338249
-130.90169253273496
-135.27748872038245
-127.58971097365365
-7.880046443717912
-250.69049297477358
-126.81631248148501
-124.66230626706663
-121.47299382386528
-252.90189323486874
-127.31795619572476
-259.44575328172414
-270.5466732556433
-262.8520352129919
-144.20748721622493
-250.31182356160335
-137.78519286573083
-141.78489683193743
-260.02813597878264
-151.18215781209608
-148.26404276482407
-360.0990805653364
-139.09620783563585
-19.832889471406972
-255.66474489647567
-138.6787304282325
-148.14237188896962
-235.00763058063944
-840.5080421268526
-650.3234476730214
-129.148486759539
-115.78596388791645
-122.0746378472534
-250.23346470646737
-126.64875591167461
-3.6915554449640107
-1.8333763802534768
-132.0206850413346
-126.0053386528965
-133.28263934177622
-138.9101544596249
-4.0073161519376646
-135.7701280807535
-258.19522720302024
-131.038368651575
-129.09130121643645
-131.18987630051404
-267.93126291261996
-272.75050617215965
-146.20510888612745
-388.29202117886945
-274.15646502557394
-403.52827632423663
-3.0318445139832684
-257.66717784394126
-135.18508868806762
-130.6851669546246
-135.7493764030916
-3.0701112937052093
-249.84154257964894
-2.9563830551809755
-137.58622554344004
-1.6327468530585578
-367.93898344446916
-1.6679121624182296
-130.08735548501045
-1.4172821433896738
-372.61959867738966
-128.66444124142382
-131.91834425405813
-252.8968781215998
-2.287366084675219
-3.6479953485206362
-241.83050299510884
-128.39787724948283
-130.51993075410823
-251.3469484854731
-129.301928510036
-121.83525021039802
-243.9732526923869
-3.0664034219307705
-128.5574294921211
-128.73018632648467
-242.51326531171904
-129.2792527269825
-2.8391009322541914
-1131.0949920163746
-128.81475978523173
-243.11482230765148
-1160.7171776861205
-136.98403346136666
-124.4329106169569
-127.47248755116506
-140.8716850188281
-251.49583531272484
-1195.5454030248216
-15.48238781754304
-1023.6607415174437
-399.22677225783605
-389.0626035513019
-143.12961491928644
-139.4387308007011
-140.19122940084114
-125.36866806530537
-125.96069333554102
-11.918494091363186
-249.52083388763126
-133.05738460240062
-129.17531285962573
-135.5656717751325
-134.3458082043594
-440.88054141190963
-246.49716264566032
-132.8661602672814
-134.25653885202507
-369.4688517093217
-132.86289892212835
-238.64220516040504
-6.4312339261277875
-133.4680023159242
-118.72061747277479
-120.75010021918996
-124.54562874950791
-129.06676859186717
-250.57589064264147
-124.60926042677083
-245.9354242771007
-125.46707807012382
-120.17910999505096
-328.2258078093098
-119.53595585318705
-233.03724113397047
-368.29476529931657
-129.44857708636388
-245.16253886840602
-365.0091165725441
-373.7800191018696
-121.67929055088062
-387.26427809524216
-355.35668233634664
-9.34293575976112
-364.07088713860014
-245.14308651014574
-121.33854383856831
-8.581268029535353
-259.47439906596884
-249.12706620886073
-122.18073793668758
-117.88019588462548
-117.92085195508888
-1.5091879434017719
-2.8770013845960967
-128.50010686132322
-258.3416939982185
-354.86101103328286
-2.627347695587265
-370.31927341669746
-4.256211039045866
-4.245784864624681
-124.1972458546756
-2.0785172584478646
-127.7972477630628
-123.20811226746672
-1.9397737914717301
-122.33780063197413
-132.14049513672228
-1.8117754703192437
-130.14517970300292
-1.4881834031335885
-129.26003329343536
-1.537521009606942
-127.94908131754669
-114.63035054008937
-117.04321068052363
-251.74013293224863
-117.07354830906027
-120.28490896830395
-129.21803553797858
-118.78428969311774
-372.74805807426014
-1027.8322099504883
-132.98194791575918
-133.61901746698962
-249.97159251311524
-133.0791996903613
-249.561441589829
-8.755240969078171
-137.56941680285018
-135.61014847293475
-138.2542579247019
-131.6115251161917
-131.82904188624104
-247.33508752859734
-259.59276464074736
-265.04800346354756
-10.488380354459844
-11.887546150449593
-136.25062378226505
-15.26864828595609
-119.66815142403304
-527.5719705304783
-2.909515454579105
-126.76195231364674
-249.061461234249
-128.6928261102347
-250.93874838996248
-356.20046510740735
-128.21356017052938
-135.288188243298
-251.2392220968137
-252.78973469414456
-237.02210481766363
-415.8133150632931
-427.44137977859094
-246.40468555875796
-132.6737719919054
-131.18353188044296
-249.1145838867242
-134.24992855953727
-127.18282578570746
-127.012850956004
-262.8940824650103
-252.90533772454936
-659.5670316974018
-131.62960259655847
-119.83163881141985
-249.12815023062396
-6.6376430160654
-130.05138762915664
-139.08057787627547
-133.2429314672578
-127.51172072753958
-135.52399350066335
-255.17595540189888
-245.54017353823207
-1185.1545421906826
-1034.2779098199542
-400.1497491502104
-127.40466866880205
-1495.2623454719417
-256.84403445543234
-245.52591687677275
-117.9885755785267
-117.0692425378992
-124.01471100432553
-245.86602548030822
-371.8268311927755
-243.79910127123446
-3.477232664744595
-3.8123353137422713
-492.5097551110776
-433.3555254054291
-2.0799158127405772
-127.39717249142748
-347.48676518287255
-385.5989454105197
-0.2539482145100236
-126.4724165547523
-248.0114686498913
-128.2252116161559
-254.87358293137297
-118.07467626599825
-116.46798440018829
-2.9964724116270145
-225.39197992630565
-123.4014074106715
-246.87047059170743
-243.043466838636
-261.63701602550617
-118.4261417184622
-359.5330167211087
-120.46818022752856
-1.6809424704832343
-256.7689829508475
-0.28749929724281353
-126.82644344175307
-256.1344067203162
-124.03766773423698
-0.01852122106403143
-119.67277372529577
-120.42798175421972
-119.03526863700894
-245.36524257983788
-243.98340867530484
-128.11136458780592
-393.7709530037742
-1.7827525056124531
-365.775270847758
-259.26821489534376
-116.3846116008704
-242.84392258024693
-117.36527143585806
-242.35805199892317
-127.6681738051601
-120.3171998109631
-243.7939638823433
-128.73988617278903
-128.69710651300534
-119.0715577843981
-127.46932345353177
-251.9091738459501
-1.4308907906396715
-114.39200649537591
-132.80886212592833
-128.4906107566182
-2.838913369453329
-2.2374023143883073
-766.6866392170224
-126.50258140553827
-127.68204431042689
-243.48274755011295
-116.28268969247388
-393.5634499171676
-142.2479144735316
-895.5300122009039
-1492.6025180165864
-242.9386672976121
-288.0249160214021
-2.268150207259053
-125.64787065312355
-118.26854250090027
-128.6719554225472
-118.95757743097974
-1.5328319706730378
-3.568890940538846
-234.38522596589277
-120.57606590782713
-120.59730042077445
-127.92924620144801
-1.9808719365393597
-132.51035395077568
-129.2481108824681
-1.420478168747203
-128.34748626648718
-1.7995269332141441
-127.10578578364046
-131.95712572138473
-351.0546657715476
-338.48612798951206
-258.99927878486227
-134.5692303954058
-6.926617703435343
-134.04018882434983
-124.2417821279312
-135.6267724141768
-131.96015046519716
-248.15920582045743
-125.75983216165572
-6.538680676240985
-378.24724547489586
-260.73559679432685
-130.0059033275749
-248.7658936613522
-128.1227134411026
-262.23515757871235
-6.876721688912036
-7.493113550474772
-6.39629952234991
-245.15149951684236
-132.81673314735585
-127.96746963152317
-426.2415267280057
-134.7616165529341
-264.0473928128609
-7.957813387017082
-130.0357540239856
-389.27152227553086
-5.665410179592716
-129.9635030133517
-266.45844375495864
-230.86154743620156
-127.82135139557356
-124.18639394383533
-234.16824203927615
-254.03963547323067
-126.82122765348653
-127.31803822292866
-126.53605820142413
-125.76237516167384
-247.79007500559698
-250.10306234578675
-234.58334090819434
-380.44350835594696
-131.0436616560168
-237.6642981568366
-316.6498872813784
-2.967733146822007
-128.88061667741036
-128.5789154625482
-129.76395135583311
-248.1449777389617
-129.79534429938093
-130.7640050611287
-120.76926683389463
-245.0484875888422
-122.23402334639067
-129.4675772101246
-128.0334325654163
-248.60797502225867
-120.74447637468522
-344.38205605522984
-228.22405960709276
-3.5087330395615677
-130.1799092885245
-3.4674752066302132
-120.31826598391295
-5.082228946788975
-134.707849472552
-134.2835987010535
-133.30266045512334
-968.6811178731164
-127.5974678748954
-131.05295554738004
-382.96303681465935
-123.55356420224118
-125.83196836439704
-421.2969468163967
-255.99246187044838
-3.008503181921797
-1493.4821568842779
-246.89242731916883
-252.1938004372815
-127.02553573258665
-246.21327129790043
-1.2795331743136502
-126.78154598104089
-2.8184178385965075
-324.076453197089
-123.92076729662018
-131.57384733237424
-117.14092512130264
-127.73654342642087
-251.39997425501576
-120.64291154306338
-128.39487726796344
-5.618441363013308
-132.07401417843946
-252.52918109652515
-255.92882043796973
-381.95370122432274
-116.85055518237418
-129.47829108998238
-131.46757844145827
-142.24966171232725
-131.6438792979717
-137.61598581919134
-8.350933610481878
-135.52951669581358
-133.11411160057574
-360.31884497131625
-6.742623041399864
-133.2603874068753
-368.68095581509266
-1491.749083599987
-135.21999717174813
-134.95977753348976
-136.2228065830221
-125.79138134785265
-138.54508704033736
-246.06580874473786
-230.80692074868324
-133.02153472417206
-137.1949961253531
-131.18332939997816
-136.10313408345831
-134.71110682580345
-136.7873133729857
-250.63504810261756
-257.8169604344914
-131.13005203946247
-784.35244408181
-245.75111890271705
-124.16677311297511
-5.769292521536461
-6.477957978949544
-266.5420891446553
-7.363528010267922
-130.7068118294475
-8.981719713696576
-126.20939356899481
-122.9412226120085
-10.169592219355705
-331.40295989185086
-122.37997942675165
-136.10084955136486
-133.81652098568063
-127.15473580037839
-129.13667104640754
-244.03875626254828
-138.34083561203997
-251.13122706704527
-134.4639837146536
-128.94572999766325
-241.36244473474702
-9.495077940216117
-11.038803849338512
-11.006050318077108
-130.50959969359806
-240.75603529050252
-254.24833230217266
-9.614272572279646
-257.7017725881115
-136.2520529480631
-247.44998900190095
-139.4681231072223
-11.97087198987446
-12.130263555883134
-125.11934218516848
-264.7735650767785
-11.826971948545832
-129.9955023776175
-125.27280351594115
-133.24756028012422
-130.82083391714062
-144.1446244663769
-140.00576065734202
-254.44871099483046
-14.429722268009558
-143.4269564489434
-139.98556457917786
-142.66812982916352
-276.91913343021065
-405.80891399212163
-522.7909851891378
-405.6588134347981
-519.8196919795746
-266.20936290479756
-140.47077226217064
-255.03796914229787
-139.89975370872048
-139.25356592915986
-264.1962807000566
-138.951156325496
-138.37602503752368
-10.825285590701244
-132.6423255292161
-139.9285386188163
-261.299127404932
-278.39924175471543
-143.561279985363
-261.4907894806203
-250.4810936770961
-137.85061423935866
-12.390855764644305
-141.26243077280193
-363.9128423555569
-236.6876755691525
-13.777819981503024
-255.25950595366692
-142.5806339636027
-365.11844611107836
-265.13125453860295
-148.93529437617065
-148.18074571499335
-21.504183946042005
-20.757688538747505
-406.89505043103145
-272.857715207834
-276.3272995744419
-646.5454978949002
-397.88674605829095
-278.8578656669165
-413.9543745006181
-659.8836615852733
-322.21758806223806
-300.10544039287737
-275.3075171569361
-255.3583520354063
-258.8460918238227
-246.74053613013334
-123.49775185992893
-1.817157445138607
-135.80222401121907
-135.62608670985315
-267.5533152610634
-134.3364216222877
-135.30858640094138
-243.82818772383553
-270.4240132968495
-494.0257804315283
-271.6498871905762
-534.3737249097874
-498.6548531412727
-534.4334378431071
-263.056452599306
-244.4411095397814
-270.17292561353634
-2.375024251521493
-126.41114538184624
-252.96670851017885
-245.31382626695026
-255.23452853739104
-130.35634116981586
-221.31137217724108
-245.98296916207659
-129.64813270037217
-253.58354801043237
-130.0926114369217
-245.6455827034002
-401.02850155171325
-333.08126440494345
-247.35464929074195
-131.55900218038335
-4.339052903782953
-5.077068224828677
-249.39987383790685
-2.970115358067552
-3.4508942041717323
-240.27129082494736
-477.2307234219101
-1.4939345200944665
-229.32849304817785
-324.78318122314965
-117.14963423326394
-134.3709537249098
-397.73757123044925
-129.07624348956256
-267.94301964128607
-129.4464501991004
-256.06981194703786
-125.10369048802254
-123.6262231785516
-135.36686703385996
-125.87667576518156
-129.91064074031047
-131.1915954270566
-131.9802371090143
-385.3548756235099
-1491.9683784222943
-130.63501849946783
-1.7799209167020773
-259.27925708275353
-373.877584587058
-2.3311625404107383
-126.13440014388429
-119.69304485927898
-258.81711753827096
-262.42455580795126
-132.37461452011917
-1547.3429534689296
-235.5119435618817
-128.36848005718593
-244.24919709004865
-253.6102742505873
-372.54991191676066
-237.85119720964497
-130.32281492892898
-116.31661119333785
-235.79522269775336
-128.78606818625053
-130.33047798976062
-369.51067282296356
-127.80832976042764
-251.01099544092605
-130.87513904775807
-239.92691495880948
-127.35648329045648
-264.99585585576546
-5.17910833975172
-126.75680230581672
-129.50475398379248
-239.9551206984269
-128.78491246257119
-130.80662002942154
-251.2009691595717
-349.5242937581499
-396.77009428415795
-130.31559480130664
-126.07385397147793
-134.88870582377393
-1491.6968875892892
-1.7464687821025207
-1052.366891092735
-1072.7752091934913
-261.64570594549303
-124.01882650634545
-254.1616027001439
-243.97052711984205
-354.70765873701555
-129.37990804751394
-340.76367618815476
-1064.073228690955
-246.60930613114414
-2.236008599697147
-131.52599130389603
-1114.0569653543612
-1194.6210411208385
-127.86277425882244
-931.7763266218739
-1127.0128610995873
-1219.5771751161556
-1218.0165402614314
-2.5861342727016923
-129.5923848578636
-4.869729903828183
-518.4685045827246
-127.41085116212155
-133.10966287052156
-326.39785968206064
-12.235770091414343
-125.65960998938495
-508.28087382061335
-142.36269859029457
-136.27993328831943
-25.630482261980447
-147.02449028948797
-146.76866798801316
-134.6993881107713
-145.71601736086848
-147.15897709283828
-359.58002635645516
-145.35642879330928
-139.82927654973022
-138.56799721237812
-392.64454493639636
-279.82691703062596
-274.5269306778615
-257.42015322435464
-139.1963378352631
-386.81516759924403
-125.0446334283541
-12.055415717234407
-263.5743566337209
-12.56613710617809
-135.33951494804822
-252.5001626402428
-1491.3412578784162
-377.9199192529829
-137.25130654910564
-140.31621786674094
-390.71651933395015
-442.8907761524876
-135.99075877005436
-259.3633970051169
-131.9717949784118
-417.50160637475585
-129.76922847759133
-120.96629875930276
-1492.6220280836576
-7.2878865577116985
-121.5829247677071
-139.7133978813615
-132.98271617741315
-136.29365079140305
-134.13880278629395
-305.1659661997728
-140.74400617270058
-132.60718968403202
-6.178023272501889
-135.93752783151172
-4.982507812811187
-247.90005334649004
-128.73429725060538
-131.87201763622096
-117.98533197646482
-378.5736098799419
-120.49383313120602
-133.6679199848076
-265.9936352569124
-260.1718043647328
-135.72874708800916
-123.46446703698103
-252.1777408290029
-268.12799355189685
-132.77154764382615
-137.31212383359485
-133.09882052228596
-134.36059794989507
-270.0588595341945
-129.17107050079102
-140.7769226327583
-135.58996430210746
-13.870396950669262
-135.23608360415736
-136.13992030526558
-258.91096362545164
-265.45938439225824
-145.60876964683206
-136.7158950116897
-141.37559233471995
-276.2113329196308
-402.112529371617
-592.8096081356024
-141.38746997980172
-265.4445142681989
-132.2647437407595
-128.47134931776307
-126.595803604647
-258.89005569139204
-2.2800653963932054
-126.53453827503724
-134.52178575150356
-332.4528501886654
-131.41091940436954
-503.4972904162365
-131.10221588611097
-1.9218829291771133
-245.16001245177935
-1.6811052795953443
-267.47113831278523
-132.14844340948392
-130.54402138333597
-496.3877942232148
-268.58448562190983
-1.8567171047947797
-276.9042120793767
-127.38589251677922
-378.1849141567836
-505.81040817271077
-3.8789511909293948
-136.8756738056443
-243.6996764023612
-2.452199204353523
-129.3477831705299
-128.20064820853312
-128.9279851924451
-120.62511007092178
-128.03562896108363
-135.55840153290208
-130.1053611963766
-2.969239028624533
-129.43957138647008
-125.96036373991407
-245.18843002861306
-264.0054700179461
-363.3376779039484
-252.06226320789602
-132.82140003058825
-248.36509937882371
-247.99718253607716
-134.5949917450126
-5.794758909266809
-130.98190152383842
-119.66532076271882
-128.77483686226535
-127.68716146852564
-119.37923863727273
-123.54568530505115
-129.99464766637817
-255.57346830039143
-128.42235348437197
-5.273109622784498
-127.69603543593504
-466.8750722076304
-128.5137666905193
-240.15360114643383
-243.6103214919579
-130.6583135360387
-348.8991174168051
-140.34954224576737
-396.78032521772036
-366.5698605354246
-5.360441834044916
-131.44390574094183
-387.4057488922518
-362.3973265841789
-13.729029804420685
-245.5477113721263
-127.75868042771678
-245.21897732920982
-1587.367082441848
-130.1378000633632
-131.9031716771603
-132.2827221267763
-231.11035466467723
-125.9423129348981
-126.02049443436381
-997.621166986678
-1106.3999355092587
-18.825799314727053
-927.3739434247725
-245.42329097141604
-140.7384360338567
-476.41193873303195
-512.2559731754895
-7.882533765360935
-264.5480324233404
-261.7846606027807
-363.182642890799
-262.3022305631076
-236.91241499482487
-274.47456649188706
-400.66838987360205
-247.2559648646629
-3.247190628823902
-239.48576501617134
-332.5078848727181
-339.966055700789
-129.37878001896615
-122.02141843396416
-127.17997630004591
-858.4262050975327
-118.80317513092602
-134.31481381069185
-134.41064707638907
-130.66798164323015
-243.45498439019843
-1046.053109564968
-129.07613435837527
-365.0862985376855
-124.66612376653333
-134.8046028378074
-346.57972040704533
-270.8095914876647
-1184.1274656519402
-1228.4841295022088
-129.41622012443133
-1301.8063131636754
-1407.295981270616
-1080.137865158273
-131.86376463142557
-131.74652193371864
-1281.2551906547803
-134.1657898455313
-1369.3370676715633
-449.6122466859971
-1238.7392643163964
-268.3009501833806
-272.0894525974245
-1342.3970258538357
-361.70410705149334
-371.13858282023324
-255.42133152688314
-282.40229844630045
-1238.0422251467041
-136.62644768860582
-1099.0160525691642
-1082.5439585483282
-924.4204827460333
-147.8880267397909
-148.50330661419227
-292.3505417656319
-142.39430530796503
-137.3131229030855
-141.86890985239154
-127.00555747902008
-1255.0280717772691
-1492.1194449523898
-134.1008950382979
-255.3794968441982
-1224.496265540002
-1213.5200590419954
-1198.736796576365
-1051.6372892123243
-271.05255050377326
-138.53118228916603
-134.97174890031496
-125.58188422882598
-138.8031108621768
-279.11060826598936
-141.91063819772575
-273.25652080762944
-148.13716191977903
-133.72017991635667
-277.482646099162
-271.73772684176083
-396.95378481055434
-142.5213735478183
-10.26317976979897
-141.33682646272896
-351.1724824763056
-8.554605060737424
-139.17896022735178
-255.4323011477571
-127.10402542431892
-125.53030702178114
-268.6034384242625
-123.766400613212
-141.04973611529982
-252.68120862266855
-133.75224060377977
-1494.3619772799043
-134.6731305692794
-5.84595862140038
-142.27260980492971
-127.5536870395885
-261.8757208714459
-258.36566269735243
-133.8066768964041
-3.959604454215002
-135.752959722791
-480.40324589454326
-395.6426827834728
-262.8756009997626
-4.357798936433895
-5.7507062580030475
-127.08340930393241
-395.85099741885676
-5.475979483710131
-245.40439918372584
-2.6347329441658704
-135.33904356251549
-333.0444867375365
-4.430181201542014
-265.1504820948823
-239.02598151573824
-132.26845878384034
-5.331819951486657
-136.89794948275247
-6.3857313467300365
-124.70620422586727
-3.2870236632169796
-133.936705193923
-135.5203356427954
-787.6260150709257
-9.045433512793261
-8.92812084792039
-274.58899505021645
-126.95868857845124
-130.71007930380247
-273.004257195674
-274.2358473601259
-10.172812647452185
-135.98990218142737
-138.62471081795096
-258.3091811233989
-269.3527329491722
-132.2822053937948
-128.58594896066865
-137.09064527759543
-132.3726251932557
-249.47160837047284
-6.164612927278846
-138.97359015718288
-280.8843166511958
-132.18541320452323
-125.30375033485154
-131.71366823390335
-229.12726619114227
-133.57360456253167
-133.09925247376702
-134.06713140697443
-138.74588410177253
-127.7227196910749
-252.1660729476741
-137.0761129305998
-122.70733423125635
-276.25706725919014
-267.59879783056476
-351.6739015829545
-136.00187293159698
-135.8221386335127
-365.3985837402022
-135.52825568989482
-240.83332348393523
-132.3798417914397
-128.55691293913773
-131.88305952250974
-126.27905228130135
-127.50139225670081
-248.10935944384104
-122.40378965778953
-7.570798136167718
-135.2694593750293
-133.5730071863983
-135.21615368969827
-136.4932497636812
-253.779592688026
-242.802777204705
-7.34545269194257
-256.78342227812055
-121.15706485160219
-362.9745735701134
-132.9411557476858
-1058.1964173780584
-1054.6872895946833
-1061.383794650132
-129.5607894963722
-125.35238224076362
-127.57628831515002
-129.89682511076902
-372.7421187186925
-242.52074938181366
-1.791812719889788
-130.29179129033128
-4.5298092984467635
-129.93919498165405
-10.374615624730442
-138.45582048922762
-141.29406144267458
-258.1346476543293
-12.936070869384924
-136.59446697353303
-137.38288256694136
-258.36175084542697
-6.169125385307726
-312.85564652549556
-5.15174466650444
-246.38089714238734
-135.7841370837896
-246.63616750538677
-5.026723301045327
-251.29990640661077
-259.82490765263657
-133.46236990081718
-361.2367128687612
-364.44348464320996
-128.58069206430025
-132.6704080391604
-136.8431276916346
-142.75283121062137
-6.502478355041087
-127.54409333782266
-132.399808080141
-4.934898162577952
-138.50170182234143
-253.36226623799806
-121.63870900738114
-4.955229282601611
-135.51558573429205
-6.71380110826723
-367.8987089327532
-141.05930607016006
-134.074569178503
-131.13183288477853
-369.12088999907917
-122.99131019749782
-135.84025554686013
-138.54659890856874
-266.1803117258203
-389.01001044914295
-346.09358843418266
-260.3772137413282
-134.05363803422424
-362.4274771054041
-118.61241283752709
-265.13133425882637
-1.748831087857925
-128.08865092093203
-116.7999355354479
-130.07532127661364
-235.76172586121245
-238.3113496298331
-135.1295132312782
-124.33696376693713
-2.5020662639422624
-135.7060253805624
-122.16610809312236
-249.30561252910118
-134.59320727667782
-362.6300088092918
-138.10218208384703
-130.80382217934934
-249.12027910392834
-358.151475160757
-137.9559571122542
-124.29480674555278
-9.827327321792676
-327.7428660737637
-135.49456890437062
-127.38795555138603
-8.65770476826164
-509.227101599171
-139.38935494062372
-142.3599476930181
-132.59960827271968
-541.197980740945
-376.30915497946694
-377.89831957978896
-138.69786269980534
-250.28471195709633
-324.9554833857623
-2.542476528119977
-127.57561008315479
-2.3745411787062163
-122.36489740094933
-129.00660762335713
-123.63652021837343
-1.0833958623149373
-1.4002973604720195
-0.49424840725455915
-127.68228733045132
-231.35662077135504
-1.362214494628603
-266.29813060069506
-121.4359301237435
-131.55189443155845
-127.16913564840753
-333.16310425721844
-119.451599606394
-250.66272597743583
-131.7315264768486
-135.85805872454262
-133.39169560052918
-118.03463569450588
-128.81250665800445
-253.91348494398792
-244.5682795061839
-133.34515531123802
-335.97296682649596
-247.3633582604598
-362.28669629545374
-389.95886316303717
-132.22411572015835
-2.6030684154832837
-131.28020460845318
-124.99920135907873
-123.16660652190691
-270.15289470391804
-128.80083032100342
-253.02832116755278
-242.7352392435124
-255.1981186110862
-130.24800533841525
-131.9426849535214
-1.8504864686516704
-371.1776419707614
-3.428606096739627
-127.33160993123026
-115.14707532865789
-116.88794919455594
-130.84113149914708
-1074.647580121072
-281.4634331539833
-132.72386002901055
-122.17788800020085
-941.5715030164877
-237.2817526221081
-246.33710563713504
-393.8087770982579
-1079.6713055653684
-130.0571192003292
-224.1533812749354
-249.06249686725383
-245.8821946205313
-916.4220360337888
-132.61259386911806
-135.14746258291066
-230.95999236253104
-15.193754775136835
-141.15050771707058
-138.4007553526213
-135.84620215519297
-249.55335480266638
-247.54630277457056
-1.8337070517799166
-352.5043884884805
-2.1189940639017038
-245.7685813756557
-246.70621856455514
-314.0038217292799
-244.22147551675732
-273.92056945072227
-115.88483139523626
-2.1644595988469244
-132.91670014553307
-131.94023485383914
-2.0910038367772352
-131.04016828710385
-120.04345398399565
-381.7825614714083
-2.59332620108139
-140.282188910427
-118.30466931107243
-129.12979365126097
-397.82193856758477
-283.9130162368918
-130.29105171781637
-123.97834067381392
-344.8970539290902
-360.8388757997884
-236.89597022334982
-117.97456542258777
-278.4549586312604
-239.48420373036666
-1.1966672742175901
-2.2123646171963807
-139.6392332536213
-136.90626152155494
-258.19424399695595
-2.1375763205454725
-394.62945805083507
-136.45624974256125
-134.4126691141656
-245.55430734791057
-118.86541225749596
-239.85174935673666
-137.05451414563873
-1490.9436052929577
-123.40510990685932
-128.72647214093521
-128.67094788273056
-131.24917733584502
-265.3913333948627
-4.749575834643439
-241.20253909370697
-324.1629858690951
-120.94851647284781
-3.7693496679897485
-128.47286020697914
-131.31180045164447
-1.9889551206139109
-137.44577803054815
-235.46771726776748
-266.3961774064228
-506.47550239501805
-270.94017277872797
-128.06871033590915
-2.654202755674751
-268.00042190473346
-263.96658704891576
-265.65056115905605
-132.37527371477412
-6.1975705936671135
-272.61529956116135
-8.062810656037037
-271.3436297853663
-129.40572193576153
-139.97329157222248
-264.0127378720335
-5.698865283695063
-6.346466972440785
-243.7199792209807
-246.36206509766896
-131.25723045278428
-487.87300347483915
-122.8143819906267
-129.17240945180245
-131.5887433996718
-310.6598237372071
-120.89320129166566
-133.15527400920774
-255.946821305911
-129.4243697528555
-239.59898496359867
-121.18945414341898
-133.80180000675043
-122.28450738032343
-2.6673586064886607
-234.42576378714813
-132.88577548245675
-249.1213849911779
-249.17772481411788
-121.84642068124576
-120.86688146012229
-123.61487240686517
-122.67756499720909
-121.08638274818063
-226.6556606278261
-219.93250459262185
-353.1389758372724
-121.07926709904856
-130.31059639441636
-125.17313434140507
-134.77715918606887
-249.6702053027563
-246.43561264328648
-2.7604583211557743
-257.1244461518191
-127.00023563106099
-141.2926999569071
-259.92881328854213
-241.9854972089932
-257.86056127046027
-475.8081348400085
-228.27218650653293
-245.1640635720128
-8.601811964554297
-7.703280394123068
-135.36584047137592
-271.2414798740132
-252.50941239715615
-252.55808043435326
-122.40002724583536
-8.624187835950899
-144.70168088698122
-7.997742921180299
-412.57747528944316
-271.0623945012655
-138.33102665918486
-269.97585959493665
-3.016996742287704
-129.24540935352042
-243.75505107571593
-132.14306120423382
-328.89777386144414
-135.7675896081661
-126.96510331363557
-130.82425501561661
-131.96797906729512
-135.0227595574474
-249.10541162133643
-4.931757032899117
-131.27458022194682
-120.90566709299532
-251.24864507753873
-253.3426986353335
-976.9242906118332
-126.54037447177431
-138.3254889248038
-131.07448374565973
-133.41948931204448
-255.83570123164037
-9.41675452428406
-134.00463637528446
-131.4176390432171
-135.3696852056684
-243.11797157740665
-130.40644885780765
-259.4636698264355
-1.6045819295843857
-1.9882217546189431
-122.40117880337448
-2.298003993328739
-263.10412160905537
-130.07844103471643
-345.65737289516187
-272.3280857030739
-118.26980916412597
-3.850175868812142
-4.187304028099705
-3.5545622472278895
-126.34208621647511
-231.2138566503913
-123.52860554440018
-386.5634452488243
-778.5433721535433
-363.3943525533524
-120.24516565255874
-247.85010686943943
-771.9243485104857
-136.92753994536264
-9.036147890090918
-123.84971451536244
-247.29108144468992
-252.71972241033015
-248.61448909515536
-6.632097636151597
-4.456404371924651
-238.66377788431137
-134.35177812667743
-246.8345034075787
-3.5015284884039883
-2.87147364340462
-1.7685132238424268
-121.87004634443217
-128.5566454648213
-130.75066852275557
-131.38557932525322
-245.59118584978492
-115.55215836524826
-133.3129309619388
-239.4058809485324
-130.22925464848086
-128.40166006093997
-2.1236519404252263
-124.74236054913118
-3.829654658984218
-131.94325990444594
-247.7176874821929
-241.47855938282663
-130.3546469695191
-265.9062319874647
-130.83599038135705
-127.45649155847254
-128.266767928292
-131.83097864641235
-128.63781155731135
-374.42397268395416
-1491.1091872407753
-130.09532167088364
-244.88917142845412
-119.04050193955413
-115.81400486379519
-1.7660834991468874
-130.4548977024044
-122.7361880503294
-130.39653457768512
-129.34756212978
-117.69705171012833
-6.370573875046866
-118.44401061199284
-1050.876271825038
-3.1274339494251584
-119.43870126781904
-131.48951900160299
-130.246265243984
-133.51735534368729
-244.56780533378307
-1.513268662545225
-1.3681326219744077
-3.2228850283231636
-129.57130656448712
-119.15700704093602
-237.3128296425337
-2.511865404989973
-125.2822674860348
-238.9126717105793
-132.500831126937
-126.69613193519633
-132.74713499155607
-118.42006842570774
-133.47029137318907
-2.588498949074306
-132.02297694591167
-129.51889043716218
-130.7737441696129
-132.23663186964504
-131.39707020663099
-127.40731049448087
-127.85056528707216
-132.2434204937951
-129.93052579801187
-129.5872140319378
-131.13945460052426
-8.961925106068056
-134.88123664955694
-128.22492810008805
-139.68806423380647
-128.15553087779634
-5.885534272627228
-231.80698650867518
-247.60834858208761
-137.22511651683544
-245.70302757187523
-256.4606201615796
-125.26698692483743
-252.1918260371985
-132.4152709852203
-134.59457049352366
-133.57453171249603
-246.63007466337868
-135.24625076440938
-131.59303901688116
-248.33285670435282
-131.92365773786915
-261.7005960677689
-7.695701984999402
-252.787729260767
-323.6912772040131
-255.44148631477668
-126.72464248121408
-271.0791751888591
-2.4011984097105845
-129.6503877280859
-134.13650301960027
-2.6185857770208143
-122.17060328588695
-119.58317273693972
-123.76477800238114
-243.7754070564084
-132.79157193713763
-128.6515541580994
-247.1916571601933
-126.49573098822293
-126.5691234341128
-127.60727613842923
-132.90555245888356
-335.1003570037194
-127.16591622723605
-127.11554198669592
-130.07363786944964
-130.79948639270495
-8.378875883352372
-253.02751862794992
-7.305403180173069
-355.54025904567186
-131.470325883656
-263.17504251152553
-131.01284843243135
-5.728568507018335
-1024.7088632061896
-3.016993141224374
-122.74669635801473
-121.8052649447641
-128.2190424948497
-129.59210534236726
-129.84106147549076
-126.91968341362497
-125.717828509296
-1506.6345913198911
-1.6996263778690945
-133.7651468242631
-256.78498167479404
-239.05854236406236
-128.36889845669054
-242.86396875351605
-1501.6583955947422
-127.98241499692345
-0.9511822611962604
-130.39737488997739
-123.40747161629243
-1503.0200591723083
-1.2919871853319198
-1500.1752424931422
-127.33780411027178
-1501.8712037582254
-130.5455875156423
-254.88635674795376
-137.80186022150127
-119.89494021544064
-530.6445899243736
-134.7815721633352
-129.44791860959577
-134.73746773285873
-6.690661921818785
-248.27600619305431
-138.77215139363358
-390.39886266530425
-136.26726476174179
-259.597973115036
-136.41260327639432
-382.78572833726236
-134.64815007230263
-251.97169313271579
-133.24346706303706
-3.9649437460009263
-137.59064755142995
-287.52752276137335
-3.8355210108436197
-273.6228259852056
-288.17189173740974
-4.950784358624862
-115.44799608674798
-117.54635993096839
-4.274431563897444
-132.44995392664552
-118.3352899908879
-128.26431327403003
-129.21229519537837
-1408.8823139889887
-2.4325790176421864
-117.18703523300708
-242.5084649206087
-130.11780496843323
-126.75749343206986
-134.65223440208678
-3.938135566938153
-361.24820548696465
-260.77269899267344
-124.6609273005554
-134.63926000112278
-1.6862031587494823
-289.84117400618703
-258.6146645465906
-131.97121972412666
-129.53048252589377
-131.35073742428054
-125.31571262153456
-240.79436235193302
-1.7371741063364083
-244.28631288285442
-127.17482905845891
-122.97065377234959
-233.3142892209486
-4.173502965710948
-131.7273406954999
-121.41544866413614
-124.71091014765926
-125.23656714393348
-0.48141883697967774
-117.45883723500368
-123.85626220468873
-275.0147542842593
-0.8577739257464936
-123.60542674714279
-134.93704895092435
-255.18623653927347
-129.3669417797143
-242.1149882755742
-315.95684507472845
-130.5327040028655
-248.0443416959227
-128.31681391637522
-133.10473868170638
-254.76131546726057
-340.80069346370493
-491.9861386217625
-375.8603369184919
-126.09519825411985
-134.13089269996073
-256.05949184555647
-255.97796618756405
-232.8439747546159
-121.490360632784
-258.49748667422324
-133.4729996600545
-122.47217911479844
-252.1492155317842
-126.97454510600754
-249.10662252167214
-248.5318026692611
-232.20549079458172
-2.891048581554434
-133.81323696851263
-135.80287914883607
-353.01204218845186
-3.368327039523171
-122.63785354044911
-125.16714591973513
-2.3966414273522187
-293.6251128367373
-1.9947230086982484
-132.18956756572328
-132.8626218092269
-121.00111487934922
-281.2260088940598
-126.2455789567886
-132.6259536784563
-129.34992251620673
-254.41878147174614
-119.68556341246385
-129.75161787688697
-2.545056667004401
-1.7914516042277073
-247.7502673848283
-4.563269530967313
-129.07293382646282
-124.88886269776333
-261.6118136338095
-273.9877210438436
-0.9268886073399331
-119.03936915873855
-4.017163722786997
-259.32398487329147
-130.19091377070794
-4.9220539024926
-247.83624860943132
-126.64730228431064
-426.42202998120655
-386.64891302128154
-133.57034052372526
-1497.9316226736655
-131.44516884395017
-264.4501658846453
-345.81406561575585
-133.63523479843613
-118.77464879480686
-133.8525304699876
-13.58459783210387
-497.8069025501137
-135.91931726935434
-134.4665558376348
-251.68932893897798
-128.08732897120535
-120.75811252711989
-128.75955049718317
-126.57608094208693
-244.08339529732083
-282.12701826266823
-288.91308765395706
-124.21363221119788
-3.3625715552815927
-239.13108480127283
-125.97698457404411
-122.25788614381125
-129.98054893030277
-10.28943166610947
-387.39148816143904
-133.50558959699907
-256.0872922662478
-133.06753627646532
-124.57391467331483
-248.5510620112321
-2.9583711496378813
-133.38970139356607
-127.83694697564485
-259.04511850239294
-129.64319514726606
-127.39079185626639
-127.04730728928783
-115.57610313769207
-127.99468597037519
-234.53893283704733
-115.68612796847414
-129.4776999778251
-417.8875819687985
-912.0194348512404
-254.3851793053282
-143.9592781125148
-133.71931628465504
-307.3087093514674
-22.784019063486642
-143.90743411271018
-139.90713507687667
-143.03692060192535
-262.62719436744425
-350.7124825326411
-413.91620543769386
-274.98849581191416
-270.87468908068996
-409.74016050199646
-23.123624169833356
-271.90026228715
-150.94366096863737
-145.42884702641294
-406.0896919007814
-134.6017613054256
-128.04152446348147
-13.314181507124657
-1492.8928855028257
-132.40578295891189
-137.8493469699295
-890.1410096634787
-137.10887046482927
-21.552713071593093
-272.0668407972346
-19.438747841561504
-798.4618663638104
-257.685031337941
-1492.0275027389039
-14.268028320993116
-531.0912709694484
-139.86215353019864
-789.423054745681
-144.51902974574355
-136.70226137009035
-139.34426726738664
-379.80898188756527
-280.8019593817803
-144.90943664114093
-17.713548118376956
-140.67183451500273
-144.55730157706932
-19.65502870058056
-142.542957675599
-136.347804477001
-251.76095537409225
-273.98344446670194
-14.56562047960044
-282.33964726323416
-141.54092602752772
-262.7601240709517
-130.95940067739684
-303.6427850415904
-249.1057582940311
-134.39341446242497
-10.686039805803732
-248.99320259091135
-8.859821655525108
-491.3116824794774
-244.99118947382888
-129.43279905261895
-16.213634927625492
-338.9093549495598
-17.58598074800576
-245.99816970579184
-263.80467758047877
-323.20681813761536
-339.54465386734734
-244.78888540288756
-282.5004327632872
-123.04481437215826
-9.112972084863804
-346.4060660979697
-130.171144774755
-134.84724303264204
-249.59273457235557
-131.1999959997804
-249.96628960386607
-778.5947389889675
-135.9728996072234
-137.36629424498653
-9.660652440174882
-127.99602753835646
-136.3549088741917
-257.4971845444649
-137.4047769710735
-10.92268914347448
-238.38081336049618
-137.05099974844174
-235.83955865050117
-143.01946320888544
-248.6808604470551
-133.23718986582247
-356.1290833476939
-135.09121660098174
-135.9676247083785
-244.26629799116213
-134.2785362367758
-122.73139262945678
-129.73714244419372
-136.44065019463983
-138.39922133032917
-124.1558458969673
-134.21259754168244
-242.59926200503497
-142.7174740053246
-11.87544117905871
-137.6399600766225
-11.597123913725573
-262.5613148904728
-134.74131232912092
-13.409681304225655
-401.4044265091832
-136.46200657494643
-133.11539029996126
-142.70616149334137
-148.86044958443512
-138.04268640682767
-255.12604699753334
-271.1420984335882
-15.387083033330539
-16.547212514621723
-134.25666110013043
-314.6672139741148
-138.73426582558733
-258.3217601351945
-18.918005201117566
-141.5478207236608
-352.4330607796779
-273.52066140671843
-385.36408416152125
-137.98822580258283
-132.0747002039663
-263.5253470880046
-146.54667364670465
-456.67508058532314
-388.3853616802429
-419.39509373316207
-242.29523796270618
-138.02552117773638
-508.3304687250523
-131.44902793236156
-134.831870329882
-496.7604227709638
-277.3107209299417
-134.31933931044475
-271.50495145792854
-389.83625910759656
-14.220688642356688
-133.21518981945442
-504.4617570049947
-130.0043843804931
-17.72421468176515
-272.4069850074701
-15.161708700083572
-142.37845136570954
-129.7025955702371
-145.88255576924
-143.55639190293695
-147.49403056008595
-234.80274335009716
-134.0316783480189
-144.6152856832664
-133.4760722499263
-330.6665152610756
-138.89899362076494
-131.70308209181775
-289.2671127250456
-145.55719584104673
-144.4915188555494
-258.89176120305046
-145.19414789456545
-14.22768207595874
-142.74064877252545
-138.43983350691894
-146.84531991233152
-144.20698400862972
-384.37081864699934
-140.32582035145893
-243.26296923770016
-367.8231307088886
-247.68489484301276
-147.27669989757092
-277.12821604101396
-146.63728531488485
-331.9379973866989
-240.77337834507108
-18.60185352791352
-147.67064805572002
-129.78548237805956
-140.1103086256059
-145.04070509071218
-142.71553694221637
-143.08139745352523
-148.45208677399293
-371.15065551891024
-271.2290103461405
-143.28785269635156
-386.2097655251437
-272.5493257387006
-499.78763472363784
-263.74587219261707
-515.5697962655242
-264.95268687292594
-146.67756172903142
-150.25661293611566
-365.1244727663463
-142.6472931031804
-135.24947131998803
-140.80134505681312
-143.42937795110805
-132.64414053046363
-129.4652659539492
-137.3331422352733
-257.70952028997425
-135.56496215733847
-258.17271640933643
-275.7123656163954
-143.27550343912534
-264.2886115505351
-367.34936750937254
-143.6563594202538
-150.0530593704795
-19.07358543769085
-144.0210044391023
-17.539302953803013
-146.17038517454037
-266.10389109092483
-238.37920194569486
-262.81887350776054
-252.09351031702795
-141.06626264735604
-143.05486415006865
-378.86967664028816
-139.9346490033535
-141.13782620877708
-140.7976873564649
-255.17231382932448
-14.869234752812847
-147.35637139573214
-258.4010808410228
-261.5308036684203
-253.1336233778618
-145.15323123822088
-145.81056983100433
-145.0641791551443
-147.19334680622907
-258.1550657018533
-146.395584948598
-263.11454597385125
-17.852835274670944
-130.3514065459235
-131.62313396535995
-17.924774595277515
-137.32222098753024
-532.3369403077676
-341.2577497881457
-262.99247759980636
-141.93875202976236
-143.48347155757995
-144.72950323987845
-134.66748179188588
-144.45446729428343
-149.53246074847746
-148.4161241787614
-145.2661750519497
-144.920580094241
-264.4760400553774
-144.5882082139244
-144.92465624831763
-148.84655392173437
-251.9186464843195
-140.9310175552962
-142.31693230138114
-334.77581479980967
-140.50140781205937
-126.42622550600389
-127.51937415795669
-140.75120913240156
-143.55829206943994
-256.5646392106246
-143.0554379367975
-286.988616809857
-20.988079852297766
-148.05827540150364
-146.82960168950345
-264.537536290008
-411.38744628508107
-280.9408089502452
-16.555154946514747
-144.77277451789487
-136.42864349698326
-254.61839743139114
-126.04338805370642
-134.3608082474189
-139.15077493942994
-142.47509032953963
-135.499994130413
-265.6844256958512
-267.9553406109553
-269.6559116018139
-132.58442953718117
-263.83456852776214
-366.61967439491855
-251.573745904364
-134.46049478778863
-137.90488966647357
-256.7429976179186
-289.96218280955617
-6.161912304623424
-138.65053958911332
-130.51705331663968
-245.14939734582143
-139.38062644374168
-138.67807249690475
-138.41810588228665
-136.84521013027737
-139.80889435170047
-144.42425740177833
-658.2315868090081
-14.832732831020868
-143.546848845667
-146.2976923740618
-21.23278367772886
-142.09628027649734
-136.91600031787715
-140.92199039825206
-530.9747633692363
-143.32956191864815
-140.85638967221274
-257.24856439424536
-142.02855782135148
-145.12603189356682
-139.3813927533142
-143.6800866402778
-261.3445739694413
-145.51081373118294
-260.728757525311
-141.91623341274573
-137.00232969893443
-15.61353164664915
-146.8351437977939
-140.59711017777425
-140.1778906966396
-13.820036272107878
-253.88899588999286
-142.77169378238585
-379.67889560145755
-150.16143553360317
-146.65872210816144
-280.8018525948088
-16.83322457225659
-142.18473813914406
-19.606654445239286
-136.67615201925608
-260.3630319215881
-277.5549761263418
-141.3358428263869
-146.37545940123655
-141.86823936183552
-146.30532133198975
-143.15529002543238
-144.2919462055228
-15.239969056015015
-254.6596970838502
-261.41292940683576
-259.8258078589598
-144.6761870696594
-280.9936732854588
-137.42369790625634
-143.35860942475318
-141.8810068886887
-266.8817472633525
-141.3006315540348
-10.070181825241894
-247.6495705610215
-138.06894175939772
-134.00751098009022
-365.1861353641942
-7.679356535008226
-370.7189403755603
-359.8033748528533
-139.98043012475912
-369.4667702065246
-134.87326281308884
-336.38464091894275
-8.563015019871008
-256.6606412897554
-5.252963483513468
-132.68377493099155
-248.66569977505117
-128.4473916086048
-126.62640308900723
-132.2260289907062
-248.07128730735687
-131.44455380883156
-0.3472145321163022
-131.20678219163406
-117.32401370113456
-115.17993857500548
-379.70201734643086
-259.838740544983
-274.35552919621637
-134.8423823225659
-130.05530670812752
-392.2804417216349
-131.29377399310297
-264.02917563138385
-137.78998832892557
-135.89286008330603
-264.09844915634295
-241.7587192331432
-392.5061589776372
-266.2984135345777
-133.4238994741849
-246.2921491887932
-132.57802231104873
-248.90054684007887
-404.56072814708995
-5.841833787371732
-400.00188187343895
-475.88305635942464
-9.434261901795841
-132.04505527054835
-273.28663946378646
-373.5825601533156
-391.061371512283
-5.793985717342618
-133.9192652739213
-130.55851706561592
-391.17806203450965
-270.69241671279906
-270.5816106496063
-132.89973926408135
-274.6321664678898
-122.27198635761042
-268.7455801616741
-671.109742287165
-261.1139455921571
-249.75893401490617
-897.9516055686945
-137.19791816606795
-136.19991768396258
-141.0815120940363
-403.8271085988399
-4.213033471484339
-130.38360951445873
-124.55071657801962
-253.22628940963796
-247.1799080311523
-129.8236592010591
-232.42754091594136
-133.74801813146397
-0.17100410638516153
-127.30456893597955
-128.61480570881645
-231.44204468753352
-133.8795010851888
-129.24682315782186
-3.1862835641337925
-366.50319994969806
-4.837707123036432
-8.557434650227421
-269.82878141951477
-123.19544783564746
-124.01391672959981
-263.66943499868574
-256.1049155400062
-143.0587879511638
-340.344802610549
-127.38026444075949
-147.44235138198042
-147.7189378927049
-142.19533173965098
-146.21271271330863
-265.9028201922346
-267.57090460886025
-145.50590153298532
-141.10919310834478
-394.01893286344983
-138.7960244686984
-386.43529787245507
-145.94833232928195
-356.1283158639146
-124.61439858179162
-277.73945096748577
-127.82694109350953
-138.0326040786323
-143.4788988759577
-279.7616455391119
-18.258492366423596
-279.49343084707743
-271.4471025595177
-134.03819940407456
-10.215885981765046
-129.67958719121802
-289.8308226064319
-135.297675583585
-145.77568744330614
-136.42544127185647
-141.45285422605355
-144.04403685903296
-279.347409699234
-10.561507898735915
-275.1681430602539
-125.89376214622115
-135.51339985851095
-270.7883524216831
-234.1566658597882
-141.74032937450724
-249.1941910857873
-133.29948057376288
-250.579203774064
-9.166047464746192
-263.05583193580645
-139.59636582289585
-140.55143716985876
-138.23763982405907
-5.421663961289713
-129.0201266179725
-129.37956751938236
-3.7722100560778458
-246.34589835561178
-235.63971836817663
-127.75107881940154
-3.129536760534544
-247.13515666435984
-1.1446093219100804
-126.9449842950713
-127.1293457299021
-3.459105867994056
-386.20278341403895
-454.50101867725095
-322.8478345639173
-127.97820595136713
-1.1354483589212847
-123.53959118874987
-117.20273258181997
-130.63543516313683
-250.30675500831046
-128.8735214937358
-132.7947694698099
-141.1623083128432
-135.26756732794158
-0.6825949207735765
-0.7369223226311573
-129.7010889966517
-135.21653856721144
-138.52139061914522
-250.93023753917603
-243.59292285415984
-133.5485159090179
-263.7970605124762
-121.07049318843337
-128.1836069375501
-258.3322005229333
-142.98530694026007
-246.06834693630492
-234.95616104612895
-130.850808188262
-4.229370663861156
-134.7592019104315
-131.30760055064172
-270.34569976592803
-131.2633803042409
-246.24194949339105
-125.71708934917349
-134.19790365932093
-132.1672248023822
-3.194016920736012
-131.75792682530792
-365.89782117246926
-318.823229003441
-134.21635307578535
-128.0692578831433
-130.9854156219453
-133.47634553480924
-274.99345744696177
-124.49197734269151
-127.56226741110714
-133.09682541246937
-129.37684720935027
-242.7934393658362
-133.6213692847387
-135.794487034459
-132.4302613506281
-253.05756151884796
-139.99238842080132
-142.64394628655853
-143.51245214814267
-142.93649617830025
-143.18685066159952
-141.45823828185948
-139.25005219337996
-140.56793997263028
-253.383814007925
-268.8250800705144
-404.45200070689316
-252.75885364261947
-536.9725946844463
-241.46077662329424
-126.62520771377002
-140.494382116558
-134.94688899780093
-145.89481027896414
-12.084546123010794
-130.7461808190348
-11.55088408802876
-287.7705539731133
-134.17918644662316
-268.63157158551
-250.7005556317079
-268.78749842017845
-134.19329264123297
-134.2329319147793
-133.26413782555431
-385.20866884736273
-132.12722398641534
-4.62793429432955
-379.67563912840524
-125.74081982598308
-5.1102331426773455
-266.3222284228591
-317.3760519568392
-132.52218090301693
-1013.7131757503843
-1073.1744563411276
-2.1590201564418505
-124.09148333333145
-5.39995303588272
-132.61436316605193
-130.53951365430547
-7.067982631096345
-129.48433124850467
-259.9788114221508
-140.83937448708016
-132.4101428584188
-259.1792496676762
-373.65757878656086
-121.40151217565266
-264.8700464708272
-264.0577667378059
-129.46105341277598
-262.0237654292586
-241.5868867093033
-133.00054356651557
-129.91650456030172
-5.106056352816108
-131.85241432133787
-129.82223938106108
-119.73237623901983
-255.94045124208674
-377.9332767487689
-255.1846928863204
-141.61479278919856
-266.2467654007647
-132.7964043019369
-130.96565317397955
-132.0226061612263
-471.6638463329471
-3.835278628360388
-133.94804172959647
-134.99225677426753
-136.7042091635353
-252.71861708428577
-136.1067151791821
-6.838988118017621
-280.82870930784287
-136.20987068139547
-135.22824871187314
-134.36825829562744
-137.21725189261244
-248.4549802163342
-343.15348731062795
-137.5078931132415
-360.5808708179658
-137.38144421755004
-117.46030673626338
-235.30642875807678
-120.9598454191409
-347.8606679510674
-132.84112535340648
-238.7829080902501
-7.096991107076783
-351.1625976435138
-142.53791384426026
-303.4259652115884
-7.3840113518520445
-137.1693024480786
-344.3871162073769
-7.593779879970074
-138.36197850031985
-135.31958296504362
-124.1828636826586
-134.091910162721
-120.42188202190444
-119.80277185314742
-140.55242846289778
-119.16172639765597
-133.17833025225227
-134.0765816055411
-253.914526902693
-130.28177033907582
-128.80979766884937
-140.42549266982152
-122.96846330896004
-8.260730412071867
-138.09232497352951
-8.151124917434116
-139.8115066154008
-129.46404856155752
-137.97409299010477
-7.5830109927146365
-131.89777121197318
-250.86833110020763
-133.97000076649158
-256.0709239611098
-135.76215347913447
-8.193390096235872
-131.47611708612507
-133.3562216683188
-128.97444463102536
-135.03751183211753
-124.30745508649157
-333.130359092394
-232.43249634851463
-129.06550586985503
-375.2679128234249
-373.1391789147662
-256.99878438202296
-122.42458538846364
-265.71798213628654
-135.08494258230562
-133.47034732820677
-129.45646763572455
-249.78409181491998
-133.22941002094348
-245.3276611930312
-235.12294947315215
-246.50609452696622
-134.085610925984
-255.2667807159525
-8.36274259640197
-130.3140317598095
-250.84152206517766
-250.19223980569868
-251.258580185806
-269.1866379329731
-147.57647195228196
-142.71899769434293
-140.01462335911458
-131.42530432841153
-132.70196595780305
-8.894586531771946
-359.3321177877998
-134.80847911288535
-138.1459922741404
-133.57722814434837
-133.71075720571898
-123.02694510787705
-136.86085543187497
-246.26479210313872
-138.20718471878558
-134.98723150463715
-9.650011880522037
-131.79587226229043
-253.41522202466624
-130.08532214576437
-4.172750426574711
-127.69447897926996
-132.30088859627907
-127.67484020335817
-130.18473291435006
-126.03939715360255
-366.84105359427576
-1.8474762285192001
-128.9122357235122
-233.44024059795223
-241.76485403510787
-5.719528998438154
-3.239916702462034
-133.39781468200425
-2.8904446793215715
-130.97797457931634
-124.3877881856724
-354.7487294900199
-510.67458110432017
-262.9379450350171
-349.22561435989155
-228.25526070427074
-127.9381720461592
-6.19302882539675
-7.792148239500153
-7.3769877631511065
-449.81466027420134
-391.3471245247215
-259.7980025381659
-238.56041611000722
-130.5103740607011
-245.04646455379924
-249.10106545917816
-132.57270824587604
-247.79225415667776
-248.63045205656493
-129.53950876686383
-132.68003730474325
-258.690092246583
-2.8818267445147616
-3.216016550232432
-131.09371219720583
-3.5827800618561554
-232.9031415358108
-125.51709632852003
-127.38893248973929
-243.8097043465673
-230.98011850416876
-261.812003467939
-389.08504359464774
-132.49455116207366
-136.90275154889207
-263.8592427017867
-129.19324832338916
-134.80746449193765
-132.83649744566316
-249.6013695517697
-265.9869431468396
-251.20486157956438
-139.9459723294593
-132.89863527336254
-126.22012816726667
-476.3162396304401
-133.11310909774986
-256.5310840331206
-5.345607936616317
-252.00904847262558
-260.78647611557585
-129.34171756835752
-119.45381531028663
-251.99159928854726
-261.11724835233565
-238.41004526764323
-249.12907025871255
-246.76064774301938
-132.09385722789088
-270.1523647878554
-242.09605773041832
-374.3224822194683
-245.0051937006949
-129.22905057673762
-129.5467533141849
-228.9861921253841
-135.43923096401306
-141.51997649073027
-148.837777167806
-142.77683325654075
-144.7063508171638
-137.13746857841244
-258.79113035231285
-137.74725802141805
-134.41448417007211
-133.24918199237408
-8.92233865603928
-11.641240901845903
-137.89543396365693
-9.756065350567821
-248.41613471314253
-246.67547718874727
-252.33401565284086
-249.0544239648924
-140.69510170293353
-143.36047651758741
-139.3564313652145
-265.76264083681735
-14.563802254923953
-256.196304315431
-7.968866237240016
-248.70989563346728
-134.05861205039434
-116.98578925809879
-369.6699667972323
-120.15111587650198
-131.73173328971808
-135.38092840913774
-132.78431436011553
-247.89714825547657
-3.685105030311362
-133.13721452549896
-248.42745849417247
-336.69068901037616
-136.21831370156283
-279.49921068609365
-6.2754495160063355
-10.011711702086039
-251.74652166989372
-125.40440067805281
-139.7500138448346
-133.3707026393222
-246.07310878449087
-146.78565099563846
-139.14141968420583
-129.0385955695677
-140.3911786003458
-139.98701483515262
-267.88875792631376
-270.9243850246653
-549.0259542804446
-146.47325315935802
-146.51711764827667
-150.90361653832747
-263.48066794775764
-19.820789754564988
-147.04399442519374
-265.1410838888003
-134.47428415278011
-133.64625686700379
-136.45303337266452
-9.3260354043368
-136.82341502891026
-141.82710391318145
-444.7130370831733
-141.46596816724676
-131.02859188874712
-139.9105376283739
-518.4076819082983
-141.82756629647616
-131.74362629550126
-14.660593061442224
-146.1577761998979
-143.45699727217863
-377.36788229635715
-257.1462537741501
-143.11450738888234
-253.6447581536301
-138.99309688412
-133.16331685068184
-252.9330345053505
-267.6938047595481
-147.96500890331347
-147.32743459912092
-139.9837211906944
-139.16268981214074
-257.6275526011434
-141.17701258495072
-261.207606028016
-255.01804872484658
-386.9345620388661
-504.254649428055
-242.64941745063723
-266.397261655102
-12.337949806918397
-129.22085584436525
-250.61571273676597
-266.2032831191256
-141.00052425358433
-13.264700989843668
-134.80413541413284
-149.08431417387686
-139.11637401096453
-139.25457375066406
-253.35611982873507
-367.52200207316815
-147.72577837151852
-258.4109977767948
-256.13631698580105
-134.42781295951337
-313.7140896156085
-145.55014832451369
-259.1939465453772
-141.75967913908207
-16.974523295336123
-138.94885512581718
-136.43944285773065
-240.9054726779847
-136.83515110802267
-130.05423937880204
-362.77247110325214
-368.09898030461807
-10.122009862584422
-9.438862055934703
-132.4920188650625
-126.55045535210074
-131.70971365419285
-137.26485519921883
-130.45688543359614
-134.77095711717894
-134.56778011644425
-137.0445360910438
-252.9020520801913
-359.96274845838735
-137.24708399385437
-130.707482062696
-128.48578171525287
-134.85359665401452
-133.2879967705412
-141.9779296122931
-137.1678371610555
-241.81406096120284
-141.64075779202912
-356.24060375000096
-137.27173889996942
-358.62821084763993
-254.7104606826645
-250.25655382330947
-141.4451191429444
-256.28667010459156
-130.83454283040365
-6.731800396355907
-266.18069632555665
-13.326806432114353
-251.6852637814234
-299.7874454923976
-122.57193249380805
-134.09772010766542
-131.73517509708273
-130.66235234538246
-126.6556232276771
-123.58303735055253
-243.52625526460815
-131.35899952141466
-255.36341636627031
-7.586352415505616
-310.7098571008302
-139.2653292428517
-132.34912550127916
-125.73028361317512
-7.683436613770335
-8.109377197463497
-124.58376035644527
-124.27741803986152
-124.05243485789639
-354.26332208308486
-130.03915739204197
-129.36611653019318
-127.38419999965352
-3.818793394847782
-116.38229328183962
-287.6834970331533
-127.71496620142035
-498.07818966683425
-240.80019445547168
-504.91801872157174
-119.8855319167618
-231.17633319567827
-129.1052083362437
-255.08286111407185
-126.25636243878196
-124.07516567052956
-242.837770722661
-235.64827810125314
-115.58036807592083
-242.99169882808602
-116.1004882145624
-128.25464007568758
-130.75845092018568
-123.12385028304755
-300.7175129080591
-347.4432588533512
-128.54848385251685
-124.64556295600609
-259.43533243732224
-323.6231788399456
-116.77343325306354
-2.044307080181454
-126.46696725376147
-129.52971703354783
-129.35298611497453
-241.64403894310945
-4.0491189691062495
-1.7207766908439373
-117.74573755874125
-1.5898962413568893
-115.4640529035949
-242.42410473381577
-129.65885011350196
-917.8462471311764
-129.23916216722125
-238.86259509484725
-253.26845508953014
-137.0618312713953
-129.62822896633475
-130.7536893082602
-120.7191785624706
-129.90133490580584
-244.11010073231503
-122.80463856850895
-321.18422812834405
-377.0668582826942
-142.21872729496363
-775.038296611281
-390.35516669553994
-247.02750541320296
-5.243416433421881
-133.35326294744075
-128.75642431898976
-235.18395351948473
-238.39331129690086
-369.9648270802505
-238.78054617328152
-122.82316124644645
-130.15712377521996
-238.0470418231788
-120.51628507771235
-241.81580207421305
-492.46061159747273
-123.58324889862065
-243.0822748487221
-126.95124142335067
-125.3613801339805
-228.0060906626486
-123.5685937615724
-126.20677364059294
-253.12407222461155
-127.0892093419302
-128.41983194529806
-120.3612242315623
-240.92483427766143
-3.929469432004583
-117.16128992906215
-130.46694062337448
-124.55927577524385
-128.6633583628167
-229.36268446586857
-120.6995491826295
-115.68070275938798
-383.6389873905542
-126.74370760290395
-245.57889472390482
-121.04448756839535
-380.9659067584565
-127.49551170931508
-128.8267280524484
-367.9563942230735
-259.7616546784791
-129.43413169635534
-247.10314721046532
-250.61005625958325
-241.91853713513734
-249.9820880976496
-240.99621594358703
-259.74326693846393
-1196.5811696505002
-120.60436189833105
-1085.0350823130589
-257.7853930369493
-247.6559710490246
-238.47447308647972
-126.84584659126998
-116.47198683730029
-1190.178849116511
-122.7596866831035
-238.77910657492242
-300.3870975152663
-115.32626213714518
-135.33797940279356
-120.67041268483946
-237.1628428036044
-135.31029365520672
-125.5009391585643
-117.61281666124998
-126.47838849385147
-2.9946475644875394
-130.9147652481072
-120.92940582057075
-361.00998397035295
-126.68820634254735
-237.26802686287726
-254.13818870827538
-1.2977580333945355
-126.84108920381432
-125.49054244461708
-120.31465711845036
-130.37005290329657
-248.11116105572492
-397.72885574952886
-258.81058512503574
-227.05945082999523
-127.11706331374181
-271.87973050810047
-248.90182694311358
-131.94517372893597
-240.18428067237903
-128.1778371799793
-128.33004604375637
-235.68608829542424
-1492.0254578366564
-238.14322912516636
-122.95638641851468
-245.48486710735534
-128.65302697131418
-118.19400948902869
-125.83955986437958
-128.30499445034934
-221.63149054885304
-236.03811022842063
-127.5202235697681
-122.9745814795456
-231.03868958014684
-237.17975325552774
-124.48546977604991
-129.00040003021562
-258.70946515406695
-124.54036342715476
-123.49023148604104
-310.2284854764374
-340.3121749901101
-130.72695246675306
-248.4474039486665
-239.96982167666067
-385.6753103153799
-1.7671559679366997
-1.8201966148592172
-131.0535496531327
-127.97249292882502
-124.3096023309852
-127.70551543098199
-129.0566338505186
-238.25106521925744
-128.34203152998631
-246.78447611071573
-125.56279762023433
-235.34805170022358
-133.58138263723168
-250.26327789760816
-117.24225405020945
-115.23032227346809
-249.77673704736569
-250.15448340692265
-127.3417611514654
-2.833222764490419
-224.71732647860483
-118.62168092345752
-382.4912641535837
-130.16981754937373
-242.22411332554915
-123.82460869702203
-134.92769952993916
-123.48999842110126
-258.46892921656274
-126.64629508030261
-253.3442116847835
-132.9161978155109
-134.15897591599645
-333.8461878785533
-129.66221815150098
-240.16041959998438
-239.5458518531804
-281.5505036082139
-370.08240320614885
-246.28182373604133
-132.13367116293153
-131.85182627309328
-133.7934125783116
-267.4929478556247
-129.0091916631729
-6.841180141092228
-130.7171466857539
-246.63093460982404
-242.84472328762035
-124.82191802557682
-130.32765945527683
-132.965429275365
-9.606420182236022
-270.86112758160084
-340.5905360394535
-792.7452683769678
-8.313951803832401
-793.3775082846316
-130.7111379160713
-1.9948080756985522
-267.56081801494133
-114.93047737483703
-135.67909131909096
-296.2666567959402
-123.92000924529094
-129.66518184539396
-3.3710646389524483
-131.56065795612787
-120.10660878672125
-130.8200894200591
-1.9568913774799779
-123.68043233326188
-3.310616926341957
-132.98289946076656
-132.60643653679105
-335.27209734309014
-131.73341846775105
-127.40816358212561
-241.6997479989709
-129.1087819849885
-7.5769981282645436
-125.41785802054326
-136.36619433072494
-120.39786174288058
-6.191619650714812
-129.97752645554976
-9.600170923116815
-131.12235807867714
-132.62770181070624
-253.05814658735528
-259.84215807677566
-132.35736555040597
-258.68780052561607
-9.245383999414477
-248.9893406062118
-130.58346748080282
-253.47643172646934
-258.8714675249937
-134.1757560753093
-121.12365756847336
-131.56671609710074
-128.68293675080497
-132.9497491861059
-316.66096387536237
-122.88695311188788
-124.05680856095478
-1370.7046768810924
-1054.9962241255819
-241.13715282081625
-246.21329065852458
-128.27678152453956
-125.45752495216148
-4.446179516857224
-128.86800286717838
-232.30025731105735
-129.51668134587516
-3.2590881598964794
-1.822410284832439
-131.57637799091663
-126.40804942339513
-129.3988817146038
-2.0700304292708065
-127.77007232154226
-2.564391450242543
-3.3510932167115772
-127.11748544376043
-128.77606021631624
-117.26120105212789
-376.82954050679854
-127.95962082288617
-135.15299416243926
-237.42448795122783
-252.61052794963229
-138.70129500808363
-127.10602775511425
-251.40814076339575
-130.77294483612187
-252.80711310536321
-351.1377131817853
-129.2311776744168
-317.87265660792474
-304.1787023179858
-127.62600610534716
-246.25480298056667
-264.27781760349245
-132.49314098107956
-270.24369219077806
-374.783992210455
-259.37556748682096
-232.67168411338795
-126.37035017568093
-389.1951623447774
-132.37581185413262
-128.47637668359096
-120.66444505351289
-241.35784354609203
-254.48930707851477
-132.43117626940955
-133.6438846940559
-278.9284501178197
-132.46351124037523
-124.4488935069167
-4.714273310832244
-128.01250345967432
-130.6788411353686
-134.86301396013263
-365.7686563361184
-117.73334552303703
-0.9981444678005591
-130.06242386968412
-2.4929018385499693
-371.78880442262425
-303.76022987281505
-132.56191751369184
-401.15261925095797
-122.62517062497001
-260.9013257342829
-0.4064006989469079
-118.83400547640852
-121.24798603867748
-132.04494187983858
-129.05958890608602
-132.87554672414907
-248.099484211587
-130.33405977675864
-366.2361400434117
-121.58918852437588
-254.52196943057672
-132.95836637134457
-129.52392272753735
-240.44464635183292
-252.97024151994677
-117.39874890369315
-124.8927200654544
-247.43776925344284
-131.3356822626083
-258.18540815538677
-131.30754138797874
-1.409660125716799
-122.13357041569122
-247.32336685809017
-0.9842229104180997
-116.7722661168662
-120.9902512364547
-126.24322647135781
-116.77365306043284
-118.77525798014392
-246.67756905342506
-240.82889741635256
-235.2602611871582
-128.19522522128244
-119.89339925950205
-126.3258748499796
-241.6795295183096
-3.119444129067105
-227.00402368392136
-4.844260560392036
-119.36377983692748
-127.83096993397133
-118.05802925395952
-263.94367790802
-272.17787860502904
-131.4764416872661
-134.054352494275
-918.1925930728327
-843.2549131642598
-275.6351321781385
-643.7813739552346
-119.0432623668599
-252.42580979705815
-122.54349830601913
-1021.7211106677062
-4.077350672625648
-237.56540840585856
-1039.888269668614
-1006.1746570994541
-1298.8519007917714
-117.22203399348813
-1203.7209855822312
-1294.104247340056
-129.13876867860833
-1239.8275951577946
-1270.946604890001
-127.03319032973985
-1172.2449208981004
-1343.9282809796691
-1357.3709287732831
-124.1943273116931
-1261.6238097455728
-114.63302610227095
-1271.3909383532036
-1223.3857548256435
-1246.8073612225676
-1264.822579248615
-1062.3682025095213
-1081.2713071665037
-231.18641336243564
-763.5488965914707
-329.573390321306
-362.78565985696565
-231.80459066838316
-119.0135514704577
-374.6813123739517
-230.72023751638974
-324.03794667219984
-862.8780115005508
-2.534411227307863
-232.16578620273535
-231.38758959048985
-127.52031770260864
-122.5956479707253
-129.6587617755736
-251.59618514427768
-130.18792888849075
-245.7147241884505
-231.83236151638036
-255.9050762006309
-892.9312973889241
-3.395505307524533
-133.40583428462742
-130.7997037334854
-445.9061938337423
-235.4962849038437
-128.68964921835197
-129.22627483547402
-460.7805769077354
-131.17133007133862
-4.4367803439942435
-245.9416500672038
-250.3444782687962
-130.6893805443332
-116.25522620111678
-238.82066371433453
-128.96810266023738
-122.85596466881151
-435.03374185527514
-0.9157543772130787
-375.02792120678464
-136.23232861723616
-0.9448332462526106
-250.84868230859124
-124.92574036479034
-342.74068294991196
-251.77307735208277
-117.79383485763248
-123.91847523429784
-788.7963848677788
-401.1802696140649
-128.9057982093839
-251.99079070372898
-130.5029456151538
-280.0936912694822
-125.7156239575904
-238.6033849570774
-135.04948312793758
-256.5054478370203
-2.47512283964864
-257.6050827746062
-133.63996399993013
-2.656560121440246
-140.84609946703455
-137.64228942310592
-136.64515661714609
-134.26692700195946
-241.75490406295629
-138.56978045349558
-6.863230451738846
-5.919731754497096
-270.9836163901046
-245.87720551904405
-360.3232134854448
-252.30683337333554
-138.50629027315725
-134.59583806280037
-262.18251204512063
-421.8824633106793
-555.0199536714799
-659.4161614939786
-660.5940706121951
-687.0689930216346
-733.5611282008889
-832.7350895975356
-699.9431847795757
-713.8697801964315
-778.0164592025275
-800.1178198102151
-826.1561948831678
-782.1384261058442
-660.8344325529577
-754.6113224061697
-790.7260435418134
-638.92513256012
-418.8689516952392
-534.2838654703177
-536.1322839962615
-564.7878314354194
-523.8208442834697
-405.22870452424706
-397.2449382273777
-526.1684883373292
-266.51677492423704
-264.6977760323163
-270.93665249672534
-503.4031039499953
-396.379809867778
-517.7317966694142
-136.45653623336173
-130.23906903598544
-365.54792801818866
-117.00033732401039
-1493.5473579083084
-127.16766248287287
-118.15939091645576
-244.16194254541256
-3.254791547428688
-253.73572630559428
-5.244191563504407
-259.70424420049875
-244.24676523402388
-134.95691017228623
-129.5261942819593
-128.3014314465311
-1503.021785026127
-134.34076914178604
-127.18315236644133
-266.9166929733014
-129.89949169063797
-129.48964012060026
-3.8695172036624355
-1094.400972899332
-127.6479769272824
-1.409690075021313
-130.75199002181142
-128.57482921634295
-123.45255987512247
-135.87063087865744
-133.78159851104687
-135.6045076202249
-132.34320560413715
-1493.8141452749937
-127.27793729844744
-261.69560747671414
-252.6322858577944
-3.605980895860862
-130.9977617931252
-4.582177809949521
-115.02886698043326
-261.78727628208827
-383.95371327741526
-264.7096928293349
-129.02464916907823
-242.13284768375019
-3.0226440263332037
-1048.00400817091
-2.335232547192354
-764.6974733423307
-120.4390783469801
-992.0904655136468
-4.4036477415802455
-3.4324740089060364
-1060.925886860005
-250.31541704926337
-255.8875784860956
-1053.1487693595227
-130.0526447988784
-793.0921632138997
-134.68294144287077
-248.12186675728898
-246.70043932263349
-302.7983971959539
-127.34799998961205
-229.53391187601812
-247.22323733859048
-126.49657341986237
-119.51988657588656
-251.41623787271024
-128.1105676212201
-2.8303710758305156
-256.0502801654823
-130.77646122640454
-123.26504600219207
-253.73811303977104
-314.7473065935334
-247.1416276362066
-118.28944004575699
-254.00105662112614
-5.836540177559488
-3.6447933076222263
-310.1403496139282
-236.98629409109336
-254.55119691711974
-385.45341995832484
-245.08816132178947
-1.44014151830922
-123.80106101307382
-2.3935660339455214
-2.7128120556587394
-795.9469296925082
-235.31704128412912
-127.0727832647291
-749.857798975969
-124.64324053465715
-128.7116855100635
-237.66217112300447
-235.91169978242968
-127.90075542211578
-124.72115915566931
-128.47237893254157
-130.09330408289327
-243.11521486314925
-135.19648425186043
-131.2938372311291
-250.33440578764885
-127.7560079648944
-2.6061332784217903
-236.0055577004129
-126.02074889791395
-358.1818938182788
-131.47645147602816
-131.29087792376092
-240.57170246807044
-134.666231953359
-131.5170208811826
-133.97816276153426
-246.34068838479826
-246.3792890408921
-241.94857282258093
-134.47495269880832
-227.41765401326737
-131.37203541209055
-126.69410556441528
-124.98820375549909
-127.16098559193783
-127.41382542933198
-268.6702092413682
-394.1236675162566
-239.03803453226968
-245.42123147653118
-233.1317062481995
-8.691121409975572
-131.87788312230353
-136.6682471716716
-136.91205595215337
-365.96951092716057
-249.50818701818753
-9.632155584161605
-8.044444739625797
-132.33612441579794
-345.4011815743836
-248.69314404825926
-6.675553265270243
-245.4270293362299
-135.85231692296819
-246.21221556209989
-4.693652888778459
-2.7947669190293563
-249.782069891633
-308.2969660356561
-122.39877402355002
-130.81874100198343
-3.089951114689685
-125.83575076242636
-1031.3588166279687
-117.00763281784762
-2.0582758882882146
-243.6362115294308
-849.1445562189876
-2.704532811562998
-1058.4035689409077
-127.64630357297077
-128.25996712951107
-129.9773653156965
-228.131581259476
-1285.801477179713
-1231.1400514722147
-124.33229971585047
-1001.5258519391181
-396.592883761032
-133.4242677130089
-343.69297831125607
-127.93572081685161
-129.38361091001755
-5.526527221387003
-119.01080406081574
-5.591247408422274
-136.3201964793186
-133.46666445555184
-1.2915649483128664
-248.90589866550584
-254.4977904888533
-401.9920543689609
-235.01101334285462
-132.33631376897011
-260.1480616743821
-266.5684937766174
-127.13018191378517
-128.82010972066695
-123.97587758505574
-129.56281343120955
-127.15197782613062
-121.40894623153092
-137.13990029108464
-121.44499883040461
-129.3013940405326
-387.4219527671186
-383.64534200281
-124.73021578501091
-130.9412327450571
-132.73278705468354
-133.13225142446842
-128.12707309955738
-366.0212003779574
-125.74273566515855
-133.83130995457486
-140.25687720639024
-129.51833050630646
-133.23682392786046
-131.57793311403472
-328.5640214704396
-141.4353260399158
-383.7420405914807
-7.528374560479994
-14.635941961450289
-140.87091078807038
-139.26811631126657
-11.374682633369712
-273.4639983925642
-133.97099580778638
-251.61138391528192
-11.747564451358457
-528.3498422774361
-137.9720281113838
-129.91384462158544
-1005.9156386468543
-992.38177773647
-355.21361316263216
-261.8895918662335
-341.59616353574444
-1187.4373663403976
-1439.9898691810893
-1670.9130587922057
-1527.8876850589465
-136.93387643050804
-1664.4632683568962
-136.4535577182632
-117.93491203098849
-115.73990169525788
-117.7401556115043
-121.38775051558585
-133.14648643331705
-2.532891884458199
-133.27708273626402
-364.862531423434
-128.77819823728868
-235.53509375851704
-134.64592785156424
-127.03317576127856
-234.8959185089053
-248.99196814473976
-247.48528111530302
-6.85575620703052
-140.47991090120075
-257.4920197872492
-354.0603918239175
-138.21990965767992
-131.29438485512236
-127.66148434026167
-258.8987274947672
-271.09765868090335
-244.24520817753594
-119.2697063742311
-137.53423245602295
-257.47183634375773
-370.473656479663
-136.8814990327675
-1.5977032617147662
-121.41316947278571
-270.5631777104793
-240.69651493960495
-116.04578278064831
-117.85686968205397
-1.888282591752325
-135.2359133942698
-268.1162530439241
-131.67719203271574
-304.9098712818878
-117.6618016992987
-7.389513311757089
-251.6779146388836
-237.44484147035874
-2.2124883920875775
-267.76508882709476
-117.71688538972307
-134.64534158427082
-132.24077299236876
-3.7012950529451945
-133.77759382829964
-339.63834394301114
-9.282153185759858
-123.42523191063881
-254.09484237737448
-9.48673806796102
-139.47619303754206
-135.4549365919925
-233.42199237940008
-283.8619365209657
-129.00608392152964
-126.57865642157304
-491.9044202321978
-129.12013791657063
-126.63113848760838
-9.823373530360051
-10.084967109440013
-130.7258746019169
-2.977378374470914
-120.12639554528192
-126.44577485505103
-1228.2837934274626
-236.09561507555833
-127.56959960772693
-242.63033831888288
-254.03442085540928
-1224.5144250910835
-1239.060767580422
-1114.1037809341035
-1203.4454157660214
-123.35945987046975
-125.67575595649292
-238.90109867287072
-1232.304177975636
-126.34095523674426
-1213.0778221567548
-239.34957350252
-1241.598665301405
-933.152158097672
-122.86714147978418
-255.75261457084542
-129.00631104360463
-134.80722256385732
-128.10393238059885
-135.22868685650403
-959.9131774334846
-934.8834505628818
-1083.0521619100057
-9.784949141989376
-1102.1205969195414
-1189.7871515561553
-1087.2973892049877
-1086.7646994866718
-1203.742167059377
-29.313034676878743
-1183.4863344733394
-1088.1485344678
-1043.5972745154315
-1034.2154753460757
-1034.6538929380113
-952.0135523861932
-1113.1961270288548
-1383.3036119138726
-1336.9090847048456
-1386.5125118000904
-1348.511649782169
-1394.0309710745933
-1385.2506624929233
-1439.6587245569738
-1369.6537165986451
-1326.4830059503515
-1428.8515285405756
-1340.2347528402033
-1371.9914932139766
-1489.972008924085
-1390.3097228430736
-1381.1105522852088
-1379.263365370189
-1395.0109496341229
-1205.849899383101
-1260.5791106927595
-1312.945638081523
-1148.403693877939
-1318.2904642782887
-1291.8074950929238
-118.40730809317259
-1125.6149285455394
-1084.1103719472885
-1219.5690840698178
-1068.879306466339
-753.530798025013
-1070.8649628741998
-773.0737591794018
-907.4663484089551
-853.8406765686523
-779.9718306957553
-689.5453496916977
-998.2929251590615
-626.9654627241677
-508.94909374074143
-135.07170530973696
-1055.9810175430293
-235.3505435801635
-246.28162265696503
-2.039025760109387
-1022.9025717710692
-1138.024903127226
-1052.567912993258
-1029.2617709068018
-648.246000449559
-3.0165808346088547
-132.72001559465247
-249.2609460826235
-933.6367792402797
-1212.7797491156384
-1337.273152440735
-1224.3203647252412
-1296.2245288309964
-1346.8182440701958
-1305.450314431919
-2.713313185788551
-1233.9205714062368
-1135.691411321372
-1174.2182379205094
-1045.3397071238053
-1176.6979381044096
-375.6477665370267
-913.6177513332264
-522.5934342213992
-762.7572415410987
-727.2414098670105
-738.1144315043643
-737.7748865777517
-549.9628166198484
-652.4044599466821
-521.9717029091515
-388.6712131997726
-277.8986410659822
-734.3692843098638
-882.8583440150669
-870.5057766379456
-778.521763733579
-843.0296751434909
-860.352258411035
-881.3529567250976
-799.3811524598809
-813.083288739162
-762.4291468791873
-522.2623897295159
-758.4440117802134
-756.5202450719104
-1038.764554078605
-517.5524777486957
-363.900963557939
-847.0698289291407
-740.4391117223996
-140.7299136379467
-510.37560802820315
-634.1253025700653
-259.98316260438224
-373.8445750370814
-145.70704240578968
-371.02640278538996
-8.900376639605854
-133.38724400352663
-129.877543417572
-364.85909165199257
-4.912331048271287
-125.93300518422554
-131.44604136847238
-348.31201380304503
-139.10686493874317
-8.505960351593583
-234.03249536665186
-381.9282684852506
-653.1356119698581
-127.03190578709243
-352.1263710245149
-251.65747825157786
-239.17992574498317
-234.83881766628133
-129.69208431568669
-132.48818697796625
-133.29169961108508
-127.98345492496517
-242.3234889543566
-117.54405432919718
-120.82203288080485
-244.222142302215
-131.81879418907414
-238.74640986214757
-1181.8643128546976
-5.295500530475046
-1040.6250508543671
-235.52122868063472
-3.9899829985914717
-1061.450654962736
-1116.8640115878668
-135.43475652674547
-4.532080864503946
-133.45034309315966
-244.65240672923338
-1.477568822583939
-134.56013959734267
-2.7607735978825483
-2.452949496375037
-1192.4529024826504
-1346.1949469903557
-259.0969464080951
-1491.3934021537877
-1091.2073566182673
-1195.8899776278795
-241.41219723702713
-6.9076701952005255
-1072.453087549367
-11.000586838380947
-137.55632005831018
-1053.9073482419105
-244.5397163251965
-121.01934202862277
-1.4886806960204535
-1.3712381245837
-809.1101002305631
-248.76278636433372
-246.13980450011076
-124.83406081489171
-234.77594911737305
-125.23260276182464
