-1354.0306988264704
-1690.4521759110426
-1817.5180763732528
-1675.0323454085349
-1534.865738461215
-1392.2415902453758
-1214.6835251588013
-1119.9735999397171
-1074.2128079967133
-894.0864691634913
-967.2573295747534
-905.1381932404169
-999.5557874134219
-124.50268831768476
-427.07719421525735
-231.5011208379736
-256.54417441336125
-130.1613286452946
-126.74188390370112
-133.19682999783444
-126.72554557288224
-261.26634244333286
-131.83399942240897
-331.8974681549739
-135.262604376537
-253.06920463252865
-251.08982643489037
-383.15797853823005
-259.2805755934652
-274.0209169581926
-257.8395513467062
-356.3889405300278
-130.67695239206174
-246.3360053327333
-134.47642647960177
-360.4109997779432
-116.62431942146306
-247.38523920290407
-272.38089764535215
-240.7568506765562
-133.9094212385346
-125.80397988566489
-270.38625446381633
-242.8958613437884
-127.18475104092671
-139.5327859612479
-275.01582565710453
-1.4190528675300158
-123.74463315713565
-278.7162672358555
-121.31569717226053
-124.69191160375141
-250.09668418847892
-136.95202384913827
-127.97172851004737
-135.7627430777184
-13.630330671063907
-253.5389292371188
-132.66407866656107
-12.366390395846077
-366.09894322748323
-261.32955307123774
-126.48984032311827
-244.72657031748366
-132.51157783360503
-128.05470200716096
-127.70548192898616
-139.72765510906513
-272.7078384542018
-11.992189613690801
-135.68433057274672
-135.4461570278763
-659.5182314304998
-123.9659571568489
-251.10866103991518
-131.17874232147884
-11.18225791703428
-138.2834544408082
-134.63189805710607
-134.5217671278641
-386.32149921047096
-15.624869739337559
-128.9866232729043
-129.95446449286428
-129.886156835056
-255.28310333264108
-137.0298974728372
-130.36763201436986
-2.513177828784419
-243.75092126410075
-3.76559826629595
-258.9441098199101
-251.0479429057651
-318.08831578365954
-245.99092307310985
-132.389614966904
-3.7425447884872685
-241.54078695263934
-14.073450650473145
-240.77833096041783
-247.61114237016076
-246.26645497377396
-290.1746513831939
-133.4144830695417
-128.13371159688145
-127.94612542814365
-237.91762473538736
-247.23585916828193
-136.47049388158698
-125.75503015609044
-132.10580426663276
-236.6972223382975
-118.92080788501558
-292.09257108469455
-251.32779226859603
-315.29990258242276
-139.84494325942327
-255.07540978925155
-120.40223827804003
-135.67130813728977
-11.837777439544462
-13.31843432490492
-130.35377876669324
-1497.3015677621322
-138.79573950468549
-140.7531987674558
-252.2679597752181
-10.076178553667269
-138.59352449271083
-278.7280619139506
-287.87901779897766
-407.39497752702084
-144.34612228930197
-146.14880706954742
-391.6799696766938
-135.29152921410153
-135.0656798154522
-144.35865501031526
-244.8211298559041
-146.6373796816588
-259.21806322433156
-150.20268614942944
-134.1660440003617
-142.75146322411894
-141.30155070746275
-149.01663655895166
-308.9064466368077
-364.82745094870705
-263.22255469019655
-268.74907167627873
-130.31102841412584
-131.75450882571437
-128.66382707382186
-130.3376964777726
-256.63642077310595
-364.5457823871693
-136.71281694418684
-133.15066153002658
-133.0964896059691
-977.9306773916613
-122.30610047412561
-122.20770724112415
-1221.2273924156998
-397.2607059004501
-388.0456669352932
-804.0257664321721
-125.89073476302488
-268.1885062254838
-515.1389221426713
-145.71059028937333
-258.1506423476178
-141.52862261268336
-524.2225029968281
-258.6234441451233
-270.55260604539455
-17.06830866839111
-13.62623225190402
-138.13558046876912
-139.65392851638677
-136.8745201649615
-15.183439729827702
-273.45134605239076
-138.5706831821504
-15.39507020930716
-1492.6260449204851
-135.14659530119687
-134.73243910764543
-312.314598805438
-138.50534309541058
-1491.558582743993
-132.47460658269665
-993.3482350401953
-129.07270058508556
-1.4529270720364653
-140.852490833964
-135.04628479928746
-6.929111543613224
-252.27423578037093
-128.88385811599383
-133.74744689943302
-127.54292102044931
-131.68363376713444
-135.57645102043224
-244.45453039717177
-269.58904918829796
-259.90087125515834
-133.962673002014
-124.21845095415388
-133.3099678032176
-138.19318517538107
-248.91578362693974
-350.92658998412116
-241.05244636358904
-128.59453200029031
-331.1383319777653
-132.90833834176556
-117.3260291057554
-0.17290115870862885
-119.02429814532542
-115.62879192843928
-130.20286200593733
-120.74380760098784
-238.76423117307854
-265.3741845865407
-138.45724030691736
-249.15687290932587
-132.45010974767328
-258.1426290901239
-267.0998779921754
-239.776032070123
-398.8920605978241
-130.73780480400848
-121.98299947436372
-353.2695533255046
-250.8671553777218
-1.8715990160626625
-132.11041356519888
-133.6223923860488
-281.0110062019795
-6.9420427144412775
-248.5054212829958
-245.4927086248971
-5.089651797849131
-264.7857023818314
-376.2306509483731
-127.61290084300843
-271.41384660677477
-18.66225409771706
-2.9551217540427435
-246.74795518742613
-0.7152761742953978
-393.3389690223237
-132.36687436279908
-129.67263085635096
-135.0161829171503
-131.4937382990053
-135.93429705153844
-151.15990980886113
-135.1218299215062
-133.58294266523234
-146.6536155812242
-21.634709102206582
-26.22050308380691
-143.90794270101077
-257.2766111174353
-252.2752031416034
-22.91606738890443
-274.19001179513185
-135.18356431526954
-138.02426732673115
-28.222625874949813
-138.1359793763101
-241.60719883350964
-145.0472025139346
-350.9185867796696
-0.40621952451250737
-124.32290961251933
-119.96167182721835
-369.22011242357735
-253.37220284696997
-232.00878629964032
-376.09239381658244
-267.16454371979785
-133.2221503020077
-258.8348957575887
-0.3816666896854042
-122.5438527560488
-127.91959291345333
-4.941969795673875
-125.16939565239798
-125.50974054929738
-310.4170440867386
-147.3820982419034
-382.18194874055973
-134.44483712777094
-133.54895700262009
-137.0284450583383
-134.04888213661792
-527.011845933535
-284.24034509095986
-262.7118710638955
-131.84166254260512
-148.85978743929616
-130.79318508346333
-126.83228265946072
-265.9364205844825
-260.8376699520044
-140.2122685662491
-141.83599937111353
-2.510477372797716
-124.10468105990465
-115.46456301655695
-253.55478830048847
-2.160769524741887
-122.31085962993438
-272.7991520816252
-267.1812512894933
-363.5755036744605
-1.2010999076781566
-368.01559649726465
-379.39177039874085
-1.4864589846120098
-395.68720638213654
-242.65292041193803
-256.11239760691393
-9.519311431177693
-135.39681231512446
-252.63162901312555
-123.62708128225832
-390.5990804244845
-5.691645571334929
-4.386350937559209
-146.06647340047573
-124.49379080737201
-126.60916455383874
-132.36174198207837
-249.76946387823295
-135.1453048168362
-330.8140833990133
-130.99462531574204
-122.09567134531248
-123.20572377966222
-249.4715068560993
-271.2102490945775
-241.80465347518177
-135.54364320212133
-132.7883214718067
-386.1788655007031
-126.7272641612273
-1.780453870685846
-502.2851133599835
-235.4125426746807
-276.7970491839273
-397.8022239706139
-138.19536855843185
-978.0096960851754
-269.1859301837305
-12.196458011740926
-388.8788857886476
-121.07866891212072
-236.7372481537646
-131.4393029273131
-151.02241972270681
-133.40619131889437
-327.7366540429263
-241.4592051331065
-125.71584851009942
-134.3092172594655
-154.9518886794913
-133.41890283921836
-252.07859012029905
-1.139823732700071
-133.3370566031132
-235.90448237722262
-276.96245368099517
-0.5695028252410919
-0.5269153275598472
-662.9412157618036
-249.84708136066118
-2.309054387966814
-130.16840120449186
-128.05728918238637
-236.37196063545687
-31.191260754644816
-154.35293777963022
-268.7602077801998
-240.84306546983896
-115.41478677796361
-127.06740617853276
-118.63937035858225
-127.00375223980262
-4.581038117923507
-2.372084007387561
-278.94859024876973
-380.9002052504784
-526.2401653691226
-293.50114057482125
-125.53356745199748
-129.27231873592666
-3.4200936342547004
-369.8305723432499
-138.78301966677228
-137.28575767096558
-265.25158549171664
-256.8710426012923
-143.27274373792028
-268.78183706719415
-145.15552319860862
-275.6044630944486
-388.5309644950692
-259.89338453939973
-152.01018114198027
-509.75488882616366
-25.3431232582211
-253.87335381855897
-332.98114736902147
-263.25680025018306
-152.04114142516133
-144.69898979765364
-275.5422420065369
-262.43060636374173
-255.1153136822311
-14.589221791940567
-144.91460776334148
-13.83185044022752
-145.91913110260242
-144.5178833375477
-250.86722197942132
-257.71204490680554
-20.929362691421744
-132.39952912092414
-135.84127818272552
-19.452233689324
-144.3218236876689
-256.6495684702488
-146.3068577658617
-279.79397358000165
-146.79299799437217
-254.72762738559942
-350.2164334401493
-146.80227902179016
-264.466250565786
-269.804588062873
-263.26435191187875
-21.259881908203436
-150.20254677379512
-355.88480552614226
-147.7918571858642
-235.7806190427371
-256.7014661378222
-334.9301304934388
-138.23951186970666
-252.47572363704202
-260.8753537949826
-260.8466352337083
-250.37623230772897
-139.39072295008097
-267.20959901338165
-279.6145007315182
-137.69455135892946
-20.3295473009795
-147.66129676476115
-143.73803283995673
-131.0478760080893
-151.82368381563194
-253.65732961885848
-336.11091028543876
-132.09882097059102
-381.2172016692622
-7.244090163400597
-903.7868958133445
-648.0114013879156
-630.8149746694558
-338.32465443166944
-369.5806134190672
-284.3363933107885
-272.80683578908963
-277.7970835756808
-278.2538231283422
-141.79662298334375
-146.34108058739162
-7.791636234304721
-246.09151016103434
-377.37168201964766
-128.22799443865244
-239.11819850240107
-2.922062471591646
-135.75197325603594
-263.03402318218156
-142.2948488790584
-271.89559556195314
-131.12961455259273
-267.898779685787
-272.6499900171861
-141.38713994948702
-3.9217624749881064
-124.55294432642091
-134.71624675354838
-27.022824575946764
-135.08991507911225
-126.25252996261725
-133.98589460264805
-29.582629404224228
-10.99230272052305
-128.7465350984379
-349.11511319052573
-135.5742996995837
-124.03689884168637
-271.2630985791535
-278.1600006863009
-237.94110415816365
-129.52366919977024
-361.32956661525037
-3.5482305884363092
-134.95325261482188
-4.857043975199741
-131.4473621612797
-246.54513891487483
-157.0803993142693
-332.0712848443027
-129.98415202088307
-0.41762651397234496
-131.8676352221099
-252.58307512008054
-813.7226979017632
-132.58950292602168
-291.8948674343101
-249.84695499330562
-135.44066642316892
-256.9905217416301
-361.98669893493
-243.43930061747966
-247.63032356995996
-133.68145091904444
-240.8146504719064
-239.68801523200585
-244.6693034924404
-124.64987809628832
-129.1894666978099
-263.2183315195485
-1.4446033975552757
-130.92985392706007
-246.44908706484654
-129.05803836408947
-128.64475537074128
-269.9448089955264
-230.09365454880262
-153.8295308931113
-130.69092077276397
-246.81353176097576
-0.17095484502439595
-337.65956362574155
-128.37036632832425
-127.97958935838895
-0.7860041483217471
-128.5281460175669
-127.32874466392553
-287.72198374872016
-1.5460443094847662
-126.73600632301488
-161.71612319509745
-131.1409786404156
-265.2865140451737
-156.8482083567661
-153.37199634126978
-129.6158992876984
-1.372832247491073
-0.9288142302219237
-362.9255033984729
-383.09275732583757
-127.89989990720163
-118.10191101255278
-125.34838202936959
-4.194970554158254
-257.1266457010177
-245.65029230651615
-121.39614359491702
-236.89243555051388
-131.356320360532
-246.21817428322194
-4.4997114366572575
-130.4299296972945
-248.6345299565398
-134.1321901395875
-125.06530976805726
-133.47255688402052
-118.11834509021897
-123.71052696766434
-129.26374552993738
-260.85384355232276
-487.5019179465212
-261.6185198677172
-120.73505053316393
-126.65217312431956
-263.8458795810448
-250.05079475098327
-117.17631767772528
-128.21100711107556
-127.98126328736318
-119.43889996942976
-352.58381299785697
-122.37671297994238
-2.310652719452836
-122.37362737566386
-245.95700246496827
-127.51796751536202
-121.22841327624914
-123.65148348385851
-253.85925734949433
-3.3063290845115754
-130.62184304261928
-124.43371952122749
-228.0818031557025
-125.81758212887199
-243.81826960836034
-127.91323996902966
-133.92016266042026
-129.4933296791546
-126.66176315013679
-116.63819299361431
-370.9088213749499
-0.07496626274418937
-226.12557882103408
-119.7584769334749
-381.50655013810325
-369.1370579005287
-242.6487955312484
-122.8122675937072
-121.6122192992123
-133.96622098928987
-126.72574357006431
-250.28837897644905
-349.1461075844801
-141.56160105220778
-131.891580824562
-393.4483053947038
-242.18603526781237
-142.14177552526905
-370.85727525619757
-251.07846314069775
-667.721157583675
-149.03299857925484
-256.3505783038569
-262.0511098517196
-145.39875447280153
-10.62254999317485
-140.90019069686716
-137.96146828271424
-144.63995156577798
-406.3074179154137
-157.65921162335246
-131.7244993625167
-133.64293125073016
-7.372128431522574
-135.4852380440957
-279.28082036969965
-133.668249141595
-0.8408105860157956
-133.71378078847852
-263.68590229322785
-1.852938846945423
-289.84727554021015
-261.62482206778077
-139.95470872523424
-132.97670404561595
-0.05462116051639254
-350.48068941237955
-249.7609569020441
-131.93082378030212
-129.416063232118
-254.58531337267206
-127.49661976880878
-1.1994371534092576
-121.65803657303955
-265.56133246426464
-131.77109525273343
-118.1764718946547
-132.01214228358316
-1.2503310562871097
-309.5172766733504
-942.0434450486307
-239.9482001445325
-904.2477302319921
-139.47546131910096
-1053.2240670873189
-119.11754455372133
-122.28494612304156
-251.7171793712122
-239.88240773333587
-125.86458611938662
-257.5863387891221
-140.58540730131395
-122.30956975572471
-256.3156725261801
-251.96261758355112
-136.05448979314917
-785.9293297730635
-268.2464065310961
-144.63955322395933
-257.048967444501
-247.34136836933547
-242.916235757322
-20.81056459362621
-257.0312110315631
-276.45485454664924
-147.41405326099238
-255.7146503347315
-134.6235668974528
-137.54161794389663
-254.61295015589525
-269.79929236343736
-256.31799091774633
-129.36303757361114
-258.3125426610389
-146.4014161464175
-256.3153337721612
-137.81170840242513
-141.2433083942547
-136.3767446637791
-662.0340507984183
-252.08996196209716
-150.5901007556159
-137.72662548744006
-147.55416575889092
-334.9762885042952
-131.7363461565082
-316.38153357223376
-126.22994795336197
-130.8681861100504
-116.94392825173894
-249.8929285051425
-265.6739784353146
-1.9415148891230758
-2.1662449566493738
-339.6358368489356
-137.96035827250756
-298.58736362825726
-240.8371526366149
-115.87415668049707
-117.9793831041478
-129.97827458417675
-134.33473781160885
-237.3863261464261
-117.53297014051223
-3.472212389194035
-2.0400006294383135
-129.96958034536942
-364.10851636173726
-133.29365021419616
-133.29871886852638
-115.12908147614506
-327.8826873108657
-238.67497644675524
-128.1008338303194
-132.71771243715327
-400.53159755784753
-137.38677409033315
-131.2173780305252
-132.41201791341655
-232.14922119047716
-1.348789335993876
-129.66595814677916
-354.2691620780959
-135.2097918947587
-492.58796922350746
-256.6256655048433
-246.9329147173096
-230.8836126594718
-243.17092562242743
-132.45999723144936
-258.31531648753577
-248.121714866167
-2.1024293790774866
-243.8578367917022
-135.75642850663291
-133.7379052553998
-123.36281840604605
-4.947000247436494
-127.56246044184003
-252.0359714790328
-136.0979519916197
-231.90378360716397
-137.27073299252547
-281.1492492473149
-380.9549267563374
-135.46788405409177
-371.3187099773177
-265.54077472857614
-374.1601628098947
-314.01938846524473
-131.80148783205334
-241.92280903375286
-114.73869981286782
-128.79624648026194
-243.82440456585738
-129.6674957422387
-138.93913794082772
-134.17088950829498
-3.9035009726105354
-373.8058860979897
-263.44506120225213
-324.8147311893735
-129.6788057741202
-130.40994371992815
-129.19374355845676
-127.3844320936133
-263.7328793234139
-252.20749349225125
-133.3082581941747
-243.28130319729226
-131.55546556784074
-6.171468840330605
-258.75912980149644
-246.83590322752704
-133.83363839294682
-136.3126319060397
-5.308047406445137
-127.74653581702205
-136.60215362631996
-129.37695665443005
-136.89883626073805
-387.1381817330172
-127.69495539170101
-122.41920720781181
-137.75331116848184
-244.2592613746833
-311.6766788248981
-131.7717726212436
-133.38062050963202
-128.96177454633047
-119.36115183326177
-134.16502336077164
-248.54379565990453
-2.0190554674960266
-246.58071780342632
-2.6064808510729187
-233.4160469976219
-1.7347068045782634
-128.30606175138684
-3.948150957654742
-244.03530538242774
-1.7609535628038366
-124.27283110155729
-241.5333802682624
-130.37550699247632
-130.9815383839301
-1.608166398203153
-278.31377824421185
-131.0873682690027
-133.4310453533486
-241.42910154652336
-130.45784527360783
-253.2398398849906
-132.89287868846577
-132.96155553821148
-1.402534973608623
-2.1209771048244357
-134.18053839442084
-1.3554570399370958
-124.89117914230269
-243.23520674458607
-1494.6642146308104
-121.4666886602162
-126.56196723208907
-1.791848400035224
-1493.4852251590664
-116.25808925588844
-130.76029043884472
-128.81106473290288
-121.41588151671812
-122.34452113880856
-2.8548166438363904
-248.42392120877903
-247.17313910783153
-2.5814274771934
-241.18383678670602
-407.04881018216486
-1.5629581677321644
-121.00328348976085
-127.62166770629942
-254.0149084891544
-253.6136334012101
-134.00630137168503
-131.53572510327336
-120.31141410150818
-122.79873636685588
-4.144742487798566
-256.5124964776092
-1.169590197284983
-979.5164342999304
-1493.230328066151
-127.03753837665963
-119.0129831165095
-114.16457830775983
-130.4413650044837
-385.7323940256225
-121.68996864045893
-133.60242427177295
-128.9212191769576
-375.28056086308334
-132.00844342791368
-240.87678646291505
-131.35489731944006
-115.20700003452936
-289.75670832843883
-133.8644031725653
-250.6851681956164
-127.25533881199746
-136.51196861252683
-124.28880799288491
-117.88459735262045
-249.18519147422884
-243.9060007225209
-131.4558208128514
-116.20318764530457
-3.0865011444420585
-117.27131758533096
-125.3766313580834
-134.4375593901618
-127.60820235688507
-132.9500944867122
-247.73770738464475
-121.57952168554365
-124.12631530337464
-382.8023031844885
-262.1806418809489
-133.88011125195996
-136.95219517212024
-3.9139182737320106
-474.020519533456
-5.46713433597133
-138.23620274390046
-248.14401399203084
-358.3038562792336
-269.08123600956395
-127.99835087699535
-0.7532804959159708
-243.51565105203875
-128.18845459488503
-1.3432667417245692
-229.52354705701075
-255.61010250044163
-1.2709184643311762
-117.51407999678567
-117.65791352527935
-262.21499362735557
-121.54403281559004
-240.7616235530133
-131.76278032611813
-248.86611158664303
-134.8054308446229
-248.82618803249724
-124.75793752369803
-124.33879921529868
-3.7917349250187313
-128.98834779619798
-122.25533001858686
-131.18509027169182
-420.63715504654493
-121.14643432623555
-274.64633105361315
-118.41996842478845
-135.06586767643356
-118.46293671971215
-137.35380267215956
-132.74227768299738
-243.8094128146885
-260.24967730472537
-4.11502973982629
-133.4351087545872
-244.5519859447644
-247.70096444055577
-243.92779229853053
-115.54638945197694
-127.64479471929455
-337.44654342416015
-116.19068935094047
-130.01552826890295
-127.91193051814125
-239.1849770237664
-235.67779276705954
-119.8694514912454
-246.04282539283398
-1.401144643584182
-280.82689599953187
-129.7541209310078
-244.09581627137155
-245.93790239240644
-117.8594048539217
-233.1452360377504
-117.49914000419457
-131.8202548817604
-632.1277365371955
-397.6223812307393
-230.76915602794392
-256.9800748289175
-2.8583604582003512
-123.94932624701985
-123.3527881753569
-134.21117520450306
-124.30633641703433
-131.51220484091473
-134.40810908253698
-2.7627139696157976
-937.8982991635177
-131.27675810868166
-135.173648134066
-125.88876018064579
-234.08791965545112
-132.29270367411098
-134.25584247953708
-247.9342951673254
-136.3989692616355
-122.91870071550963
-262.7616476382751
-236.96291821590262
-133.19722747785622
-123.59094931448085
-137.43783517847783
-2.834462056471557
-117.23726132973947
-123.0777395481957
-129.6882557829782
-141.63672676503526
-249.32632951480534
-331.0472976895119
-137.81404578356666
-133.43289192722037
-124.54887646789827
-123.42363564238501
-9.56754480494905
-138.225954217859
-243.16382190955304
-126.752997549984
-18.674780645962052
-246.37583068383643
-142.00941914000092
-253.06293695239677
-259.890407978041
-347.04792025166205
-136.17528974484682
-132.4497412490787
-257.22267524589535
-240.80490716217867
-253.30408573530178
-134.12301302872356
-395.8599401265226
-268.94855229659214
-246.35754396868063
-340.05904417165476
-143.52825463925737
-262.8780416853699
-127.66294210492805
-137.47758045344645
-10.615168330453539
-125.6760073815207
-142.19036161535522
-127.67938739660671
-10.575840990816173
-240.57690053322574
-125.7770446121712
-137.94210019876317
-133.8724256113092
-241.0351113912711
-123.43821290471249
-126.35699016947032
-131.61443256597664
-7.347464138477537
-254.18551808447143
-130.21291769495136
-251.37357466135572
-364.228681518427
-6.329900433529646
-224.45862855006175
-260.4094004300321
-131.31874340339908
-6.17505220695914
-129.52147192716245
-126.01674209531859
-132.02089254242537
-125.59305795921695
-128.70863049364664
-119.43038066701224
-236.66560267659057
-5.404240329208499
-4.746036122170755
-248.9696805991152
-244.08460264805908
-119.20039983581151
-251.41517960024518
-7.032022652744703
-133.37138965301594
-120.27221993485983
-120.58095634364723
-125.658322613928
-119.81696087215207
-6.6299086699413925
-137.16796235736723
-130.58132835481436
-122.08720173603417
-133.66241246011413
-138.33199185189508
-136.15741896797837
-3.9416127657286015
-133.41171574496346
-252.93008794827426
-126.76287813754853
-343.12991905674363
-125.64150654974262
-131.56966646949405
-4.4464370130847515
-135.77408501203328
-1189.5335470786977
-300.01206150776164
-336.56635822532036
-130.5758440181284
-3.3726509794057895
-10.975360801404888
-359.61993697878125
-131.00648927371284
-129.72690012804657
-342.4923860134451
-125.37908343730855
-130.63067877279752
-146.4173215512448
-242.32930042609857
-141.06839565968033
-118.56092706186502
-133.1995201888575
-234.79552597462217
-116.57313464751198
-231.32179360145565
-135.1419662540924
-131.21812576790822
-237.05398410296507
-117.57675234013284
-132.22199507285455
-351.87961379896973
-138.59831703992873
-236.99587336240373
-130.81228555958285
-136.9089221979901
-249.3617514007345
-128.53948365866933
-131.95171866885804
-241.34993066268802
-130.14420177331175
-132.2174289171041
-127.53563916774472
-334.66320522837435
-807.0711334033118
-799.589479692531
-4.700488748360655
-292.2844484316942
-131.6596872991227
-134.07316295591264
-134.43080934416386
-2.295540887929986
-256.25420752958996
-229.02967758503632
-349.9380923206483
-1.1381509064487207
-2.7972627669429277
-249.3334606898683
-363.07495870191684
-146.93899258601604
-134.93653666104646
-5.224665688481273
-338.28406926740195
-11.730510657932818
-235.39034250969624
-124.40657882308575
-382.85746808537453
-236.26820367093543
-132.9930932027425
-250.5081377634582
-243.01201332507915
-138.3722484985418
-126.87116304899713
-311.04993037010195
-248.02375924121375
-253.09313938015373
-370.2375207456648
-262.85599543706275
-125.1070244964416
-391.7115766255045
-134.91847812253124
-127.02225079745702
-131.1760663157981
-127.56986803827711
-273.6823384290006
-249.26857125365817
-26.787768118488565
-128.88919099280344
-116.28312212087374
-120.67006170058734
-123.21951244137183
-246.73516391412198
-1.8641476549520672
-131.5635033669059
-244.04378832447338
-337.5533845485551
-135.24248348593068
-1492.0936254756782
-137.5892608051359
-259.5059432750727
-248.74430855901196
-135.23637084986194
-139.9584481613915
-252.52970782955595
-139.20917240642146
-131.7422266825127
-317.2466509684481
-265.9081640938897
-251.98231920319603
-301.2803326464032
-268.727998204582
-133.75843294304292
-245.0515990872097
-10.524814540803414
-334.46914058736746
-133.02688657540565
-255.16674739692957
-13.300441606775061
-254.40636537244552
-140.08433576661184
-141.0353532174415
-136.2368867032369
-265.20687712988337
-128.80967335294037
-139.01449948072434
-149.49052728661485
-6.950370895883749
-131.43740638855877
-137.57491522695878
-255.83123217483626
-239.28589531855238
-142.36822510739702
-7.384799915179322
-117.77284300828666
-129.33207204173073
-135.65619782141877
-135.68616824321262
-255.65270961077766
-8.497306764614828
-375.8205633281814
-375.51844744045036
-124.94927693174765
-137.25545439081253
-6.467072311369951
-8.596483272590852
-248.37759569122812
-256.86015905063493
-11.576109158064163
-250.03704961924942
-143.14379177370128
-261.1321374867303
-137.8057239765843
-16.19683933959077
-143.72449748911407
-137.30033206020448
-135.55512766967152
-4.639457045025228
-129.00622016446584
-130.24678306799044
-133.42705666470158
-0.7055482097111299
-145.06712784758244
-139.8539805273846
-142.70303669021817
-382.2663391966963
-239.69517369487573
-245.92122807250513
-383.9078866153741
-143.43848875926165
-254.23422056310352
-139.54622637916253
-245.05499903498114
-137.7615075852195
-248.67669335447505
-8.015180624461923
-256.817446932833
-10.998735797060254
-138.70594363159447
-135.60308183065555
-137.33407938213085
-923.3039551364393
-140.18619084820432
-241.47898693394498
-886.638629025004
-139.68296793778532
-139.03287579087498
-134.28342929035293
-132.85321720039366
-136.82922728239276
-290.1241243959673
-9.981754666911149
-257.74151649674934
-137.95915184745922
-137.8477144670359
-136.56000356290312
-258.87266365229505
-140.3155801170691
-5.747453465550551
-134.497075273163
-136.1534221977891
-11.408848945841585
-142.5863729047951
-270.2457713811468
-258.8646385868951
-140.71380652269545
-241.9260252544546
-137.58339348317895
-138.71115957805847
-132.37522863585056
-136.76872027404988
-132.15504803721026
-15.59636800900098
-139.2497240954065
-267.94408134723756
-141.8720592080119
-140.65933886515717
-142.49168692120645
-146.54996468023486
-276.47452184573626
-257.8398035879029
-29.72425252362841
-134.1857946381593
-137.1934996270601
-280.299952861951
-268.1384082578744
-255.23423175809546
-296.79152629048656
-397.5472681267765
-374.9119633665293
-401.0429697160459
-372.3272077638279
-133.27218735745203
-262.60411967720324
-150.48080470050894
-248.80564880654143
-248.62146752322488
-246.94355364337386
-117.51017344370048
-380.0259125706714
-252.8293615281147
-428.0405603365699
-4.8951987551558105
-144.4558614515308
-264.40514250730007
-148.2734433868555
-7.3822684576425806
-134.29396415525378
-129.30626324466118
-252.08021291814225
-121.11269042442349
-261.7608957353039
-125.2278418939831
-136.6044815956154
-120.72799846706998
-118.63360136876717
-134.98086479256418
-117.7598262379784
-130.08728700108855
-138.99216859073883
-13.12678742245526
-263.9058803355204
-263.93606211557716
-274.74435537411586
-149.30252316860046
-148.51395962149
-17.177633869281735
-130.65457166451984
-134.13576074857514
-4.9915670511058226
-367.9473677950374
-121.00132257999327
-7.221696665426909
-139.31440448188908
-8.183268697069888
-129.5782334080072
-133.29506572438734
-249.83155824416295
-253.12369317534035
-267.33718729528
-361.80631723842794
-148.05576458684317
-378.543420533268
-135.87644249660016
-244.30278111231684
-130.08981533748806
-11.122400370308542
-135.42590792971492
-259.567139173701
-260.935262193575
-133.5619185609759
-3.77678152251901
-137.346500672418
-118.52005831370595
-140.04379345737422
-135.3579935968911
-355.2855094084308
-134.3855700623017
-138.14369117595828
-134.2176679632923
-137.54794123482398
-246.0777102580974
-250.89874926198516
-7.641935097875956
-129.90751865595604
-244.26148771778475
-150.05346528672817
-314.34896399506147
-137.1852441289234
-121.19147902947788
-242.97285023608427
-350.37397251545735
-132.38606751785213
-125.39414824460985
-349.8900903074608
-260.9661639604114
-137.43331958915525
-10.357514963396849
-139.6981618192821
-138.8297153123665
-137.12965759275065
-338.7320757088239
-143.11694693187044
-313.97741945218115
-10.157564017922201
-274.5173127626702
-141.81285849222496
-140.1836102338709
-135.93585100480826
-255.8907957552136
-501.771725134423
-254.66186507351156
-637.5952199346217
-273.68698382319593
-134.1023326188316
-381.7774495897557
-373.64815446534874
-500.50281018755305
-141.31668145833433
-129.18941420681367
-134.06439600536788
-134.1111622868625
-385.8587097128961
-138.67676538043358
-366.76588841728204
-385.40678026829596
-270.77984033338123
-139.33171314737177
-251.71711889847379
-129.19902498580564
-136.5867245498098
-256.80185065967714
-142.58365671646234
-129.72355874921712
-156.29085509296667
-138.89712707883632
-137.9288535006099
-388.70911152283367
-138.1812188931827
-395.68647533902663
-141.15505561856432
-260.22465923493263
-140.1166470459581
-264.5586848365713
-15.400340298466238
-14.713411879610565
-237.05802064609168
-137.76829625988947
-146.31293500977515
-143.97495926415
-139.33658533583684
-137.95043973199128
-138.7849101580727
-16.508489579676286
-323.5074686757595
-145.78575699987545
-144.28208987126928
-386.5689954943489
-254.07089065685733
-17.581675785882883
-785.9268475139119
-25.90286342414343
-148.2087824981633
-146.65537724673007
-153.8308586276168
-299.21797473914717
-147.92097821013184
-139.6680161388156
-142.54103155732471
-155.6828782830431
-279.2512196280723
-273.2529588674316
-156.3411562055421
-156.68226614537136
-155.87153310957845
-364.36886985910184
-267.5292511566256
-18.74408534557215
-147.01684574351572
-151.67040093801202
-266.1101923686776
-388.80640125919876
-146.37046098051945
-136.66764307843948
-252.5144823862039
-139.77000312008403
-270.5535981527608
-266.62595400174155
-276.160845559788
-32.92567821508062
-272.3263631896328
-274.4509836318684
-388.64084152800655
-278.4203037557122
-151.97050533896214
-274.6302132406928
-149.4788726923108
-139.32540482997646
-146.96441723076407
-246.46685992480568
-20.54120885755567
-140.94461787813918
-146.85256397442637
-145.75354228599744
-231.8479945125624
-360.84168831233626
-255.8178499541883
-146.55272678258726
-144.60418046232962
-143.77045977840655
-155.95080702828076
-29.42566444501806
-388.9191277444733
-277.04702606515355
-137.89366214633333
-136.1605699655382
-380.12119831608675
-27.244075479672563
-149.09529302822148
-374.4949120889019
-144.3567953852171
-246.19866150600438
-9.090090922813436
-132.99477994585095
-250.29013276535437
-236.67847321404707
-256.99740457679695
-6.545314457763957
-136.38445740481805
-254.23621963737972
-137.2945441284555
-241.37959772728837
-6.783758903684481
-126.42167761804747
-136.92274351348027
-253.59072198286623
-134.74924164238405
-250.5872005634173
-132.64245682008433
-250.04077343023621
-134.90673876013443
-6.712874724645897
-245.0725802096778
-133.02699414627216
-251.96033515356214
-5.960953276695704
-128.8094812925484
-341.66090111565256
-254.71563361519281
-246.65072410543917
-120.49994219936099
-248.38176929381345
-251.20714448650423
-126.57533292078824
-244.29003725080304
-239.2653519037796
-134.13728384866317
-232.62223230927862
-5.918979711852559
-134.20318962848182
-130.2365925462643
-134.68219392720056
-132.35088092010477
-252.41152535411575
-5.488252424387028
-125.37273395253052
-117.70648390363594
-127.09127816155527
-267.0803500975034
-135.24919401321299
-126.10667058731961
-135.24867599220062
-6.354769703819466
-229.53577131881084
-133.15180124231458
-380.1274664102923
-128.34415876904177
-354.27422250328823
-136.5952846255605
-129.33097415431445
-127.41067199944747
-134.18922457404312
-132.95857884800043
-133.8278214341203
-304.6494940097414
-456.6326833450439
-132.37239377943592
-134.2774531724047
-924.1752002208005
-120.62221443089072
-131.56779625770645
-132.1778777667353
-241.0295474457661
-133.17459814730387
-247.82321685448898
-235.61700090292408
-135.46787699805193
-129.64485846410398
-130.70607468941193
-250.47307620704424
-132.3899530711708
-234.8211522597936
-131.49632415362697
-134.072056489545
-130.78077798666163
-237.8484341394885
-133.29810603211885
-6.1075179660210175
-131.19153049686423
-379.0228823337747
-134.09386906741864
-139.86309126455373
-246.2364734767401
-501.1001990068561
-151.93897210498594
-279.22477715146374
-218.1694575137721
-269.3776911435359
-1498.4373618295353
-401.3709459280617
-153.06471098096029
-151.18321464384843
-537.7723236266459
-32.5695555024483
-275.00883769808894
-133.20695321230528
-251.71074632027918
-5.353595287570085
-3.9669621644154587
-528.1798184548571
-132.85920521430697
-349.6126721803132
-132.4179043588365
-240.24663053850404
-129.78930930485777
-11.668351464868532
-136.3702466329757
-128.20683999047446
-136.41029029921094
-130.8477409417677
-128.66303949594501
-137.8562615208921
-137.0042946390981
-260.3847745229513
-130.52232448849807
-133.07903134477348
-118.34544405172079
-242.2495423102567
-375.6731925157176
-118.94455452728097
-353.4600665298601
-131.29467750816772
-131.30354455380072
-141.9467387395161
-258.6476796768192
-1064.62759140133
-251.35812711608673
-280.84139010099256
-132.78812927965325
-139.50688123126955
-248.2748658553171
-13.036357293689608
-145.20843028149685
-129.08655321468268
-252.50440189869357
-145.07420285107568
-341.3083928663872
-144.92583482972634
-384.8791246975493
-138.9041318016272
-136.67713561077335
-133.77168934344456
-135.7650431648716
-130.40840597793746
-122.33908880034988
-323.935575412074
-125.9408376705478
-2.677886943249686
-261.40759285714074
-3.0408150655050097
-245.53097674464564
-335.6322277710656
-253.33456091638175
-125.78183115848822
-128.09263965137157
-2.2569613025999122
-3.627313470570855
-131.9906592559596
-129.39256288348665
-127.4612858310524
-264.54583984633547
-133.36953509876008
-269.53157196390663
-133.91672735174612
-231.67374738946847
-131.49293207455958
-135.95639209044057
-264.95457830289484
-130.20135136566265
-264.85033134580686
-135.6180288978212
-3.8364201242293854
-379.53389955385455
-269.01143453685734
-242.45034713159367
-247.30156413408562
-245.18695476501617
-131.98644177115673
-384.0835380789284
-131.9745621975635
-127.80513628551407
-127.14782458198633
-131.41550208432216
-130.8359789050699
-130.66431402486327
-3.462207648007111
-132.15419477129439
-143.87304614791574
-128.50822051433403
-126.9747062396774
-127.96672443244286
-286.2686906613506
-3.3050602151381274
-129.26075882967572
-128.32082612724486
-129.0259891552517
-130.31772629665775
-133.4450544537634
-283.7518200411309
-131.70008099884288
-119.59592927157244
-127.97305215490381
-276.11292661688697
-242.15716463254427
-128.43324429321117
-2.4559702175738427
-241.48704106028939
-931.3636303381638
-1041.4277347414798
-392.0651473626137
-251.41119240824966
-0.9247791351561182
-130.98880032371443
-131.5173911525882
-370.69875868374044
-132.18169483381376
-2.3790746490615384
-242.14834210156636
-244.11871314581376
-242.22673768046286
-123.21881491622759
-396.38092046357735
-134.99021961758285
-128.57655834078454
-130.21293852885947
-120.19874053363041
-231.75580555898776
-132.39960349639503
-377.8571814628982
-131.15385623511582
-127.87753269150961
-369.2715895840989
-122.45920558542855
-127.48442101598994
-125.24336572587734
-129.7500693250211
-127.65821400257046
-261.53997841192887
-123.40388649250046
-245.16062607439855
-255.30142493949063
-123.73954324094112
-254.32026700924712
-257.63862704830115
-120.91210325127132
-136.04285657657942
-128.96972986579655
-131.31587680621146
-362.99851199078336
-125.14420016130025
-126.42873886036915
-126.29959444788071
-123.51293200640086
-6.176451709679687
-1296.4503218527664
-332.92882706195616
-278.1200869662312
-127.38978256649409
-236.9920629675363
-259.08991539521924
-126.79030897155252
-4.2181204978599744
-119.78325101696142
-130.64236854671196
-121.63813893856232
-126.94195795597871
-130.2867446251008
-5.009159480155659
-255.58238526847705
-244.13203638742118
-126.81912463127182
-255.9957504528892
-242.6354174297258
-7.2854925000086705
-135.5525174403822
-128.91995506226866
-122.41101290680821
-237.7230133744385
-131.0619659567575
-133.87678544512193
-3.420837325768865
-5.166230099008112
-131.63785640035894
-135.8024737514866
-129.0778328884657
-128.59700810997282
-381.8310202288636
-124.28156797688396
-131.26305799465337
-120.24658186875823
-246.71945808467933
-132.06945834858973
-119.40895062534287
-118.81963156371701
-132.66744675807962
-123.68019959261352
-123.61795483385325
-128.26071757387908
-335.58854539390575
-130.57238817652572
-126.25699774646048
-120.77205966682423
-2.629657674946889
-128.3475569368163
-246.3779488968744
-131.45438945483673
-258.1635245233246
-118.03193570553809
-5.891061453482439
-246.81177016884837
-128.74843488416627
-133.4329766757178
-130.4646439009428
-4.5048424927242765
-117.50523316838967
-239.4055308665405
-117.7437206146869
-118.25493052524311
-118.73730616265055
-126.58831205183516
-131.7839543312994
-350.89701044946315
-4.119304568717964
-233.6873712995324
-127.71367449511023
-244.31273643567332
-130.35425780347344
-239.8697090790348
-129.8724155518769
-131.11037585560848
-9.996650976271123
-135.99480991135312
-137.36813976827167
-132.8683609568402
-129.60663107083042
-125.24891006259384
-125.72309370509932
-119.36941550087366
-236.0395694583979
-128.8543590222456
-3.4300297968698192
-318.40740584514344
-129.35269417633688
-127.12236278012132
-376.7521499081248
-257.65718435378864
-2.392027150571498
-121.86741593674874
-124.88064512384894
-121.57140935716797
-237.35693724197955
-128.08320437426067
-131.64424037929942
-120.94382290451792
-6.617141747855245
-128.58943812323284
-239.52555898497872
-242.9227873331845
-3.8586979478883916
-369.3225014507644
-133.33793888840992
-130.61477696632926
-121.7481610285683
-133.39347857699272
-6.836367621718585
-127.62373510745539
-130.06572455656746
-1041.7501519524199
-125.93492843524265
-125.49152045097345
-131.42628009593122
-126.67947463599091
-252.98225949306726
-239.59002628657274
-130.9618401522514
-148.79587518562045
-396.1890993556742
-391.59148935949185
-443.67991206036055
-239.54173594355717
-251.5404942018882
-139.39573369280504
-124.15799012375818
-126.710865413259
-130.6852853036555
-4.271486657867108
-128.0335895950847
-1.7185181578495476
-123.905599221856
-2.0902297018279112
-127.59317645683583
-249.8343089041809
-126.43180591381822
-129.0890719516833
-322.6893134144954
-121.0130858906595
-270.9609212831873
-352.33109611963295
-239.77842686211935
-119.25679378498317
-129.22253686722289
-124.48390868046422
-130.0476289246407
-246.29049619225475
-128.03048975567722
-115.72740365166719
-128.52224935952253
-255.78644257980906
-125.69888362922671
-130.80653835084428
-5.863197866786202
-480.3063544641916
-249.8274612156325
-136.10589003581802
-131.88740883968666
-133.50959235048066
-269.69652091866567
-373.1365974009057
-129.08193102276869
-4.291189390489552
-128.24293225901175
-120.62034289926298
-122.16565636026068
-116.9318339799883
-127.09488105491253
-246.57066073564383
-126.11041378185868
-125.64592246739109
-129.3389500634523
-131.84174779483186
-131.77811549673214
-347.96807432179475
-127.10261654340937
-125.05092966215793
-128.39778303292283
-130.61373816411268
-131.61339500885427
-1.9423073136150413
-251.4871668522726
-132.24627824638722
-127.65064844740182
-125.23591084590129
-336.39054263106067
-124.85258471745622
-119.38178902428284
-339.3128054507383
-236.85914897126585
-2.482947564240472
-129.87504490418644
-128.11165190003797
-122.52722785888183
-130.50198800722603
-348.49983127267393
-120.51712740905934
-1.9856683813120861
-223.97769360290232
-230.57613425838088
-235.48725507400187
-131.40619656812405
-936.2892607241948
-118.82676311484833
-120.41499821881246
-125.94918782503868
-268.39697443271206
-119.11628988455043
-118.86422056587095
-130.62065701347427
-131.4641314855861
-133.12133470426443
-251.7724317431858
-136.51707933982115
-125.6822422287207
-249.82225426140369
-790.1417024402505
-135.05026473521866
-13.262101073397236
-137.7879530201151
-136.98064914183576
-135.6736036790889
-134.5104600186166
-136.61640460123277
-130.01016801032722
-123.64927109518551
-133.44054686685445
-135.376168112378
-126.84953841000551
-10.131874507336033
-137.78607398962714
-257.761538469608
-251.27448194600177
-9.622091309290592
-250.5907529547989
-315.17200426761565
-258.72101221577697
-10.076009171901525
-9.566607750135104
-127.9916038614057
-252.48132046746304
-133.76140493178906
-246.38754194234883
-314.38729190428774
-354.89918760367544
-248.152067248804
-248.18450094045355
-136.34073596539662
-254.51989659633654
-135.3842082468163
-242.70912370479965
-129.33719949865915
-130.21073787367925
-130.53352446506392
-11.511407738382225
-314.41133424367314
-12.816436287020295
-137.85464667083332
-12.430239753361326
-13.937389763028657
-126.64471108498121
-129.64964044149366
-140.120846975479
-135.5483338468552
-119.05231054871854
-125.37473452355125
-232.87595416324564
-237.62992419694646
-118.3998263902362
-228.44735578059297
-116.84909451401579
-115.10949409931281
-2.610748330414842
-253.8461749939101
-127.82082547664356
-265.98509739509007
-129.7299653656247
-131.06508962444653
-125.03750838528481
-118.18310502219211
-122.16002776701461
-131.15147612009702
-137.62152291814934
-244.66638517055316
-141.2774922535436
-258.0243794652016
-254.81728505211092
-120.41192311161628
-126.38975334232295
-117.46494323521519
-3.9655005714633047
-246.52383098230874
-249.58913126212926
-125.10992270560394
-124.21781795600893
-4.288393504449742
-243.38961918752076
-137.47644722285804
-359.99033039966594
-261.5185349306034
-244.69451832545255
-123.22967058993673
-136.4434813016005
-250.30131792879789
-123.01687546746332
-238.03038372201053
-124.11649966909158
-139.09465213462772
-246.8807438984063
-265.22226651057014
-11.463781089025504
-246.55815140322636
-426.6374053041048
-362.34044681343784
-243.47387524248433
-140.70377209207894
-126.48957185125956
-385.4145257874799
-247.71281263292312
-135.00223972643164
-136.58415025378187
-9.238303686330141
-19.436121945955577
-135.23418226776792
-18.036385037004763
-133.84135868921786
-149.74346388749328
-147.71390175585046
-140.99770517516743
-150.84468478030067
-249.5117568477013
-139.37318929415736
-240.26910743742607
-317.75832934567006
-12.689461614845603
-125.58983383335153
-139.44108524495724
-139.10287842366006
-12.90424648299228
-127.18033446551264
-131.24429711444577
-137.4157408128605
-329.0823384562808
-254.27092241194973
-245.47336394610406
-130.85226067206264
-246.79575545511824
-131.24139098309962
-132.62757259352063
-244.27482863081917
-247.53790105295434
-142.7826858170478
-136.84321476438856
-238.46499275754064
-381.00702138697847
-287.9974347544468
-388.5982049920439
-151.25769069755472
-765.3485022046542
-138.12621215575518
-651.3679912088402
-144.4737986882996
-139.34054536800647
-15.851977417384651
-128.0474659757417
-135.91206718795723
-137.07601480457066
-16.46653460260311
-251.89166507482892
-256.3176945982232
-254.60004617250047
-133.01367258909733
-258.0760633784158
-137.08604380311755
-327.93363655078406
-239.62826652124158
-247.5203958133043
-129.52507876498854
-243.62416961701413
-14.807106992517099
-10.442435512889109
-131.49682540690762
-133.5868156466496
-130.7741490646831
-231.76652790244745
-246.25874059793688
-128.0946615671781
-10.133400500555068
-124.93723344516698
-126.85548531756902
-234.32288134147518
-118.38365653130829
-129.59809968695552
-1.5623483990495408
-347.6178041669885
-249.15819294225028
-127.18069871451546
-125.93461322443912
-122.90379036607472
-1.5731409380079695
-132.13137368154779
-132.1088202104522
-1.3722864834844246
-130.5107254882717
-135.49523235828582
-134.51332299931636
-133.49174474136314
-251.36863068348723
-121.70939459067728
-345.7163612725904
-248.52898556148702
-119.55254618544343
-122.29203183746802
-133.45384178869853
-120.49618617463176
-423.9960459693324
-128.60773952117668
-133.44275697069358
-229.2727715430076
-131.97276098412084
-230.0232182815877
-127.87532328889978
-123.24747198137021
-124.88956284134538
-234.57409807582545
-121.71533431017224
-237.336500125735
-125.44248479263621
-230.36884407210718
-115.72111568111522
-238.43187902288255
-2.7204506495157186
-125.30222706438512
-131.05102747527184
-123.43006118597197
-127.62691570660701
-131.78020456135133
-132.11179797730168
-240.4656321296389
-238.30070643523686
-117.16544642153714
-128.58822483222343
-128.17567103904187
-239.1611814432889
-133.9683503785602
-130.79167879902693
-3.538717666838448
-126.38382408729521
-129.76075064897697
-135.48180109383824
-147.2048546822137
-143.01539671947236
-149.2456883545867
-275.16650067480646
-276.29803516465506
-393.4823405800902
-270.6562258455522
-259.7601152071141
-521.5847703017512
-28.648313592744955
-29.076245756751778
-1497.6308120960753
-152.21651255657576
-149.28103659326365
-27.49630717530397
-279.07667214150734
-152.98043274718864
-265.95532123864695
-149.04427074185787
-267.0787864289146
-149.82497606346928
-29.285550318946136
-263.9011816052015
-143.43983716307662
-143.65836180244423
-136.7059034808776
-143.4882687136006
-20.056070993632858
-132.79954983954033
-148.263320039941
-248.00603707823407
-17.705389176676604
-18.43335033592737
-132.2608334223479
-17.058171092857233
-243.21573453724855
-141.4179562110083
-134.34041888068947
-125.64355136234956
-6.462780657069178
-139.71423022379713
-140.8897237771463
-1554.7222575043977
-128.50464053209916
-131.35050635159013
-122.01386376918485
-6.987275382961015
-9.328438439751233
-254.01870404697965
-133.77136350192177
-126.03212789938992
-128.33916366374467
-366.7679864925308
-228.1078886364505
-138.60609477373157
-523.80134037338
-1.8001539412837264
-138.419436252669
-139.0981913900503
-241.18404015222401
-130.1075885786863
-122.69741715829167
-244.38648346695007
-131.8539644749679
-128.23944200762415
-127.60145375849078
-1493.3579299010705
-1495.429072657083
-125.30339629167887
-128.72133306553567
-269.52647870815116
-357.43024358500236
-126.90915523770438
-5.297643868628325
-234.70102193787906
-123.02064209720099
-1494.653948620303
-259.6349501716987
-251.0361138883252
-135.85838028226857
-2.9683904202260467
-6.033496895858666
-271.2038766000324
-136.7553612639617
-381.3317523185658
-141.30124931683758
-147.86286255494443
-254.40386285157967
-408.05520958377707
-265.8093319998366
-133.194901345274
-252.25425888108214
-129.1371288785705
-120.74768469458427
-238.13520628291016
-253.11472281359775
-249.75844431255152
-139.09432456275565
-138.63998468897609
-17.473014470558574
-248.5086404147209
-131.7359840690888
-2.8057437876984377
-1500.0520413371694
-128.6180947187996
-130.90364706469188
-1496.048711012986
-127.84770302430137
-4.910049054605327
-247.29438305467002
-129.03168864965716
-5.630641696231519
-121.22942055288568
-131.6283882951182
-136.7244016251974
-5.650529234496867
-7.093629537931061
-126.47092409168683
-1515.1193701864088
-125.01856726266254
-125.21097011254338
-127.1143463659558
-3.634454695172323
-3.353140402173696
-2.4360106868011218
-130.95308167321522
-4.756623590549464
-126.18549800364165
-254.61587783023802
-247.0927559235758
-131.71439385986537
-2.0865448861973936
-264.8135150141195
-125.68702013920958
-124.47912203104539
-249.14888766318538
-136.6856480904029
-255.01089886495512
-132.2157520214948
-234.99798229432466
-132.07084334126475
-134.61295921949008
-124.94733589914254
-131.9912170704999
-133.5009820791713
-268.7100426546499
-3.144997048781344
-137.3050720503211
-235.31677878774317
-250.4173473671534
-122.91792881344733
-121.53082117887983
-3.5230876082563287
-254.9832349091283
-134.05649538877452
-245.0355923411492
-137.28221307912366
-2.0190393373319746
-135.45855489119253
-125.18903289067731
-130.34643724096287
-123.940351374162
-131.3720970996978
-239.5612470251949
-236.61175156992084
-327.98926452265397
-131.9353441987917
-121.36594230384257
-122.19866416211423
-118.6628010173183
-115.37024693269512
-123.86985732579849
-115.77240156885661
-122.06816392523639
-127.83427546753204
-319.10840163907534
-131.33656612726128
-2.8158771818928114
-119.01117035079075
-250.40218713851195
-4.464838040648639
-508.1678872290432
-260.477949100766
-133.48281376037303
-131.42174320235407
-125.72542628903327
-258.2371036549847
-5.353275585511609
-264.86818038160897
-340.4428419016909
-246.07868931358453
-290.1786970798744
-127.73116201942764
-132.35034467492477
-121.96133419229706
-141.75779629130005
-242.0993356341984
-249.46243955190445
-243.1585551168571
-275.21251867266903
-5.003837889445856
-129.80459448075936
-1.060670225399004
-638.6392988227344
-4.869482523051224
-144.0556624689983
-255.20054395285598
-136.8671178161296
-129.45888706633895
-121.48795766445016
-231.50572261779698
-127.56486073230471
-227.45170522649383
-10.444447362066596
-7.355725419381222
-260.50426511496414
-262.6617639800091
-131.79941270891842
-11.95541462768602
-344.2658385235938
-240.7761081067903
-2.4382249469206143
-251.79720748219785
-123.53599795695332
-127.16347695428607
-127.26296586995817
-131.676014000888
-130.25775179144236
-1.410233676281554
-0.4924218346200676
-247.21658947580218
-131.20016750928826
-0.16044548738996986
-131.74379173680674
-2.0708025994443195
-129.11171581326948
-253.79034633078516
-117.8195334279115
-1.5303311505841075
-131.02504333969807
-237.8586880686045
-123.46897374707856
-242.91486987428394
-129.06471969619133
-245.28816881190937
-225.939887713435
-0.6364318145258766
-132.40680791557
-126.71956524712017
-246.17370647209856
-237.2448110482544
-1.958656030486004
-119.56647034619378
-248.86395933762586
-128.80778631134564
-230.51137998289568
-123.89210263109052
-124.01347582740055
-360.66541230357075
-119.45155704444957
-256.2688177961172
-249.98394658125702
-5.168730226403607
-134.3584827601411
-130.20548945002986
-131.9523961966468
-128.24024599660515
-120.87326448248437
-5.227307164513096
-134.00110186776627
-121.90275378082845
-131.83448230848296
-363.0276697948831
-126.00172659659044
-127.81975924986439
-7.873008158735176
-123.99343152407508
-132.2368535480239
-260.2382336854327
-4.218528993052414
-119.4861877289386
-232.5733198693366
-129.4357617010274
-7.0034397421432475
-277.79383953587296
-121.70769914314668
-128.6876136951696
-136.42860007038118
-133.48906382691268
-255.1513939159294
-132.0827190465807
-253.0067843540938
-135.84046151995105
-132.9714282144843
-128.50057139913412
-134.1792676199503
-125.9881073306161
-322.36245676817884
-130.56164625099836
-288.5022411790595
-115.63696153029164
-130.14998413878538
-130.626889761454
-2.228626583683951
-2.1189440356479055
-251.46662690789083
-3.9732259257566627
-119.45406071962869
-130.95472965947454
-131.53765485662282
-133.83103348186475
-133.4786255626548
-352.51529112660984
-407.28503004391797
-365.4006990574829
-131.68945470258916
-129.13207354466505
-2.829055562565158
-274.8713181237217
-251.49215191365974
-134.4887418538624
-119.89574545185586
-125.02739319229406
-135.65675006982943
-248.36599710861623
-272.8580181022028
-255.102958017859
-11.298147199935027
-126.21232494346619
-136.69102165817213
-246.2161494535605
-115.17667704204773
-241.57639574356617
-122.78139939107858
-117.0396379448743
-134.15141225402064
-1.7900658856382379
-129.226864397378
-249.9820815598288
-129.90999652451677
-114.97681842616794
-123.54111992542416
-241.00515628932254
-240.0572441037937
-132.84557030389092
-126.30231411806348
-0.6650214960572108
-2.8274299707996216
-134.68146097341312
-124.43910264598767
-129.87181621714296
-134.76359577441298
-245.53898286862864
-134.39315899965948
-129.7034820329952
-127.53301572991234
-262.2472305937683
-331.36597542350717
-243.76931601683754
-253.41573361423278
-137.88883884700897
-253.98539911232507
-382.33797541390527
-2.448467713895617
-128.28164314950342
-115.8217803006295
-133.73434942902136
-374.43216971104493
-247.4596309745721
-125.74036015298246
-341.6863857143586
-127.18218342203997
-241.54801862370726
-132.15109669938377
-331.32037507796133
-124.33357594085406
-142.25836751465067
-134.39968274152167
-268.01625817764386
-247.99167090285468
-337.3889038593842
-227.01950388667566
-138.48222849012595
-128.76808262671318
-259.698390232132
-118.57149697814047
-123.92015276790524
-135.92294672494796
-256.45412396065245
-132.51619951999416
-256.66928479322166
-0.9946486998958065
-126.62677027078952
-3.0548119830472316
-256.99250692353826
-258.4155879059578
-141.8622807801614
-252.43877199828827
-153.0129759150255
-257.3098503581534
-290.10431319157595
-157.5869374100017
-265.20084551084216
-272.35162726875006
-377.1426571290957
-132.90534279047742
-128.82804791662295
-247.91963944409264
-8.271082187418932
-10.38181045557902
-247.92276971435982
-126.18401482419505
-134.35581479511333
-255.73199923696518
-135.34680343809336
-362.92023573321376
-128.72998873302996
-247.2457076526658
-3.023066822527176
-144.20119695388746
-127.71415525804672
-270.8170948834428
-245.3653105684798
-268.8286289029869
-122.62843569411218
-354.92427939207374
-123.10070835694
-137.83790577461124
-2.1731952099173255
-259.75992378965094
-258.93919424259934
-486.3667863678636
-261.85994239364584
-126.71373951631816
-237.58648701383825
-120.02926325280171
-119.19140365305483
-2.182769757788267
-130.7501668379098
-3.885088177778572
-0.5445003141180011
-1.7605688294595812
-369.8102502872835
-256.4127336520997
-148.18976005925927
-148.6474237974745
-136.1557620719383
-264.55097553513053
-134.7556171100125
-129.26442210899233
-3.154005278359903
-332.9032598863081
-3.380310442086042
-130.5457484801509
-116.89890360958339
-241.61051434248415
-3.003007475575781
-123.66750940593674
-130.31952649036575
-133.5925757795925
-134.09692096553655
-125.23286782817628
-121.12829396907368
-135.44245080194833
-136.87808092009385
-132.0437045389078
-123.86653328338605
-133.9259115963987
-132.3450502673109
-132.03006321058837
-137.25690442547585
-10.099008278128727
-124.948265244244
-11.941641237863703
-131.2906604924692
-135.0764455332417
-133.7405209145718
-241.84992606561713
-117.19360039443461
-0.7300595172195586
-4.178707867145308
-119.7268725456633
-126.0811486969809
-918.5823515524555
-122.11971305242018
-125.78810884367338
-247.72435954382073
-125.39058443356906
-242.47610045337353
-6.689095439098937
-116.83725608475476
-128.39772743167015
-249.6625657292067
-123.46283603709296
-260.8387987755921
-136.56776521040473
-126.58414573854778
-137.6298375888913
-230.83140119143812
-346.94318246980595
-138.73176048839386
-133.95656730501358
-121.85715997157419
-134.1752933714096
-11.149866257046101
-135.54781845895647
-246.2697880679148
-129.89321735623022
-18.198113796761643
-290.1737507766442
-133.55328033953495
-16.976778520469082
-5.260609299240132
-4.494932883825343
-126.27816838267678
-315.6003141505897
-120.69200974568234
-392.976007092914
-133.52526376018668
-122.85635241517997
-0.41831357498450006
-244.60231412985547
-124.42003327660488
-11.524842252808318
-126.43553105775737
-247.5726610211099
-265.41813696225245
-120.9490686551194
-958.5831721496083
-240.8987425857352
-130.96338124036183
-5.5292966763454015
-6.83897572488117
-4.076622390589646
-1.6934104090703594
-254.43000293823786
-13.100185370712763
-8.543930696456798
-272.5942389855548
-20.14620515671137
-19.695942236991353
-139.53894818442748
-144.44462178943405
-22.513846119485613
-19.255385216956583
-8.367772267232922
-253.45526689583295
-371.9691949757759
-634.9032980811215
-514.561198899238
-258.85591165698474
-137.8328582074476
-132.6728984509793
-137.16037007455714
-359.03359196399384
-141.23082651418795
-266.84437350829904
-142.21871793951044
-145.91415213906564
-243.3838146209827
-21.106861371653913
-129.5428226876092
-145.5796044558372
-260.3291446293333
-249.8284910172665
-143.9796809994933
-21.793922960088018
-273.30575182973683
-274.78819901031017
-150.3009038982201
-354.62726951642674
-135.13503557212573
-143.44880996733528
-146.44503867142598
-270.56864555756124
-144.9373389863887
-279.8339952516198
-24.360660811977375
-141.2556418515467
-24.519232098057532
-140.24722209813672
-626.9326406175351
-265.1093931658983
-135.74462079247908
-23.251583285446678
-139.04631846289985
-24.57043844720223
-148.62433471241258
-146.9632082030714
-139.7338198098195
-252.17564964716465
-132.8400673911333
-255.96001804305223
-269.7944178325617
-16.531187143029033
-118.30654161254216
-132.03278820954097
-139.165691774264
-128.82908348887634
-145.78211794110305
-780.31533035794
-129.92512102178725
-251.9709297010653
-10.79087559238444
-137.0920982026589
-131.65618797718494
-142.5032713034342
-141.4510613763042
-241.7877533153115
-491.56210091776836
-126.58285874853325
-140.23707378036218
-361.4004027256197
-128.67415230175658
-130.8787699924735
-254.39404071891377
-265.2812294551442
-19.755475554960835
-133.9717995629215
-263.7957661061955
-142.47142430161938
-246.26373843634434
-143.81334872066785
-131.93664721104918
-316.1146554391074
-143.96778873859665
-131.83592388721496
-273.4695024062998
-252.08154855367704
-146.4806795796045
-143.0213973116278
-245.79611405565143
-128.06452214309857
-133.4805739197564
-141.89898856206057
-245.852453577524
-138.01138100977332
-129.29763905103792
-248.32359118842882
-257.9519524430167
-129.74101736395136
-249.57707402128128
-391.5468944725493
-773.6193504129259
-138.09296352458296
-14.836241284443304
-134.1585893972499
-140.0036868024096
-142.54667540434787
-132.69203370377468
-141.8830720716378
-138.34914177383854
-367.8344691089015
-129.57067683540265
-137.79791356225502
-139.48504248236358
-259.1759271425243
-128.5389581467523
-247.44485895779087
-134.95047620559257
-15.668365784612075
-142.3159353544093
-122.8802023275019
-12.562569694511662
-263.78857354669213
-124.2162529071267
-133.69990152645275
-249.3661386384686
-232.7413673538923
-126.63992831538292
-132.1489302391136
-252.42994367931357
-132.5117080568413
-255.47921297366793
-243.33880255092683
-261.5902340910887
-10.007541923057136
-128.55965587829715
-130.74393358881403
-264.0402491071893
-128.54475500677523
-138.82154077942957
-132.78125089868118
-135.69795290128798
-134.54160904121602
-133.20588040503276
-123.62936473008641
-9.488454871611426
-243.00581135522577
-7.774302271967775
-128.2822507323021
-377.85607846840935
-123.96844744123227
-121.73349122034845
-266.170077673058
-245.96667041623635
-137.1114547302075
-8.28542464218169
-6.719789537048036
-125.8500626818083
-257.5420278237722
-4.4196821276093745
-122.43444199796802
-243.96989088751906
-123.56440763752919
-127.24395416123077
-366.1246496962039
-132.3429345947501
-346.2557237570027
-5.591889989183287
-129.6279347261649
-128.7439531691199
-132.2693594723129
-132.88434197467416
-127.97396919872533
-128.00531819306266
-130.8062562215834
-236.08535233266147
-245.3361299505272
-121.35005847596514
-514.7158001183614
-372.578243184551
-9.31417977845376
-10.226415422636212
-367.6687159927551
-10.333239823088151
-245.03276723880316
-129.79863441198975
-332.9369066048034
-243.71430579304038
-120.99413967677253
-127.7414445368134
-250.16334740597864
-131.08296250994297
-248.66223633634144
-5.699033645033716
-126.0156235554977
-125.98002567912246
-123.42777522794532
-127.02985217263814
-120.87634363102696
-119.32830241571546
-118.19104856610035
-124.90252296656773
-238.6441064141477
-361.56798772872963
-242.30086030441012
-124.17823870573858
-132.18058691000653
-236.23990686769253
-134.81536874457257
-369.0999837523449
-133.53801958539185
-135.31794109290064
-132.1616373822231
-10.229775706306885
-135.75921267133384
-337.4130911626952
-129.7966681666918
-138.3593137263268
-130.49532125842418
-230.64938582160931
-116.45924579875992
-127.1997071606342
-125.66533717647813
-235.45989661985274
-130.694552108219
-353.4959604940911
-1.6304057294802976
-126.75627589564898
-128.96616851989987
-0.2964283535006038
-130.19646212887298
-374.2906448054781
-132.36360707024488
-8.349595665112004
-128.17566627011067
-250.7407211209313
-3.308082686808524
-141.39272167643486
-265.4371331902843
-4.257252727729453
-2.447643353418106
-127.42173977836097
-241.4205706885769
-123.69672559668844
-138.9778320908855
-375.877313409754
-124.78297026428096
-134.0012222058286
-133.75487965487972
-247.74496661544117
-120.65314200665371
-120.71976978193896
-273.4943361408301
-125.55761461113201
-133.66591486436388
-247.8534403408887
-0.3002935981029522
-246.5414634255605
-130.88044596707346
-238.1877498451845
-131.28472045204185
-130.15414665514018
-129.94456107720316
-129.0681907582348
-411.6908496994336
-294.72347934552374
-121.53448808842371
-255.2133340901682
-120.70014391549871
-132.9002562505737
-121.41532757156791
-270.98110241842534
-129.83231542363666
-6.312535797266666
-128.04229453196936
-126.65025126039927
-129.6715629091027
-2.8658261353623606
-128.39666121002887
-242.12345614862735
-234.42263978071136
-233.70597046577765
-247.0576767764298
-336.1733605132163
-132.4744052507704
-242.10679084672736
-233.3922286606382
-128.74359202482316
-132.689651813352
-122.59473607878131
-119.83982280769092
-231.3240419312995
-235.97708676311842
-128.82292006783894
-235.00371014111133
-121.41070902575315
-250.0806774303737
-116.76868929207089
-133.2440554890034
-261.7871265974739
-262.4127747467025
-133.12281073102992
-127.12333882292849
-136.79223837471918
-130.17131188288263
-247.2962334330189
-254.40534473823095
-128.1141760738302
-4.648268320218135
-3.5889291928664715
-120.63517376032964
-2.245043646439478
-125.0676590799084
-335.5917921731359
-117.54338535964774
-135.12343935098448
-128.07681285985473
-344.1206157158344
-237.0162473409711
-271.0797948069128
-128.0084197461507
-115.70071837989579
-259.86682935933163
-1.7005299255201614
-251.73434516497383
-131.82643371712717
-244.93406372156952
-130.40093758467953
-8.726144538116896
-7.128420280863833
-252.90528340441048
-258.1671994995823
-252.31106481428674
-236.83474847551165
-11.432248416573486
-137.3836300932115
-252.12015115115102
-257.8092416608789
-130.74519073281016
-124.89571131620183
-247.58035075757783
-130.59465453543828
-123.5287744859946
-233.60894037504667
-129.03058447253704
-136.88733138709557
-139.4178045650256
-8.058033420537958
-242.33080545673087
-132.68001382598422
-120.40700880545924
-251.7040246816077
-240.14062641013913
-4.9148247483347
-250.53059242251183
-375.75642779133193
-125.84746915319266
-129.34912334801422
-263.8973871996565
-247.28792792945774
-132.63389970765053
-142.59006606613752
-269.9100346324181
-146.81450397531844
-124.88928216432393
-142.38973379080608
-247.05207282861994
-136.39062648328652
-124.5667461806694
-15.007283749820942
-142.75250485310676
-728.7454741990048
-675.2191133827413
-257.83766716096636
-283.4073647536664
-511.5022027228362
-252.68075259038608
-272.1876798316454
-137.79494531027828
-149.08350651070728
-401.60184461755375
-138.4648102506596
-142.15688502574966
-140.66880397485963
-133.4200977074446
-137.14569559486685
-133.66608647295945
-130.58166398785772
-137.27577512327682
-279.85538074303616
-133.0488246018452
-298.2612562037699
-224.69642129888126
-247.77586412568482
-256.4202314991644
-240.9966402521948
-290.3798610565229
-137.74290079584387
-142.57034127348
-398.29589839072133
-136.28089063833463
-138.19022378234297
-134.2185782457443
-14.620426167841252
-242.3081410424545
-137.80395474159815
-10.699834712973438
-123.39291904714538
-130.29179020906324
-382.14536268815164
-247.08169473231544
-9.584546677900548
-127.84250844499712
-252.36089725821864
-17.317893084440257
-263.5195640084056
-254.11511771029208
-263.16545379228825
-144.40655634173763
-16.332948946461837
-137.7948463884995
-137.96069322211278
-277.7302281542058
-135.65421765955747
-134.957102952829
-4.484399356158353
-130.55323525991633
-278.73826113370177
-384.2491043705211
-135.78469959515493
-134.4699374012423
-120.26573243352017
-144.14856658182444
-131.2094692227728
-262.5559140191267
-524.3468220643617
-265.41052381863943
-296.42525544356175
-238.50303824522064
-133.02448349206105
-118.14821170819133
-385.99278213481483
-375.39442660704685
-128.2752608345208
-250.61060637369366
-151.60456011692239
-264.1457289329069
-127.213811317806
-6.569046712658318
-259.1790118356732
-257.274639102807
-3.8756945968230143
-154.85135363224768
-136.56224525817197
-139.7594685800789
-246.6443160287826
-249.4110796853911
-241.54945556180166
-374.9845319541154
-130.24614017639226
-251.86440436389412
-4.803329255100447
-129.45536161243953
-128.1102029194994
-254.6021434224939
-135.44085412542228
-139.06740597591042
-254.7478730942716
-128.2570723354247
-141.73469420926972
-7.1081007671379846
-227.88458422007443
-244.459915398791
-232.74799094347478
-264.99504184387064
-137.72683263933058
-373.6663629833533
-11.832580680020937
-132.75973034446244
-131.64530231419576
-347.65885823113325
-13.279908197841577
-133.76300866887988
-132.36643489139354
-12.661667749071944
-242.0098142811747
-255.4376765835006
-240.36505704622758
-264.8884274685663
-247.03674484091596
-438.99979603087627
-14.76007090979459
-14.143079126656339
-139.80746130490385
-253.5996146470867
-18.68039573644498
-257.182948505956
-131.04899962984192
-19.393179697200694
-131.79846701515834
-144.56738203855542
-150.8338731849611
-151.20921567036447
-18.675341927025503
-381.54544579285306
-386.12500508244517
-255.5358132066924
-258.2162402708988
-7.854684364996844
-130.20366481839687
-240.97620156564514
-145.40202723191226
-353.69453475852697
-14.93220287142118
-125.64486535814576
-256.9665247209066
-253.67636656113794
-146.43789753036862
-121.20708481850431
-128.84435326597082
-130.71411901917443
-141.0282615991941
-133.7395493051758
-339.459389616899
-9.430743232385904
-123.58507813268538
-124.28414876124832
-133.1701437439861
-138.1101447518788
-138.62482106128357
-335.81384165230156
-129.45766469061644
-132.84642042598196
-134.70993867185865
-12.415679174024461
-134.56990969236423
-132.97621331513247
-12.513255760281723
-263.43485301062
-124.04004793916177
-136.92876041697173
-6.570328217998229
-124.56919347667366
-256.22268244672597
-132.91302938577476
-141.9779225605696
-126.75053657918524
-348.8706851786096
-240.94875098511062
-122.25198423729604
-251.66740444264008
-9.637862816978844
-243.27586525850262
-137.5911481854199
-11.14310178671229
-240.3852932243056
-245.35448364204314
-138.15234820777002
-328.75674265543574
-139.9070634817703
-134.36853378505532
-379.5659821501091
-128.40869071790618
-299.99042991843487
-134.92421960550317
-134.94694325955416
-261.43899958969075
-128.78618443375086
-128.50224133033478
-119.5446562293947
-356.63022356234734
-13.484279374167798
-8.576499817509525
-133.17647098106337
-266.5235366822165
-245.83988447883272
-14.655736198351601
-152.3939109734437
-323.3963833122281
-356.9906481335639
-134.1108582462915
-262.1454038585547
-258.3387648916947
-142.0121438076106
-20.98432698080192
-137.44794073429287
-132.69784031858308
-345.8607974600745
-149.36155675046433
-13.101689851057998
-140.29203229903916
-21.91683003955408
-142.77689878340635
-257.8556934239899
-148.75620094277025
-140.93706581576205
-128.4297195056028
-238.0741210123553
-245.04233147226606
-301.8365084715257
-2.2109780140928685
-278.83992305076083
-251.92115718563204
-248.978525664247
-254.85335153509376
-252.1008997643209
-130.25723232056413
-148.95199012253377
-279.9044905278709
-15.627307439912554
-251.77800548833034
-132.54448827695475
-16.110066816624176
-249.61131810466142
-282.5068701562791
-262.68209624268553
-136.7858468210321
-137.4872210861804
-22.279075844911095
-159.57877072682075
-152.1461551501319
-144.69036552919795
-266.4694640902218
-374.7024969044101
-149.25430453224755
-561.4334719273554
-952.2346197177459
-1114.612089502221
-251.40352547306537
-265.62139541064477
-138.00849515357132
-255.13567150929117
-136.25334380267276
-16.020540892867235
-389.407905289229
-138.1554035683605
-270.26869978658607
-17.739109485648967
-131.18829106546818
-150.83782797356776
-264.7457066428502
-135.99521649652922
-145.49402219536833
-250.70910335659153
-150.85906073438468
-152.1766453207376
-276.94026622443255
-267.4147167398502
-274.4350243516397
-152.27213563583265
-148.5431083338005
-273.56919532391026
-279.7320372486978
-144.2659461499237
-134.60144384978378
-361.207549212938
-162.34651907145755
-139.66899258606804
-148.97498320204963
-343.78560161968545
-23.44617724422984
-349.50016060230047
-278.6130864370716
-152.99824635131853
-149.45560690235862
-389.62748731927417
-154.64009436602197
-147.7037344187626
-271.3688794661533
-144.6456403503011
-135.57796156481967
-123.98081193202555
-123.46768836708779
-359.753614078989
-251.80235574079995
-21.125327633467542
-141.78876744812072
-142.76738010621582
-136.991949348732
-267.0785477497027
-253.59359225271348
-262.5784871961996
-126.87158210760873
-125.30554096775052
-133.25434841706368
-128.06681287410396
-130.0794050879079
-15.288645310977856
-135.96052058351896
-380.5975382762266
-404.17466943443236
-31.38318409309831
-153.8029958865758
-152.84419188540906
-391.26750760969014
-143.18501267920263
-487.04245430170613
-30.13598511131423
-25.40474775416055
-29.36735273563385
-142.288895634623
-148.47334201670725
-328.7369932648906
-146.70549617196914
-276.16460110116867
-26.99727533253099
-153.31472941489426
-314.04076285051167
-272.8116672018078
-289.93160304111706
-144.98206254199135
-258.8820351078627
-154.87134780771862
-279.5163792602557
-153.00317205731844
-153.60488777934717
-260.6493927701909
-138.16347617814412
-260.3459490992302
-377.5877207421578
-136.49084740157582
-371.94329843849584
-251.5047120184012
-146.65164522796772
-144.33638228942988
-268.52393638102177
-137.93049783897618
-266.09215514130983
-134.6741685921426
-252.8341401015587
-272.22416094501875
-508.56888428595875
-153.88503714173643
-143.29631746682236
-15.80233269094882
-132.07270926344216
-135.28278673487262
-148.3262262852658
-384.7421852607279
-143.32739714157216
-402.0050982382838
-142.77177904197123
-131.2290171579058
-382.0140049307106
-140.92732388800803
-147.85940738601977
-152.8991645574962
-134.64540827427797
-135.35772596973217
-143.6637373616511
-131.71002592298396
-260.4791102052091
-148.27971920087893
-23.934355874800016
-134.73204389535437
-264.4880928317488
-19.587639608682395
-143.63508328148188
-128.19976738419402
-136.19137468885998
-145.47208564983535
-140.1621215231499
-15.287821697100142
-335.963652787497
-153.06153143949484
-148.5557912005593
-260.81536383962026
-131.1467123666964
-4.844966798434329
-2.8664488292045585
-268.89194312204796
-145.38486768269513
-155.4491621095113
-160.47640711514765
-19.54326030766655
-155.04612940894006
-135.86206870105215
-25.279539457143606
-144.3923957806793
-263.4909429584437
-24.78046832135029
-23.714892225169294
-155.9841470252491
-25.497637928055493
-146.68653160874646
-143.52949656339203
-28.496600301611544
-140.2997799684567
-158.41656451570083
-140.70505432623645
-392.8876869458016
-149.85263325576614
-135.31176680193036
-9.076472623937622
-137.27028570215663
-122.15390200742051
-4.674033561451251
-19.136241976284992
-141.91840850408138
-21.895065972658628
-242.2151678474881
-4.541884183961465
-253.5875510075599
-347.8502987760491
-129.81956423828285
-377.3629360165596
-135.73339104902306
-251.38441752900906
-242.29071080501376
-274.7045327418505
-140.6112342747206
-135.04808995359957
-133.7072222002583
-356.09856500326913
-251.43332441339658
-2.881498597898028
-144.28357395740085
-3.906703223705836
-2.086668498976547
-511.5233064344196
-268.531585083764
-256.7111035167742
-276.810592323427
-249.82441076789343
-263.0077814440018
-379.7847102650097
-145.52405150207218
-260.5139625812921
-241.7203240980165
-271.7021403653928
-392.2463839039659
-132.48071092844893
-139.66743347727666
-18.944243344424496
-265.7499011759665
-6.578824029738336
-251.8650719213156
-366.4646310876723
-253.4213203040928
-27.074708720787303
-24.407488943831307
-153.98621409251194
-368.92569274231926
-138.44989011789343
-269.7674365491937
-154.10273694284362
-152.63454199969848
-140.81313297644778
-142.05716105797296
-119.3355078991394
-121.93026560011617
-259.7979224588369
-6.703642402677089
-2.2072928697624348
-254.1611433094832
-135.56552098623513
-6.498530036021534
-123.85281253105613
-151.5268155391428
-261.5739875963426
-268.5015386777583
-129.9776273047591
-130.34198463966445
-249.0723580285374
-260.9432910373822
-12.091422932983921
-10.869262324491807
-123.31925793494412
-276.23891070867296
-141.38346003471904
-139.5748104499323
-349.3143275565777
-668.5198790325851
-151.4805597329202
-135.32974869920537
-138.21818645715877
-665.0112737886348
-862.1336523567107
-916.91910992315
-139.68475083882367
-13.748517894987232
-134.76642092805776
-256.5065478830249
-127.91924454315097
-253.0904332884275
-129.898139017887
-125.65421598542893
-241.30079689585457
-126.22303044206045
-245.44967626074342
-249.02972536781022
-132.3106994374661
-140.44838388200364
-142.71331038135995
-957.5606782905942
-139.7190670421157
-132.4760270587284
-254.67902697081843
-130.6877631645143
-134.5749481086537
-17.514878270753744
-145.08835085613478
-136.9563581443338
-138.93982131424954
-12.685574959950898
-133.0865147356744
-132.4615313450519
-255.9794069527306
-1076.2645233923029
-145.59714214794704
-248.23614763677267
-138.10566955373338
-22.056830253336678
-131.83622179864983
-11.152914263902323
-128.12449733105467
-373.8887533903569
-245.182980408168
-146.11680276164643
-142.5643729188542
-22.57751600990873
-134.20632355289638
-20.90156806793254
-139.91263089006083
-250.52588047428677
-136.3035686917742
-139.69548483005772
-150.84751426592547
-151.54456403731643
-145.93976193905928
-27.04713441500033
-139.21023557767649
-142.82379342916747
-151.29028859743417
-146.67393870767907
-261.66640109561604
-136.1228506890205
-235.32955550662393
-132.5565476283298
-261.98754110254396
-388.76232518713374
-151.0275062548544
-265.4307512971304
-252.07415786875876
-134.7274093387553
-131.07065759485246
-122.79950863145788
-646.1369668602291
-133.67476242075205
-14.417332073822616
-143.00458588775174
-14.884948951717455
-241.49268749254654
-137.89431819458042
-137.61000874016335
-257.8107105353805
-133.9009810916236
-9.044727325617671
-133.13036150228314
-259.02456167848345
-375.39672675051787
-486.32289072402835
-390.2978622979774
-346.6486506538362
-145.42815720588465
-368.55045543011806
-143.21367523717203
-135.0280846687202
-357.7517518778759
-385.6942195190381
-136.9525907452708
-140.8917326368589
-242.643308228862
-253.67932436421023
-250.52006989711268
-140.73676250745254
-137.96960378154813
-136.14509665191702
-247.9325239984476
-128.49255013806115
-138.7300960364105
-133.21503685277042
-255.75003034693296
-242.96197572857378
-249.59340319508212
-14.214450570070097
-127.80195576042458
-258.6775464083668
-140.98914466495657
-236.86423478106158
-139.7130275759139
-130.63583850936618
-14.067877197977042
-140.3225805095027
-136.1832354592219
-139.4832276792505
-122.27478771881201
-116.44027027323611
-131.23704943126333
-134.1131852667838
-248.49110596746706
-118.65771763372437
-118.69094528014834
-133.01783971440335
-2.4821776863682703
-238.94697783207295
-133.04036284811798
-379.15826034358395
-125.27195122512423
-10.448460984066184
-254.47509223033447
-391.33830460882393
-134.1578734602276
-129.76466104997596
-133.0992242634201
-125.24645812766484
-136.22390482584328
-131.3790571928338
-125.80025284320993
-135.63812669549867
-138.34340614219573
-135.94107915772813
-12.103666818585701
-136.24286565736864
-139.45230407407226
-137.9390372915304
-125.78402343239013
-131.29034613381603
-122.61718085253098
-254.54131989193945
-252.64209285282183
-252.89595883099216
-126.20091959565652
-140.5226614724575
-130.77803868019572
-124.11454633888654
-126.54614295697597
-142.32960746252357
-13.854945883295727
-126.19642908895894
-237.03073348041846
-133.6583064111021
-126.51093949939671
-122.17866592028953
-230.4429832856977
-257.0841735398505
-133.33789415273742
-130.78387857214685
-131.46556680435103
-292.90504333924434
-132.2182172070996
-132.3270753298428
-119.85235210705075
-117.20643582958947
-126.6071688414136
-129.11150224493946
-330.14536122850285
-135.63385755153234
-125.79597817077746
-124.05255112299787
-8.553639601867545
-253.12346484819136
-142.2764350090857
-134.21883825340456
-137.14075812608698
-124.72419816143982
-246.73859615881523
-249.0922795617368
-246.26596628694384
-123.16607609858313
-246.52258327164554
-130.2654381465365
-127.36589422762437
-135.9460018135747
-122.53116631866065
-124.01478553845288
-123.77377727671968
-129.83252142984745
-133.78932324617654
-244.2028151986905
-358.2050438324303
-123.9518248170107
-7.142765498594205
-123.36306706650718
-126.25450523537003
-247.14957013234232
-122.00208400216371
-1053.0547675501853
-1048.0667642096464
-1059.0942895041933
-130.41257183645155
-130.88934752228747
-124.1273589931516
-368.7131049201047
-752.5534368393652
-5.689596085802761
-117.81986851076832
-240.73810031803444
-370.49007401988166
-247.59715674666492
-136.6901888510374
-129.08541516148458
-118.33116541069788
-3.1338420764814687
-1.17848218405625
-124.72711860183357
-255.37331186101903
-21.404318797863038
-250.11537871993417
-261.4155693780496
-379.7619526250584
-135.7053825800008
-273.3328059103863
-27.451616680463015
-156.87662247410415
-259.72307827477124
-121.76631772591354
-127.17580544099222
-146.30013038418204
-259.0969472501513
-264.39695309866175
-128.8836512004883
-134.7158536478792
-253.9803213901838
-266.30168510824484
-362.8083476613192
-133.4502159445198
-262.57463904183203
-135.7610633996065
-256.7011954607172
-139.42941847518068
-121.76487221606816
-247.53897508449666
-257.1656141087977
-122.45346042523757
-366.3130618462329
-259.2897132123153
-7.0535972916405
-345.21565532568627
-264.9805201154807
-255.75155079483525
-137.4924361132533
-138.4507722156919
-147.09528318295793
-262.0198041915566
-321.685448676227
-256.2817577176668
-132.43465847125591
-270.0427964997737
-387.6593229475545
-353.77937039638977
-524.0095460676953
-271.1010327716843
-261.7499082534515
-15.550889467932311
-129.28162655648447
-271.8290793952071
-126.04192750843703
-472.85615448846613
-128.01446707916475
-250.15081168646273
-8.043329598670795
-126.8326653504048
-139.17281943551563
-342.1333401564126
-14.307018849740006
-140.2946491369263
-253.2933389477024
-144.81282758395864
-131.10189100284643
-365.12784736328547
-122.37789591176673
-132.96858343693563
-135.84336462131776
-142.2478015873965
-232.29904870481676
-119.59536991443844
-133.1540641199147
-130.07144945567828
-139.70128759106987
-346.1655775330102
-132.64815430936198
-122.77295374672245
-131.36209274640004
-135.91528084526004
-255.89515882841746
-136.78730936664465
-118.61380047451182
-125.70413605193136
-124.74742896148133
-132.5332881953391
-142.99003849525778
-136.02280745571667
-24.30112727924588
-280.8326679810533
-252.29696727724522
-265.70192321975964
-151.07010579387764
-151.25352377952998
-136.02800052565658
-145.55956206199096
-134.01598596408084
-906.1354770387926
-791.96427610595
-22.485815013346784
-145.74883173526646
-257.6878682754165
-135.4044619773852
-152.60486406926017
-151.59217389449432
-134.7899186326746
-145.40845398415573
-148.35352274330327
-538.524659152945
-150.8538374108611
-152.066965862981
-152.8322782284953
-145.80443165155037
-148.13942855184015
-144.78469630684344
-139.67089346042928
-267.2074313034461
-145.37023694212883
-144.378238726004
-24.096080522336145
-149.8043465410948
-148.7260336022486
-255.87573916058344
-279.4011850370448
-142.25005637195943
-23.922788501024186
-138.381830395251
-139.6880833884393
-139.6285318060067
-142.97172015145136
-265.00196467625113
-143.64412261679178
-23.836006493303806
-261.543373864338
-266.415812919407
-151.0927508769238
-145.3263710878353
-267.6720463211991
-137.22333805132737
-131.49258927705912
-150.4269544722928
-146.3213479846665
-135.7321959043598
-1496.8687129524285
-276.4503197460113
-123.47360342024066
-1504.9242018176271
-5.807183564018049
-138.80139422300317
-143.6592231247954
-1493.133827899479
-267.4987213975275
-267.25031177398563
-142.08563596266737
-145.41126981867782
-2.8637000238423798
-1492.2720342127448
-1492.8454946114568
-25.481924412655598
-138.98839139064737
-139.16819586301452
-267.89279379127646
-151.11438404661237
-1490.9779811908065
-146.99435894466203
-136.90222592864038
-257.5889377794184
-143.9868609001519
-17.27593174004457
-148.42563633431237
-142.26692725501366
-254.79678325234582
-134.66103279236953
-139.67504647457815
-245.97255315726912
-134.82108276220913
-133.77371063136118
-245.4024483589507
-131.55612108854737
-140.70836204880675
-249.79991277113845
-129.46020794254753
-125.76835248301852
-359.18315234588476
-134.7534864504958
-141.426405488338
-141.22454989804743
-10.785834159817028
-122.82625814159923
-136.2040641290695
-133.7315816890726
-136.75653937906276
-385.3560863203411
-135.8529128721251
-133.10912574321316
-124.55345169903144
-138.5823320709896
-138.89152681240438
-141.7722043724047
-139.87948203794068
-123.90194244327131
-133.33792955438534
-122.1606159025933
-345.9868591705343
-324.5889073939172
-256.5901039515606
-135.7849095264746
-268.28684120254565
-131.49482658500992
-134.21736191712205
-132.7075066398477
-262.1013961745952
-128.57881366093758
-6.023977551859439
-136.01622264170194
-133.67725370932297
-244.82416137900375
-137.71429217732788
-136.83440856090508
-272.238450500023
-119.17959663348248
-127.19627045373515
-134.32790418131702
-377.54293406318266
-254.4069997495542
-133.1180157159133
-7.377455719432288
-8.171657399833242
-141.80260984257643
-257.16471106282575
-268.9939558659183
-138.29904186577272
-11.369353649560534
-134.40585795163003
-135.3946691660314
-260.5434716300777
-243.78584249869377
-14.593744669839092
-802.9275344788597
-133.41407106613312
-151.90884150611555
-256.1173675574227
-139.33320654046437
-142.8675687433187
-263.06929189833625
-146.90483227863362
-313.1433050103057
-23.381880805532816
-132.72402047349067
-133.2593152537423
-145.8088363082502
-11.798831510594738
-139.86073972124188
-149.80831737372404
-272.47702979081663
-267.7973833145012
-24.454842252773943
-147.02351885300078
-16.1880200426316
-144.76871814395983
-139.93836035589618
-145.4158281415245
-414.2555783867291
-160.92713637855502
-772.8459409055451
-143.54155095674128
-134.93834792054108
-2.9654665802559044
-1.871209215304161
-0.9494499481578157
-0.5311596274051898
-115.63553908463962
-129.4584069544094
-13.39718866043161
-138.95901282521604
-136.68910320143078
-253.47563050321295
-138.5198613672643
-135.5861973383078
-135.02750481407253
-129.79853949377963
-129.112807976486
-134.55203677684185
-139.6319743386677
-138.977612298055
-137.28892551393776
-125.27987935489509
-8.308347173391647
-145.6466315360468
-136.72063704483543
-136.2688558564666
-7.165254381587256
-124.44291544357272
-127.47841498986897
-125.96047790666438
-270.8327750306939
-117.90187801125899
-131.2456497272989
-9.359279343533489
-8.77242922562091
-311.7900987437176
-368.47935729678403
-249.2696656689652
-360.446924315828
-136.7212863817752
-136.25293971105722
-343.43023418927345
-7.286645741238041
-260.4560881698739
-266.49693515507397
-250.19167671321307
-135.49010919490024
-262.90064870622314
-129.0888580651929
-134.91351987622843
-142.88152853120843
-248.653556632299
-252.20146396402012
-389.02172946713176
-12.732790164933487
-245.43915621906032
-13.197554105413612
-137.1947997252795
-276.1653085821008
-321.894540672659
-14.206834074135264
-139.545165010313
-142.28966378874733
-284.3369737326273
-260.4253456018924
-138.09251239904364
-382.03763763673555
-126.09957187090546
-143.3742809033537
-14.032071067482988
-139.41483160654238
-142.8996700483438
-297.552440482495
-364.5224646785926
-386.7764842324076
-134.99155025369868
-139.95597062756073
-260.90200512872156
-143.25483040501354
-136.83055926896827
-125.34775597174695
-10.180867493480125
-121.63667264073686
-238.4234783359882
-254.78223614184435
-130.2410107335434
-652.0118413653225
-916.4821189232117
-130.21195942792983
-128.43069490440485
-1032.4697205028895
-133.149331528502
-128.70332582899974
-807.5789832395816
-1533.6745791613373
-259.9135263485395
-266.6811127220372
-4.879520064114959
-128.4988873298577
-1055.254490637961
-1.945762381328913
-118.89640728236796
-117.78184070394094
-246.17173002166658
-354.50252935829326
-122.05901230128237
-131.25484649178355
-238.60400120139147
-131.02433130094153
-4.7548908877688545
-4.416202227010648
-137.55413888817517
-255.32719959084162
-129.95610512617353
-127.29312204014056
-251.203304613773
-133.32320982032425
-5.567348768448998
-122.22906693405601
-249.5736821288744
-136.26482823498154
-131.09871571687293
-404.73373590953946
-238.76978516491013
-138.3425553343801
-133.59750325416775
-7.431419539414859
-137.69728979548302
-140.37192748542742
-7.1977046762354275
-272.9850400094119
-136.86188400508092
-140.92864183431612
-147.31886485120575
-389.8357645202584
-369.7690238536143
-128.27912643424477
-291.9703409375727
-19.356228477882794
-144.90960271171272
-243.3687049780115
-135.35926479475643
-327.35660447713883
-135.9647347475577
-132.7133599490718
-142.28560852709506
-265.4224951080272
-125.99495117159458
-255.16682478949176
-278.04771780838564
-22.014510704094537
-281.01900266316125
-514.6586098670515
-381.8076424218691
-258.7287651110915
-279.9996146409493
-293.90441687629647
-485.5785169461408
-271.8659469391578
-15.844528461124291
-140.17680288145016
-279.2197362157397
-501.6042026607611
-136.09976181321272
-24.55562204703643
-268.96374158924414
-268.81550638332146
-24.29873737193682
-275.3253446540127
-275.5068228321897
-137.81135768636165
-141.52539477632882
-459.60016236511143
-157.78133672224223
-285.1652708674731
-268.8897214430655
-285.1609335558444
-143.9895284212766
-143.10481305658578
-284.4557638611219
-139.16527461412312
-146.34610370906728
-150.5188053804495
-23.25768337616555
-155.21109170660046
-259.3909347385329
-429.1887041560801
-394.3587842777766
-419.1076987482336
-155.11827709245526
-259.11104536113214
-133.84925568626392
-241.35492439707215
-265.48573449825545
-127.32069501552276
-131.54108933529616
-262.613576400525
-134.112001104664
-139.16510650861514
-148.0965271674089
-150.269492707125
-146.14892130936815
-149.00006361378053
-135.86046023100047
-254.0773630030184
-135.31626427821618
-20.789886481254552
-142.98214759205848
-144.8326134202695
-133.85335298582885
-144.57485818693775
-138.8302565662902
-139.01373116284856
-132.99445387306045
-134.37119087124475
-142.5533146792025
-244.00721835563053
-264.73280955132924
-367.26915238332157
-250.79857951745277
-140.79747271427658
-270.4850305697844
-128.59086359747457
-131.32830313736102
-253.39977199529244
-9.264692996503138
-130.270597039457
-139.52143276796565
-9.578788538684906
-137.0133994856195
-242.53052020510228
-133.67729242561694
-237.76565034793475
-7.768272701212424
-134.64979915940742
-132.73799895540537
-242.12144865538275
-117.48823619496603
-6.237621663804625
-5.063282100273155
-122.30918637283442
-260.1487454137621
-6.135566998103516
-131.32755595415918
-254.51161671050806
-252.54672784509827
-135.8286309974182
-128.5679895237634
-134.44320448285876
-139.78020172327336
-7.397602271003983
-249.0885231010132
-138.76524181987367
-125.56044435600302
-128.92204789391553
-15.109103050234626
-275.4911283158303
-130.9218473239485
-267.3905734965207
-140.06465324897493
-247.9836624687327
-122.47026615572297
-791.2079202653682
-542.0080959828057
-133.08089329945577
-133.89035446167048
-135.06295536317177
-8.728457669859477
-262.22944785515114
-138.759115598649
-138.8452939054364
-140.7137125816809
-146.78134791682115
-7.911202839416497
-129.88353863813091
-136.28889676844227
-12.299239385458277
-262.8127519530154
-244.8387997874906
-139.92677668691442
-136.40390916015454
-135.52899226267417
-125.46222205544795
-136.19244516297272
-136.280922796465
-139.70080176593493
-124.8135280292638
-10.004034869381362
-134.02717102287443
-130.83580917401724
-137.20106290038132
-137.102266923096
-139.34271623329613
-280.500947548152
-766.0101677341015
-138.3218616536289
-367.2865386978162
-6.924002498359245
-130.626237956501
-260.0015670878114
-229.3986817601033
-117.8815819451121
-238.66830081036082
-631.0927967326456
-239.37697264472942
-251.81153540505832
-8.270997434548788
-7.031957608283278
-138.01926401111777
-131.9354440355258
-245.40715125081948
-137.5044274560872
-262.25493087323713
-289.59070241629627
-891.8621483157382
-140.16648836081612
-138.71379732230358
-138.69233302582475
-141.74381447702862
-257.9189346575989
-139.31761317650628
-245.05689676976343
-387.731771778815
-256.93113120486066
-136.55926314635764
-271.39846010858867
-262.7788564741061
-237.8589974762305
-142.03289835322542
-135.88949691094479
-138.92497004933182
-7.827163030234152
-125.297550120919
-136.80219100172607
-134.16225661971882
-133.50337539097296
-138.71475165618224
-254.4282969779009
-134.64326244473318
-137.73187456277495
-10.113148640693293
-140.53811304480328
-122.80736225860356
-269.0013041466549
-240.9146631997056
-130.7311621964917
-136.00918612250788
-122.14213091946276
-240.23151039151944
-253.60394823695444
-245.02825526540693
-283.0283633533195
-8.130281793070347
-124.90789017148836
-11.033770077546626
-123.88832162185487
-257.9510370705089
-252.38322085495574
-262.9969082473806
-282.2250793193286
-245.78645160001028
-126.74799967119003
-134.94272615450987
-125.62301915331491
-267.03870972492604
-11.19660768002074
-128.95912470608943
-126.81057078656778
-243.48392708053422
-348.1827506338038
-125.69960804590154
-331.69110719060194
-138.2774934581569
-6.51098148841401
-304.7290559572659
-238.62826349461724
-133.6659904583532
-131.66566908889746
-131.6680187078629
-136.93473902326159
-130.64339962989342
-124.72747717479844
-236.2842274535553
-245.49187915842427
-124.16904724695553
-245.09287953706533
-241.5870675785124
-373.8237300729898
-127.3607126753035
-332.5179306510732
-122.55068102088295
-249.43933915191076
-261.01375163111425
-129.07236393108343
-131.33916032472334
-137.0959062905494
-257.59397619272454
-242.31194696848027
-10.701773344632752
-9.870771748274345
-11.729232178945797
-131.52733434087037
-129.19200268443487
-139.4058952853977
-256.077644218036
-134.83001509382888
-141.4490469117026
-128.23872204648964
-10.839681055007748
-138.11865706164386
-11.625296722894015
-140.22110968569808
-142.4377858281012
-286.70266065880674
-247.5436256584476
-823.1541562556771
-388.0337431815967
-271.02330722644786
-133.48159216180707
-136.01795785324893
-529.9173334538156
-397.17055966881645
-125.19205023597164
-125.30058886569176
-124.23684724050064
-120.86160913969452
-135.05112580236502
-132.75017578305426
-249.88658730473833
-12.224685604992443
-134.64262964770833
-250.23050435969435
-132.51584696414068
-125.18164457435734
-126.4881540376566
-146.01826006849186
-143.7353781336732
-129.68995787305704
-137.11696242945496
-134.7238184171317
-139.6508996488042
-17.574821372848362
-245.9334991932431
-143.40718643008165
-137.729253026892
-140.06336419659425
-135.93349072255566
-281.23865727516454
-257.4783247285569
-269.8641715093505
-145.75390954680415
-139.71955186270503
-13.239891305753117
-251.4564760208148
-133.89971124551656
-276.07907194538376
-141.42868544470184
-364.57647277295035
-9.571806896846125
-127.39805422478535
-267.0431892869555
-309.92361354706736
-369.43896357804533
-289.7335358605711
-132.49385251521565
-129.34475277089288
-249.72659959991017
-129.02500002208603
-245.15632121035304
-390.491048572393
-255.82689930257487
-23.914261601215813
-13.99871514178629
-302.0072715811565
-142.25897286019074
-254.93433373137316
-27.60907176118449
-389.4188366939581
-145.46765771863008
-149.4000066958946
-501.44321473932035
-281.13435512036733
-152.09736892253585
-372.9890916303758
-147.95055178268396
-141.51431697390979
-29.808933446291707
-255.72324894830547
-150.15862305250815
-157.00049130682157
-147.23689895458503
-267.4609151498142
-261.95049821250075
-148.1452061736334
-152.09526666833645
-147.27775333666796
-160.79716405386756
-151.46795534565385
-148.80647332696228
-141.77286058241364
-279.80842426268845
-265.12634207376686
-265.74740994100887
-28.96778514629922
-268.9209195424658
-253.51927499675668
-152.05104459384538
-398.06112791596087
-141.00408519629462
-141.28407532196377
-259.6274610686982
-151.5742120200759
-158.46939090057774
-28.500248476983902
-138.12967827874942
-30.697275878802103
-22.735621625210868
-285.95110196116997
-143.05597258502732
-404.9867475009407
-684.8163565889715
-525.1102703323909
-28.677295122020897
-361.0576426610996
-357.11201449092374
-397.937330269944
-151.15225706917383
-150.985198365186
-30.780953366755693
-27.654164564606415
-392.17746151011715
-271.403953589817
-146.8102592457951
-152.79611601085958
-153.4865644320672
-340.78668896727544
-127.4528431823454
-276.64149534053394
-158.97015043304498
-142.11459100233515
-160.35087382289646
-148.80974012873833
-154.76594790464617
-332.7459602403235
-149.23062685076405
-152.91951348008956
-1491.0830558105672
-30.6334798857582
-392.0971308911301
-151.22951261443706
-281.6938080813497
-372.6828628926517
-363.1475353094508
-141.52865833988406
-141.77875350265504
-22.430434196387235
-135.19119929209222
-271.6575586872783
-380.32643160616146
-136.3851351814423
-7.624221111673698
-122.92592306067347
-5.881280877958955
-253.8931281187755
-679.2093510654237
-253.52900144289407
-656.4599643447339
-659.7246466894826
-250.2724034332429
-128.97944926006846
-135.49619125151887
-133.95984697407732
-124.94271634394266
-241.94546746827677
-8.564873847563163
-285.2854183454904
-152.0962520920099
-273.36278557255565
-268.49958731686075
-269.52434469592964
-149.39282277404797
-264.7743247350095
-262.73643681463125
-133.06683462914683
-141.8948578575597
-138.89395042407384
-137.9687442526021
-364.6280310845927
-275.6693001369999
-146.53225803048093
-147.53911559932934
-348.3840444751656
-30.142804290839905
-256.2778308948015
-270.092192527305
-151.60639114774506
-249.34518790175034
-259.39267659271576
-29.98255648320683
-152.48503485417265
-149.71386700485277
-155.5929415488703
-280.46851596316714
-30.82863964403163
-138.9494306947706
-261.5202137952784
-146.09578433842333
-254.92969320432462
-970.8543019997672
-128.40312219920304
-119.72324118397464
-132.50917105783014
-135.24025396705315
-134.71590268266576
-138.99750913415133
-266.2163537392994
-153.37638328210377
-253.1009918409187
-147.64783332139103
-999.8632405774255
-1058.0521642623987
-123.50074450929229
-146.470549267625
-375.82571126620695
-151.98393137078992
-29.569669991076324
-154.1067118667328
-389.091479823659
-356.50835262525095
-380.49049620565484
-273.2212306101558
-388.7419269655231
-151.31216750917443
-137.69741246056333
-252.93408435148606
-1063.0392308547
-27.222641184948532
-246.8404156359863
-249.63999314652241
-11.168677887544781
-3.4752030608137843
-118.6123952880601
-124.04590980149939
-1014.0153430418266
-393.32927466463946
-260.132378334898
-144.1729527081726
-259.0936094473258
-378.8226580188892
-244.93384708517758
-142.23936055881052
-251.99211047013623
-135.1929418684635
-388.51183212259605
-134.06290629534934
-122.09747720148803
-241.6680764081404
-235.56574440042027
-382.28201152042897
-362.05187205508196
-123.6549094868142
-124.27223442610303
-326.1383002150963
-236.71091463428485
-2.497734733611851
-299.6607829272196
-253.53034901688378
-128.28208136401244
-241.56455052991595
-126.96103575779823
-221.01339113390364
-236.3466917233758
-131.33248711977905
-127.92179270772203
-115.53505486583607
-128.1924526083331
-119.86126886492772
-121.65087680692997
-228.69648658911848
-239.20005606936195
-121.32182436342588
-243.75858555292731
-7.742113761720533
-11.486527477466183
-124.02161735622715
-249.6103227277489
-119.23710070049532
-124.40594323506316
-134.4836706040687
-9.20532559350778
-7.569827717525681
-129.79431565132393
-4.639850272032638
-232.7372835494704
-6.135528034377769
-127.35289385937094
-235.030556111443
-238.63258818708871
-128.83165186138154
-132.39989380184974
-7.552526297277708
-138.0925364897684
-240.58093479640783
-133.4873166575763
-9.292905258040154
-9.827731668293477
-125.37185637083647
-249.00491436782445
-136.40294807910206
-298.2117057144156
-124.64323138153034
-134.24358360796967
-130.7731466479354
-123.4924054062772
-138.75667202393151
-127.20572397518262
-262.6779342969147
-242.28993804797994
-134.14532028897932
-120.93471284295278
-241.10490547702722
-2.085983227127602
-2.638733426499097
-136.86538512129565
-124.44621555232467
-135.38865675184053
-237.51957949755672
-125.03203499501939
-307.8290330414484
-120.73229490593208
-134.10142797364662
-253.33153799880364
-129.67595516860868
-117.23743064578973
-245.3161226854406
-2.9126856419077702
-247.14119676848023
-2.6391193206987333
-638.5718269712295
-244.16480311612415
-755.7212580013737
-370.47956718002104
-124.4963405900038
-5.382194620162675
-513.1648546331791
-348.78773239304155
-1.8788927890125626
-6.5885630348512
-247.71852707827315
-134.44644978658243
-116.51574558742983
-135.22657506276897
-231.86935056213113
-255.1230532650844
-382.7852753896391
-2.8480654201927327
-231.87350645730172
-133.21262644338162
-130.48208855364905
-118.07976694554414
-128.0193532714031
-351.21901478480595
-133.4072097986727
-115.20807876340146
-120.86325014297384
-255.67069565206404
-124.5064926918304
-492.46789258810725
-235.08957298924307
-132.29129656629797
-132.68494579377887
-242.65068159678273
-1.958416614502125
-325.1903067967248
-126.65912893605356
-116.65124236671483
-378.102085002069
-232.4444641781277
-126.15620024402655
-132.224204476802
-1.8473086119657722
-779.6334578208848
-130.19689921960344
-874.161045916641
-869.6137212168628
-398.00282011303705
-118.47555527744032
-128.6785370538279
-127.81636763992097
-3.739896362711154
-129.32173484317042
-128.6466745445313
-3.578030600542704
-119.07622539102016
-131.06643277646566
-249.9535933131015
-130.24314703902832
-259.2375771598345
-129.6723278136099
-129.0818101474418
-4.951574420373197
-262.2629737960736
-1.87265322275808
-241.86243891552286
-127.28322335814318
-129.11229991481875
-129.63259332276044
-365.19181171332303
-128.9811576443569
-126.37925787198367
-125.21901800268546
-240.16596122444216
-137.31391228392448
-2.6648573534257642
-123.79048911161765
-5.336344695282241
-129.0269930260145
-133.35725887612944
-5.102450583560121
-127.47947668967498
-131.89663029333494
-131.22539358477775
-243.02210044938093
-129.96988756519846
-127.6857080578516
-132.0275698164973
