-1768.0727226955028
-1494.5250142208818
-1360.7852688860082
-1306.3713002800544
-1159.5321148775863
-1584.9548345338972
-1631.6070543835783
-1648.0839263003968
-1505.1659320964557
-1655.9049601576537
-1509.873416221305
-1597.1895824788971
-1491.5468562082724
-1546.0536960355607
-1653.6345632486416
-1628.5277586692878
-1537.9429302839612
-1595.807266812285
-1330.629115583547
-1503.2262837855278
-1463.1959829378561
-1531.5991976418848
-1533.4203809920884
-1530.770572213585
-1600.5080227892736
-1253.0311154827878
-1630.291576947855
-1482.9888563912195
-1617.5846193709422
-1570.6989750875948
-1586.2711192078211
-1496.2954340523215
-1575.2221304685531
-1333.6111560795032
-1422.6026211971753
-1299.775911437298
-1441.3863921147847
-1446.9381586082702
-1401.08625151212
-1545.6702833489426
-1241.9731250982375
-1494.615495884288
-1589.215633286783
-1448.8038917111605
-1587.9093380380657
-1358.036627317007
-1585.664847229358
-1404.2206356749566
-1393.885516262905
-1144.1286155694963
-1562.2858231640428
-1174.6205266331212
-1564.617478444315
-1578.872026520186
-1497.062803128134
-1286.5892226930598
-1252.894886944039
-1278.8556350567642
-1213.8332789688372
-1264.1842012048544
-1530.3267434595798
-1445.3354947784812
-1399.5994831003713
-1294.9974138715975
-1441.7847368577648
-1513.1194302380497
-1464.360558065903
-1255.7405844612401
-1265.9005564552103
-1580.1230512396894
-1563.2570446144691
-660.1890078572281
-886.6543312239678
-1517.4099741076707
-1305.649587510514
-1159.971341303406
-1591.3169223002208
-1610.595050168432
-1068.4821656177344
-1360.3573843018619
-1543.1728881567203
-1316.188227610327
-1138.4949894618167
-1526.3987459981886
-847.3441476905496
-1531.8006614776286
-1580.009343152475
-524.6613710608393
-719.5626220504481
-255.63824545003553
-1523.3006329016007
-124.48753333966093
-1581.531132556067
-136.06520398045168
-1569.8005929006458
-1.4300117891188608
-1488.5375766312839
-118.36414414743788
-1538.566834520474
-240.08370472913975
-270.5679044302024
-1511.6582381191638
-377.3332470443258
-237.68256702810277
-128.63193590078498
-124.59470716045801
-286.41506172344333
-277.0302302245198
-1549.2421088882045
-259.35185758826515
-1569.7737539730651
-126.28141267724237
-122.00739855714858
-1583.8163266099855
-1553.7058334393541
-3.6178150044192123
-129.2362319974288
-273.6794964121105
-482.5716172736565
-134.1386111328224
-1600.4018516522674
-1508.5412176350667
-1491.5827738215974
-1576.735504079902
-1497.1123033944846
-1451.0490534847493
-127.64746443258785
-1324.4955111475492
-274.4739015783956
-132.36240469165045
-135.92177781264112
-271.3023596604096
-129.08113314762264
-10.150700829564874
-1518.2995739237394
-124.23078075369428
-1432.8404112848634
-1381.5910494705956
-1391.8884530442783
-290.06017480587076
-273.89564993308005
-139.07409347773233
-142.2673911516336
-267.2424268282062
-388.23447539910944
-145.15823681211054
-366.03723693562864
-134.79185102877375
-273.52356019744036
-258.213902373659
-138.88913248259342
-262.5911726996003
-650.3038959871034
-511.37589725522474
-767.4529146325715
-800.2313595406976
-486.21155577507585
-128.37070458530405
-399.2653831551609
-140.6211729418485
-130.80123111009675
-270.25006245623274
-134.2622010963864
-255.79624876624655
-241.7691789822911
-7.097889062359313
-130.97692207609663
-137.19628973570946
-252.4049955662131
-247.3282846082531
-133.89121460767933
-134.96170130032817
-11.527102616004854
-251.7077095469937
-134.32244669139595
-123.11418632783405
-130.2374320339127
-128.20391183429442
-248.98255582852957
-126.39062124136558
-236.2026838927574
-132.9177352668677
-257.59327366679247
-7.3058936189366985
-230.31970163665642
-247.9854590344462
-121.744129147364
-134.98738193014333
-722.3419431816754
-486.6507992348122
-127.01461630747622
-370.6060445327423
-267.4012891451227
-143.85929768763046
-137.99127081234855
-242.13000393238985
-387.5723366739416
-125.46896625431461
-10.929350388657618
-128.47502687899873
-136.47740100581
-276.89368210597826
-264.94796137378415
-250.39396871635722
-137.45157652985176
-126.47362317073781
-129.32591542035777
-142.70052939181164
-139.92284507728428
-139.45724679979196
-391.33573094321224
-269.3300488195759
-142.13120383309806
-131.5555223391857
-221.06054387086365
-351.4878597343715
-336.5381209095723
-13.438200417563746
-132.72794894220843
-130.60834486394054
-237.42075036910086
-122.46538198723364
-6.755589584733014
-130.16960182822322
-131.02744207135436
-2.7990879190688593
-251.62220251080655
-142.669479486196
-123.8965505428807
-314.53352319222296
-260.44394784657527
-325.8271269220793
-130.19184696229811
-132.61224093132168
-246.3463686931008
-120.47077966364016
-260.9032714152928
-134.51703032914423
-5.038905391951998
-7.596997527379679
-251.3318433593647
-129.1694384879308
-241.2530789123428
-117.67226659064065
-122.40109953813467
-259.1041121665523
-244.58859718201745
-127.47849268699916
-129.38587999822627
-126.35565985928936
-372.1169296255889
-133.46685550552385
-137.2807427879735
-121.06949449539438
-123.46628205229665
-243.41444589852767
-138.82405097017474
-11.096321469346526
-139.9958253161732
-123.987737458722
-133.90039049090055
-132.09977095950399
-252.8491616426174
-314.40479345571185
-11.101713776709483
-129.18275032429406
-5.625164746108813
-123.88685549662392
-131.7875214154452
-8.376679383132677
-12.295504229241919
-126.6629953149277
-244.8372246326975
-233.7069095740382
-140.14131925173857
-246.51925640293456
-248.03329454058857
-136.77170714676237
-128.11558316551375
-135.83640854175408
-137.7578491502116
-138.2406319404184
-133.13919819703895
-262.0006610979543
-11.377556157341823
-9.620552918005647
-392.37386136874204
-268.2647341527453
-1.5247452426097905
-126.40687778568353
-1.9847296139048487
-115.4815755726231
-1.8399915420340107
-130.99653820475677
-132.56267594463372
-273.54006157223483
-127.61504835466752
-225.93409632222813
-117.7432856175933
-651.1795409371666
-132.70758050597786
-607.581775533808
-244.67268720902933
-132.86325871615634
-127.43569173172025
-347.3876561890159
-120.03888201891709
-259.5307019926499
-4.709982815218962
-122.93213401331046
-134.28300489403938
-4.330607602391715
-119.38177398239175
-135.13805672527457
-7.509546821237793
-128.68940821414836
-254.90207813662929
-260.344309089325
-286.63865432598726
-136.11026946435743
-405.81824365995
-12.851195732327726
-136.22560423104753
-133.293833415741
-574.296348244078
-251.38467345017884
-938.4039580954461
-130.33559063720503
-240.0627018958841
-6.552709717125923
-120.31199073586721
-130.62310536999854
-124.56488102118621
-291.73358950036936
-133.6428695706025
-323.67543022827755
-18.719615988033077
-483.4266924230266
-275.4068486053884
-6.8145564397984915
-4.656756124265455
-127.51148294902502
-239.8684870996294
-130.7654268872744
-132.05676964523715
-245.14094042353764
-133.60394236055106
-131.4357076194047
-236.1935543843448
-248.36392175108824
-131.2393915980179
-240.71032063685468
-3.5337379291078164
-256.87629514779843
-341.7304215195369
-126.50815349927979
-131.1334189407192
-117.01446977558902
-327.52311906249275
-118.47792502108364
-1.8863888751745181
-378.548181498705
-233.85625929525526
-6.630799855333906
-318.6056701553113
-136.31117906782362
-251.7907934423335
-120.19214931133178
-135.78881104941306
-132.76619551178445
-257.6963051184511
-132.56109972142326
-130.50876783532138
-136.99967573829105
-243.71124076630318
-132.57344148935448
-133.2483672428513
-247.3964398492847
-117.38914885962248
-132.22250150104608
-121.60575840993894
-123.49727558051967
-3.7031131229175718
-240.0529509426276
-1.816283984032807
-706.8586086741896
-128.99148560765607
-0.7647465924948074
-231.41360551640528
-127.19296016245957
-263.12508544891654
-239.0420511553559
-114.50029182357474
-125.74165753251438
-270.3834854949
-235.2406709572639
-373.0693458043186
-233.17742693964814
-129.67980003771925
-243.55665276234134
-125.09661989387493
-244.01914621554636
-127.8422356555208
-131.0707812439363
-123.39863514075508
-128.78624991123533
-4.744520387994485
-250.6116486451687
-227.75696476845792
-116.17600439973879
-127.0697917522164
-130.73928475881397
-131.35472991777849
-233.41667836966565
-123.28989816060752
-360.2504247082917
-117.64332917605373
-131.0362097301751
-129.74540708241724
-130.2539325885711
-287.4258464734104
-128.40139442588975
-241.24027746856214
-2.0477687178343467
-5.512585883225992
-122.62336728278434
-134.72802746936372
-130.83285483302518
-129.54399672658428
-115.88515179934764
-123.14007977966939
-247.06661812896385
-1.6945817058841102
-127.64748012252998
-5.473797961306769
-2.1125880306084155
-130.14184994503017
-130.66259043474597
-130.57243484422202
-249.2277763569199
-130.98694229543943
-250.18944283399233
-257.9743058847752
-127.44281863628532
-128.7653872204237
-251.25989147804174
-135.9528029652189
-277.6882153476289
-138.52643231364732
-130.75461076497493
-135.24970846301943
-251.45397397085353
-141.36081799859113
-138.1345590170903
-144.0995267664146
-264.2356494442959
-275.0546241056535
-268.4030378284358
-273.16769697815005
-20.480559556598575
-145.44639332919118
-269.8867017066442
-252.89735493221636
-404.89407631917345
-130.85005725436622
-127.98410712183342
-243.630024317525
-130.67359142991634
-134.12375421032303
-8.006707636060522
-138.96753343312517
-257.8467845948306
-578.3721273852652
-240.02312556253355
-284.11572455179487
-136.77819789455296
-118.98773032411151
-394.2710646989765
-132.01804809909967
-129.0974926197256
-127.60180806900607
-247.27138384566524
-256.0228648033574
-131.70164612954179
-130.49509436554368
-244.1759341942149
-124.87701991334762
-124.88327316353062
-232.44963514440744
-1.6087636822185656
-342.92123593226574
-122.01496056248533
-119.82349193057968
-128.41698463503303
-0.2896913687358102
-125.05952843932714
-128.88153311038855
-130.69527241020728
-236.54012782824321
-0.14040186746002384
-257.1994003806154
-3.795987676494383
-255.66351961925344
-120.38670209567078
-0.32297990062084686
-246.63735268165118
-115.25474304965346
-126.196337580258
-1.4862507154267792
-364.2202109167956
-121.97214444575988
-4.020089764704438
-129.50588598359815
-134.5971522512556
-119.09492066187101
-260.84270982408066
-240.7433352896976
-927.8886344858591
-135.2309936307879
-2.0144811655716492
-1129.4913535772375
-248.34481722062975
-126.90723114181554
-791.6888633382
-785.8032069973457
-1.1962556525738322
-241.97260806206063
-129.24388292673595
-130.14358599528174
-4.3566815992658245
-129.55688387182678
-234.3762165401002
-134.31564334048102
-130.3525939627838
-135.08556476797602
-13.087820239392638
-132.03978451018676
-136.49337323495436
-251.46930847782988
-248.60717190885853
-392.8324342486441
-132.8163893049822
-130.15746716100432
-125.96050084442602
-266.8199227186276
-141.89470676388413
-16.794844738362716
-129.82387017688484
-128.44002925887898
-254.63222774622437
-3.6044618512444315
-125.08116646505829
-275.8553032277204
-129.330481178388
-2.524164568785638
-248.9017602994853
-122.75814583385744
-136.97862893129894
-138.00454933275708
-133.49266244688957
-266.75735876259967
-135.7804915934069
-7.245294648272922
-127.4212136623221
-246.1697954773503
-13.448549360162948
-133.24945688432143
-239.4912536090837
-8.321440757039186
-134.54260426563386
-134.68449300585962
-135.42217972940577
-325.356857747851
-134.18132950781617
-253.32853841329384
-148.16607858890413
-20.32163028998849
-16.36171727084255
-138.53247793452928
-133.9542406475489
-10.017347508208722
-128.22390618505176
-15.642790652613037
-135.99683115907894
-140.50093619273179
-135.3893140032644
-131.61007616874429
-263.660564754356
-9.07696818443751
-263.65597558422763
-13.427782807630619
-12.995343025899057
-247.36989962363023
-14.197760224742359
-8.190921149296363
-131.43661820945786
-131.62103344075481
-134.23582363562292
-138.00111557156018
-317.65256770824186
-224.9978123241864
-129.2297071084949
-134.20081122898222
-12.400643160465105
-347.8767266125426
-141.8595549198326
-136.52193812596013
-18.290487878437823
-139.31804964175194
-248.4728350104303
-123.40611520810069
-135.5726112219919
-263.08052915863885
-143.50295074809551
-246.7196364041906
-263.941072161646
-132.83842210979356
-127.9435723216661
-8.291934995408534
-131.3143494193418
-373.81721909257584
-127.69955046317307
-142.59632012860544
-258.60360375542564
-140.1793341356374
-142.45247708542078
-274.90266941211047
-143.55809468294296
-129.95528593571402
-128.21560406623988
-347.37785533365394
-13.724613409358067
-133.75065986651626
-16.269980393722705
-138.33533072589103
-250.71760899223395
-137.11286175887204
-344.3514003755989
-133.36048624697526
-136.1076383310803
-133.15568030707388
-135.3868120938298
-122.978905279602
-127.5036261346323
-129.96859519516215
-128.40610265169147
-132.61293977786198
-299.2536638248416
-243.8386001405956
-132.4980219232126
-138.6738990335227
-242.16523515755378
-127.2288010417728
-135.2344627010029
-252.8165081384177
-126.81148966580581
-340.7214096412818
-275.87051437489487
-436.6754842751866
-142.21548944128187
-142.73131932029398
-141.82230103485537
-408.41671230427124
-129.50494315931093
-141.8380797896775
-137.8905262639165
-271.92349088394616
-132.33717683648248
-266.645869028288
-135.385535090221
-139.4083556224932
-134.91297734681703
-141.11057906754348
-136.19729329196272
-146.76788438463345
-138.53065194448862
-15.132857413970902
-242.3009928456649
-273.3348541274308
-255.43893603692092
-136.9665259432582
-9.136411696288912
-245.99275807018236
-133.99886495271576
-253.9318103746062
-136.24476500528417
-248.82109342451
-1493.886450588673
-126.42089632396912
-129.4716646527502
-130.15120736133113
-240.74060981844784
-8.34372864643564
-263.3888251094808
-8.923911990368389
-129.44355773230782
-135.18329707188565
-139.3976583102976
-133.81656119859684
-139.26131199207822
-254.90663681806245
-262.2891274854969
-261.88859134149027
-143.04395755009412
-141.63507751636314
-247.62758369960886
-128.47772236045208
-137.0676787180504
-15.916080755182165
-141.56849098190037
-145.22558308423953
-140.0827456971399
-271.16837193178475
-125.9360254488645
-259.25435203606514
-15.114843084528136
-252.67976165456838
-272.5128336218101
-134.97863008405594
-258.30311553567304
-365.9920476468894
-135.95930776590168
-235.98292394047095
-259.8043449894916
-367.696040810395
-246.00833463029764
-127.36280254329404
-234.29409996070052
-142.59177224911042
-241.25378467748175
-137.28380866712365
-7.356550888923145
-233.02400923026724
-8.197752825135558
-124.27145379262905
-126.48125901220257
-130.92429040917307
-132.02551814778892
-256.6560377328681
-130.71779014477346
-241.67941559640983
-132.126418759847
-125.4812476555604
-2.5375494700776344
-267.6329041325088
-297.2391313049973
-278.92105041310106
-118.48064877990114
-117.77884660499059
-129.4089516297504
-120.40533777442313
-123.24509989180198
-7.537261579928001
-7.364674811073269
-7.772406009273413
-247.62641285070978
-253.5797952259122
-140.4087083164091
-135.58767757852593
-130.6014560636391
-121.19269586677638
-343.63883600220345
-131.24966619056195
-226.9753603195135
-116.48026598579861
-135.87980505238517
-2.3841700668717754
-122.2315685609538
-125.12187700608192
-3.8100510039435656
-233.3323163905204
-132.58820465498084
-244.4140143101636
-375.7036414295025
-126.58076777661294
-137.6647601670542
-13.448937860630098
-137.82338894389642
-137.15413941910634
-336.2048245635526
-258.8905538139502
-132.9328841419698
-304.92340208481374
-11.809605554803639
-333.4552837768305
-132.14992030554612
-236.5949666140786
-131.022239464572
-367.476528522465
-126.23423874958017
-134.31620237987437
-131.7604235032521
-121.14329012021724
-382.4744900501562
-138.02322154154305
-3.6251030404812123
-384.2203972483786
-145.65471624016962
-142.03563354994992
-293.3277379354045
-133.88657719360256
-132.78096200740862
-244.64646864153772
-129.97205664258263
-133.53848909708123
-259.8801945209581
-269.62300760524323
-123.77878596004966
-2.6425776123916247
-4.7369667924297865
-121.660336370992
-125.75101649075816
-129.26109737235004
-246.4047424303398
-232.54292062471004
-125.03632326299876
-390.87666918500577
-119.71114371004624
-310.4759142062975
-130.9451236028066
-134.98898203409138
-126.5617415395147
-119.0633371845508
-0.4282634903922319
-254.90440070724566
-118.69623052895989
-118.01562219891683
-123.89147387891236
-246.40909126481952
-1.2263076191414728
-2.0431620042174305
-120.28727386945911
-369.7928487149073
-127.96631760644337
-128.56306983133797
-124.21212781611746
-133.72948695765814
-124.75856120192672
-126.06857301580763
-134.22202975669964
-130.5498774512992
-120.63784846681676
-127.0215718320611
-113.12205847622195
-238.34521041566083
-122.3424827486892
-124.15931700463874
-253.32839052349127
-228.53572796609902
-365.0574273190883
-254.47474297834717
-128.80535465478127
-121.71433487919171
-248.58744608841613
-243.69633174191688
-130.19728764949372
-247.09636632706616
-244.4632718005724
-118.17415882101506
-128.9868305724802
-243.5409402507821
-116.67950510766025
-3.5413131582717696
-128.56684229617997
-359.6903119232661
-5.034468797799319
-131.2624404202342
-130.17310336746007
-130.81366992700328
-263.2659657990162
-116.25935609087465
-1.1292669200971013
-234.1668209406367
-125.52393495152636
-266.4310979883872
-127.30396449207419
-371.5364835864338
-298.1615592430654
-353.61944881582804
-126.28920380179265
-127.53183589770836
-242.795032017086
-127.5073121399659
-1.9441475904629348
-128.7012332683241
-1.960229137198643
-125.07005803114752
-116.7955511384644
-3.226754194426116
-128.64188064526533
-244.7598094138126
-129.66561646101923
-1.0229509231192842
-126.01036176969404
-378.9101304016932
-135.60370565812028
-3.3233418544385445
-240.59725621018967
-3.4874409993673403
-128.203819633333
-133.7144564347992
-134.9116989165977
-252.29713894256093
-3.9795028006529916
-260.10814016795416
-5.911837605044882
-241.80275746321533
-131.03434960184862
-126.53313905420332
-128.95461748754923
-128.57178965410364
-1.0837166355313737
-515.6270640077404
-131.62663429863622
-2.5208920618393176
-131.79502404114763
-129.34504571828526
-128.08314460171675
-119.42152524270185
-0.8327343063296669
-241.2513958703138
-1.164293430630312
-119.3803374056169
-383.50126753385933
-435.66691979474274
-1.84232208580785
-384.15043392661727
-134.0202760611967
-2.4408909146675493
-269.6461491283127
-126.39052200347481
-123.76266496886763
-4.932084543713597
-134.82407528845437
-239.71995881247526
-4.720855942100343
-268.59927346714426
-269.06588889379645
-126.67371757527032
-246.3382202508474
-1203.6306826075104
-1216.8601742680687
-4.4890189132869525
-1368.4542946599458
-124.02130873737532
-525.4709035136948
-372.4103186782426
-382.24388465179777
-891.2802178098875
-778.0122679513383
-763.7811078469191
-130.9823400912182
-1.0093023930359863
-118.93406841606313
-346.01123244290494
-118.34333593727797
-127.96951555438132
-128.92152330390616
-120.32560803831974
-118.12997175055963
-119.25977355574764
-131.86806458331924
-122.4894329156384
-116.0247228282135
-2.149897601094904
-115.56801995657837
-263.59846273104904
-2.0256769508341606
-118.64411448822455
-133.57117900026404
-115.79509009847851
-130.4650201182929
-1.3773284956641054
-3.5092199019272696
-130.8309086764558
-226.509878007051
-116.9202563811379
-117.59793201364482
-124.02369345861713
-325.3441050268316
-4.153565404650242
-120.99634653849209
-251.09178902566956
-355.0227902239883
-247.81910806430466
-134.76860909676506
-133.01831387049768
-130.7004967262689
-321.7376764496144
-134.35312932448215
-226.61848303614673
-128.70244137287852
-231.8020022560109
-133.56776842677223
-131.5874152177434
-132.14255515581178
-137.77950721619322
-9.454165788509304
-8.462914028967676
-121.92853952087633
-234.574939970117
-129.90126643442966
-6.04197177806436
-348.152653032957
-133.78081356870854
-257.309969310288
-116.96410456797344
-131.0366407178309
-119.59987315247157
-129.98740257435486
-128.42251099068076
-240.56870776762167
-931.9506962787831
-115.6294361988166
-126.00969188063272
-243.15735445191973
-1.6158762557619268
-1071.5110148328995
-117.38235656369235
-121.99421354384161
-119.72106675028
-255.84571251378694
-126.87229884191144
-128.38276774039588
-125.61038102871186
-128.5470646932722
-126.93569016116349
-231.48173586232912
-1.1346904535990798
-364.369799129654
-1.24022466000083
-1.5005660498674045
-118.04131201618846
-130.23352396148536
-235.74344375180877
-234.10227200756734
-116.92808086125092
-138.4158995651588
-121.92157984546999
-805.1811233043925
-127.91018558507302
-249.2377744998814
-132.99020942446222
-250.68544849743992
-121.96857486414125
-119.02804398413913
-123.17999342031344
-124.66036072375091
-230.46913672557736
-145.64653208573864
-127.6848800483864
-128.6290703983745
-122.21452296456869
-128.22682500685139
-118.63675784389908
-128.04394631746896
-128.7344617527377
-137.73304931345083
-0.35325751041290193
-123.46933360807712
-0.3657662052493474
-258.0535721481572
-21.101999314176968
-250.29938027255042
-247.67481057367908
-243.14946092024394
-338.12393237798267
-1.5437164551329083
-16.37773753548725
-134.386669989171
-257.50343025784144
-241.65727863844262
-118.30467517241324
-132.3040281182729
-123.5710910551893
-243.2830724619695
-141.45488426068874
-249.78040532212714
-131.2568723052277
-14.419429567069749
-258.8725296781615
-124.93372787867759
-139.81694137637024
-270.8958965831484
-138.76677770351944
-8.026150300411526
-1494.8198352607462
-240.84681971874025
-399.33055000658345
-141.89516440192403
-134.26390834172463
-231.70414867833537
-140.0229811986522
-151.43876215258913
-256.877768970996
-271.8300124873174
-127.77355957154937
-259.0124165072691
-307.83050973315466
-125.48086145038229
-254.72571366385
-905.5212532875371
-122.17083299530158
-136.03400546354345
-118.29772533847742
-298.03984100400316
-122.87989654105778
-144.5903647303218
-147.40829537859415
-23.2490218436006
-240.6031941046553
-378.6247787835421
-129.7341734708282
-233.04829303787642
-132.39545703844152
-12.488771736483958
-236.48793663953492
-132.1957398462852
-130.43380655883308
-339.560916442055
-120.67342397304702
-4.807325696163727
-124.79283155117949
-135.5711691803484
-123.87720982223966
-128.36266900852917
-249.34397446306892
-132.39537552319945
-1.0631550907146414
-236.47793213121756
-0.11549180418821116
-128.48870454234483
-145.6645876592577
-136.63907525288874
-114.22902189934366
-114.00956207716231
-142.49757799788026
-249.41572159217804
-143.15795045656301
-136.04020246882465
-1.1549369208733646
-127.20512856406198
-1.0459912216240788
-19.220845360898846
-0.6256904339057114
-285.9777122348393
-131.09504794650164
-253.99558027630593
-121.83522041075345
-278.19188710250637
-129.40791657570134
-139.4253325694284
-15.22556329493696
-313.6249442645346
-138.76458814476567
-129.53502384260656
-144.10928379608737
-131.97661096603682
-246.7155279991276
-241.65275364850342
-328.46541782252
-130.86244164740228
-133.82464770913188
-138.79400697789413
-238.2131854670134
-254.55643048470492
-1.025775673461717
-265.8143400288833
-128.02924836033938
-115.19576737219266
-278.73645775939343
-147.9683128579969
-149.69561831380662
-252.15823724912607
-121.10110159785461
-131.27596714137323
-134.55023834667443
-0.09999136778329466
-122.81525538722792
-342.80267126751824
-126.84864845508966
-129.20353329637248
-129.34423985204103
-2.978124292341884
-245.17612938623168
-142.89740058805683
-250.7046798230206
-312.07673729690663
-362.0094735872155
-247.5519803232715
-123.16465535783051
-119.56153615121224
-349.2757352278941
-130.68474490931894
-238.93557435689766
-373.8661123168806
-252.6567777913028
-137.2627102965276
-140.9562957486471
-1.3682674513280877
-124.68329307608929
-147.05003147244528
-18.825001394014162
-132.66662180408647
-15.15475544906538
-129.1562688840193
-128.26547351093149
-135.56253833628705
-142.84411475442525
-16.72345720975553
-141.87652768550086
-17.17079773308455
-129.42186704069903
-141.4558001262401
-244.20580652241597
-294.5087086012454
-140.27035378701905
-142.74640526424363
-15.743183408673188
-252.6701078359934
-258.69273660779095
-139.8714807315376
-249.26940022986963
-17.28904340509024
-382.0124408441021
-365.70579642509233
-143.81010758766197
-240.72352653218846
-138.28038908116307
-137.59696385491733
-10.12020115796917
-252.7391875418142
-137.71279247584263
-248.8268219989881
-129.48117825047396
-329.72784719275484
-133.94928290849847
-255.70368708748106
-23.049349814056658
-260.89717489902034
-147.35929444034142
-23.109258278824846
-130.53522636950262
-242.83976951118035
-139.97470256418057
-136.11152490315882
-19.263736818439156
-142.64378814674777
-136.46599247200683
-128.7294958256506
-135.7377950051783
-129.53221846977158
-138.60181301182806
-130.0411603430234
-120.4521354859042
-256.55866483085464
-353.66635729448376
-22.584887029345282
-132.14082533199888
-277.3028338212696
-132.61404025867967
-123.09127394148885
-118.05157206145603
-130.90594651773156
-277.04683233284663
-133.93791031919218
-132.60549054243245
-114.54737126994932
-242.58906911560163
-0.33324506418332944
-130.3799472588258
-9.91985866011156
-12.082343693090255
-140.69901500652125
-136.1613033067494
-11.080099897049003
-247.63577882621277
-141.5305872896245
-15.116677100629209
-16.31888897757472
-256.862745541217
-247.48066674160773
-140.67692727617757
-280.1739767218874
-11.426701650796927
-8.8679126114596
-126.58815313287893
-137.08012189116516
-137.76744857776401
-135.11568220711777
-256.81987453593615
-134.72411146003265
-248.68929042910298
-1.990632932487253
-130.44631368503084
-309.55178990377715
-241.25693303006065
-128.4611534633987
-245.46229620197082
-5.158666212716833
-135.1700100392163
-120.09310533108847
-133.58638754041183
-135.45729427295987
-131.52388619437016
-135.32121061652424
-3.776100334978211
-132.9007212314781
-406.541326236072
-132.1093977235351
-251.56538246069962
-129.75468768621113
-133.97465830095416
-259.1436731153263
-247.6430553021754
-132.1022271281189
-346.1931260721597
-121.0554729914149
-2.7088110912089203
-123.07261511446792
-120.91559899596898
-127.19066981235196
-284.136568182837
-122.48205268036114
-130.5817033929375
-247.5676495511518
-136.05019710967542
-132.93080046062275
-134.94288140464184
-133.33316690207636
-282.2326107768822
-249.49005509436742
-376.82845674026254
-5.5160025988914185
-135.5045986058887
-252.2659802023147
-140.63849356767952
-259.24382142352266
-19.296409214975483
-135.4054201012294
-359.03122723523063
-272.13644579671006
-139.4335623724228
-302.93371161581183
-236.9724441140541
-265.05475644642576
-265.7416422007496
-136.74143902568235
-249.72982383735214
-126.67296792239985
-115.52608653343225
-3.3287618792593436
-125.56282721967703
-122.2575581349209
-238.5090896738953
-133.72733769205115
-240.35517856998507
-346.24686448242676
-358.1494113432394
-118.48631871477404
-382.6642750649871
-246.57763000008288
-138.97425354772778
-250.58747139840182
-123.3378817687362
-341.5925618854749
-144.35117102436624
-133.65688348889583
-141.90557596822651
-247.0361485594419
-385.5630660323007
-249.23715142672688
-9.462445083713927
-9.375247326870284
-8.153309067977569
-263.3114513452478
-136.29553747453795
-8.708506245408472
-121.17769559362104
-7.2255933257329
-322.4345807058367
-125.94294924482182
-135.38236891667475
-1491.141353088998
-249.6293180802625
-5.464626498878917
-1494.4554057891498
-258.38316396402917
-134.0006286913167
-130.44853764476431
-376.4424372700687
-271.51878754886883
-272.43369349264333
-259.9539866866315
-150.22917393597155
-26.2589450578486
-394.2913914339395
-24.77628114606819
-550.8468704973052
-138.60805503762026
-241.56645605775566
-14.828335809823855
-15.393851881021082
-266.3492766857253
-1505.3926041049494
-1502.02020230501
-1495.5543455191394
-3.9710938312266784
-1062.4814539803401
-7.157555295854901
-127.05543838225636
-1496.9903343545823
-1308.771528651582
-1329.0475046486627
-1172.824205066573
-140.03818213581567
-1239.2141742921451
-1441.1984657814585
-1498.4832478721469
-139.5646511387492
-140.42345118570188
-1057.2064353062688
-1368.320126397487
-9.455956452722623
-137.38642013130718
-137.27290293538817
-134.83130140151997
-1061.0148967499667
-140.46099490197787
-1233.1318051095152
-131.0934762925053
-139.57638547566694
-1502.8504672215763
-141.4415667283673
-1308.4081682013393
-136.8609463183069
-13.976866017310524
-16.793716720960678
-949.3263993778415
-1419.7992515710305
-24.404874456357355
-938.5851502230579
-1051.5620317410999
-787.2463465402885
-792.78072189703
-945.3245491819827
-1341.0336899396116
-14.413079835325828
-397.10033043445685
-1458.4005520707487
-1521.3824420317321
-14.527770847769997
-912.0664588804996
-130.21405915916523
-18.78204683946846
-1305.612328196638
-1078.5998456997793
-12.979774783391322
-1523.9506493206927
-1241.0088919362463
-120.94842712702035
-898.1654909781352
-2.9345675859032974
-1190.7813193708132
-1116.9925606310367
-1211.7737859541862
-1155.004667216026
-1315.6016796672386
-1496.9852592869518
-1452.9960374356108
-1503.3427165890025
-1270.3109668278644
-6.254136221608816
-261.11464896680735
-395.4308853919663
-2.2675238326117566
-1.7714103945976238
-2.5949878169847307
-132.47348210566335
-123.36357702418488
-127.98221867665688
-1115.4036722591813
-233.43167926599975
-127.25157302657098
-2.5147651436620015
-263.9201075466578
-134.92297738409678
-120.69284078551064
-117.7379243621494
-335.41151111342845
-124.4016474145706
-359.9664354981481
-380.8115381626028
-114.92285568781536
-254.79568559514823
-114.90659616352902
-914.2927236813731
-133.8033450036552
-275.3710827599284
-263.5992251306248
-123.68339461262941
-258.3296107965779
-385.4186088714245
-6.784604532167115
-120.0043818257096
-380.54623372863074
-119.80176898950313
-131.7872832790923
-242.75246741017042
-116.32287433671125
-132.55203948013224
-132.70483250170187
-240.45976056524353
-136.4841282215587
-125.36932461082863
-301.85412070186646
-247.02157649818642
-7.817146514889482
-254.0265477771021
-123.08547948020603
-3.4222348360378945
-1088.564250322694
-117.37095298566932
-245.53172036115055
-125.78772133618484
-388.7445985986039
-318.52273796096847
-127.39843133752301
-266.253271649401
-312.39287210371856
-327.58489527085925
-382.83000927711964
-140.80078902402275
-12.980091052207385
-137.8202125403829
-370.1118447836269
-139.5448358432614
-267.21586274404666
-14.251434137700368
-241.40619651366023
-350.35008740843966
-121.13169638453105
-7.838212975806154
-141.5805696274165
-240.48171329886532
-265.43573070580965
-528.1227014114062
-611.0120747252331
-260.0278416679962
-255.9014371184807
-376.27165977331754
-269.7145448455226
-373.27475242049746
-19.27354691086504
-512.9013578399145
-258.2746324707805
-132.511165320721
-144.525892991094
-273.1328540363651
-145.38233575094094
-20.703379613396187
-142.92549631912064
-131.2771232850132
-142.96264883739417
-141.62695473897563
-905.44254790501
-130.60665266887796
-139.62662666168362
-124.40729732745348
-395.7291491298852
-9.49948628434882
-125.33188225940212
-128.1901645625769
-244.60970288328724
-134.41072099244954
-132.09176864187728
-130.36417474725044
-141.21098151991637
-131.35219071121995
-139.1796836097371
-134.93227576868586
-10.092993112908841
-12.178282930461794
-245.05486239435777
-132.73097710619868
-134.75695105150524
-249.17747190097822
-127.15468138040427
-134.24850796556612
-136.81676366809577
-139.78144698069232
-12.886155399879371
-131.6450140890366
-140.34776370149189
-131.48046183859284
-140.58238692282663
-382.9880991975626
-12.570574960246311
-790.8741228244592
-268.92677253152266
-135.30984754349493
-129.9542844629982
-127.76523940092174
-374.25068940929
-246.58720143562934
-10.992308499454353
-11.28765161668916
-374.5939136611416
-336.6826850999674
-258.3852957080372
-496.7904355082855
-142.6958251349708
-383.8169997711559
-132.4655854831389
-5.32112453879007
-127.90861266689036
-247.13281822036345
-2.368172743286854
-123.76067774710972
-356.3168161325339
-1.8555079135057448
-132.3810385938412
-115.25162787313563
-325.4442472136416
-266.20919684143246
-366.0214383791566
-265.6363433242003
-1.7234373697757823
-257.81146169282516
-234.4565676395987
-135.15939778384106
-1.5611376187392394
-1199.4376246457123
-128.21187008768854
-116.18719177565816
-1215.664938637827
-132.52143631956918
-1114.4461793061182
-123.51256145002627
-523.9840807485896
-252.63707945327513
-8.154214961306225
-245.46864057839028
-242.22199479359097
-121.65584543560362
-8.077724411890895
-127.80957257102185
-7.794525838357798
-272.7718108070294
-353.10087462858337
-266.8400794142806
-380.11988285043276
-436.7738596781236
-257.70611757175465
-135.73255314621306
-130.45080132850347
-242.45529185010133
-346.33193138685886
-248.7369979548542
-119.75246482293262
-235.5937910698105
-230.32261701909627
-252.657969277239
-253.11174933826118
-232.53989826198068
-125.68947211471523
-235.38896890173245
-244.725968723575
-132.6524946711089
-132.1155965796628
-134.65787069100656
-126.20120805829676
-320.56530766967325
-259.47187526355253
-291.12217395060134
-121.3755628637366
-132.36127207748476
-253.04899775585605
-132.95331685869485
-1.5896080574224811
-125.74643237407014
-128.47998317210894
-120.43036708679527
-2.7642095676962497
-117.34329535849336
-337.85978605649643
-128.80074854312883
-127.9630194519341
-3.0338947781765917
-249.58218401964322
-250.42473307070782
-120.1771956661085
-235.25155044863627
-116.79669811902009
-382.453341225933
-267.08569594449824
-502.86017323825564
-135.55111006559397
-489.83116411681056
-126.58554502485683
-242.10971346662575
-240.13743826581754
-221.12801790976033
-787.0895534822208
-120.70072477254067
-122.37998697132099
-250.1992940090214
-128.01898874688865
-126.09063189692566
-376.13385519489486
-127.41418704785792
-264.5806775886107
-403.6526889065615
-127.38703919793579
-137.57524370978172
-125.47848027380151
-133.92474715162973
-140.46493550993074
-123.80444093787523
-336.8594541951848
-133.99156157226153
-7.857920707753449
-250.77688118661712
-136.3631843629252
-131.24431938900386
-238.3418230780609
-127.7095123019704
-128.81286227115095
-136.21582284084658
-323.79678000482943
-19.396789819626253
-132.609810271025
-18.409424562215186
-135.54860046105267
-138.40936282875137
-658.4060130648927
-398.6117838805831
-131.59826797957717
-255.7732631868701
-265.371404371753
-546.0430959364693
-268.5977945628484
-15.141851993287725
-383.446996468013
-132.63690543004168
-143.09339982492594
-254.96305187067105
-263.4616232754815
-126.55282727633924
-261.9954463259087
-135.20103029424004
-137.86125302092944
-124.11556756396624
-246.9401933677925
-128.78494240645395
-134.83751080662987
-256.635965271814
-236.69824380300378
-121.91561038289468
-4.365720598146764
-239.502528201135
-141.5097683669456
-260.01727084607967
-258.76859944731547
-262.58777673788177
-144.9427689880637
-136.60284819883026
-133.52703128686096
-15.744669332316718
-379.860312617355
-250.88521673269526
-304.7281620001115
-145.7780459359747
-463.09856606131547
-355.6422550387381
-271.2885426508204
-138.8780720219617
-16.02846575321188
-252.952866071097
-244.7025935832781
-133.60394745380492
-21.443402203025045
-145.59865135776724
-137.75279629610222
-251.8988416278907
-341.3565054252345
-13.158335277710044
-141.4928908989458
-154.41936928342025
-264.03304327951287
-271.59901481132283
-387.9113818332438
-375.60029202148735
-132.00956106978097
-17.38538223982345
-267.6737594734643
-9.252060116127833
-126.9254483556379
-244.59890077915907
-130.43479341239757
-117.04625396250466
-239.01011253840574
-119.72695644216643
-254.07687184627414
-131.990544679255
-363.0377642890553
-127.68134081855725
-238.2692796296759
-4.8223120760865905
-120.19366642587086
-115.7522089045953
-225.50155338538508
-342.3673771848188
-116.38081554729364
-117.33972049393988
-127.03380138838881
-1.9247300124903912
-131.84491933545462
-115.36797138272259
-122.01547008826321
-129.9740218407032
-129.782521816245
-226.17897568784298
-1.6729736788458884
-239.42231296730262
-119.83137753228127
-117.68951309916493
-4.3686588776498345
-361.11983298177256
-230.5108528542024
-248.4207475464671
-244.01981306069194
-124.82776532090469
-3.352372848499734
-126.36873660916073
-116.5486000229994
-128.2765216419089
-122.67688665824971
-119.65920580497698
-231.70510286935033
-130.24229473243966
-117.26604594927464
-121.81763351202318
-947.4414872116454
-240.93833690240103
-1029.3212335957658
-1048.6745942974592
-1056.7403818516334
-1049.255028430527
-120.65307378105398
-126.18512972179525
-3.143038390344922
-236.9635978579289
-253.48152765066843
-2.3047146066935236
-250.5603534951069
-239.44091080975616
-116.56385744477642
-2.611124833024831
-131.8819115666591
-244.7793497950898
-128.21901052704678
-245.783861106823
-246.8823754799781
-250.53692501304565
-125.96060791068366
-132.64354540596221
-2.963004972780017
-119.85736587285051
-121.53567879213419
-128.43146413301406
-259.4626601011261
-1492.605511247112
-366.0243584971406
-260.548090636066
-5.027428300050667
-256.355943484139
-142.27680576884174
-135.6942429390361
-400.29251466636265
-7.9619716535757945
-9.872637287653697
-386.91166050637645
-1496.467111733587
-132.71976062191868
-130.35204924202472
-4.194307105215978
-133.11066858574867
-128.99314510211383
-4.511880512859324
-266.6577085948789
-134.8001990734381
-404.78385109509566
-117.47496242480099
-133.3508256663973
-133.88923843519862
-132.13535861950703
-118.07152511907566
-1.902698457532722
-128.45372573903842
-2.428719558905615
-130.13154700736624
-131.85705306359955
-261.3790864389418
-129.32607989352476
-125.24781465847715
-1490.9223366130086
-409.9599820143954
-128.08944313544805
-258.0944890538167
-119.81141996600776
-123.06502062971103
-285.8230387146233
-131.46851925004984
-132.54683004555156
-114.5199861018081
-245.74438796264465
-131.234476190965
-238.0488121219282
-126.94972321695873
-130.09581858661338
-252.93619202282642
-120.62221585932642
-1.7384591987513367
-129.97154686090107
-128.44633314990804
-130.44964936985394
-115.22269334990334
-1.5548837829571007
-133.24461043344138
-258.51054675046726
-259.4683596873029
-128.32520812639976
-633.7282091123176
-2.744906943901217
-825.1217223968158
-1.4578128887328206
-123.99916680094053
-372.1870545642613
-263.58009916568403
-125.56230517987365
-126.9102581573904
-377.22949188377504
-259.02395977437413
-117.76107652375697
-117.20369398320668
-129.3238898167645
-239.12285235760822
-131.57141118221122
-1.4877402371179578
-120.38516012461855
-241.72711946945992
-127.65119609673896
-267.57363375139914
-128.31839694843833
-125.36597179696705
-132.58019840473804
-252.91959513016798
-5.449395726846149
-117.63801016894509
-128.43812123429763
-654.7006365254224
-239.42818158400922
-628.3550729748124
-252.37997461962732
-126.96861050339965
-127.16546245816237
-124.0033796777662
-362.7824290906248
-1491.033998766738
-371.46763919004763
-122.43177465989082
-128.9164556114303
-371.1821840742124
-357.17840173486593
-244.4339894947656
-328.6390453618599
-5.153805304110707
-118.45526632902174
-349.6469803486375
-127.38769036411895
-268.9755916078414
-129.4175169051658
-233.45915369717585
-119.52147405499555
-244.45117989980074
-120.38472669185896
-1.5124885353747684
-127.56276403779962
-125.18684579315995
-274.8769759361738
-134.75630787554192
-247.20282875609126
-254.48567426703715
-125.93178268823739
-362.52260328513495
-116.53267642862372
-132.52466080294903
-254.36904647457126
-257.0427507611959
-2.378382162829132
-116.85260641381763
-2.2084588368714537
-2.198529744225368
-373.9914891144952
-130.2368923380694
-128.93146373473067
-912.8918448743801
-130.05022742833634
-127.65564063411816
-1360.5482981313949
-1394.6691200851142
-1268.3059033336344
-1353.5001558782506
-4.218071355703765
-3.427712320279601
-1077.5676856471368
-373.8790186461877
-138.64282402014726
-126.06782583971817
-227.67516047850523
-251.42355577455453
-127.77735702446991
-261.7022251985595
-118.85838488559243
-243.14734267603163
-239.41835418578026
-291.836755884111
-234.0300253938773
-127.94121454237089
-6.264153661884729
-136.91739547534485
-130.51282288907845
-131.82673676992485
-121.5620978980846
-130.75979538969128
-266.02879861703144
-126.53537952704463
-118.89536518698009
-125.21301874772979
-5.081416663529566
-7.800298026473574
-6.710887597464438
-132.63340854624607
-131.8869203616241
-798.8290059531649
-141.77676642007705
-917.6787812554104
-1028.8159180468635
-1035.8719903992003
-1045.9704022252924
-938.4795319589456
-269.0259452037789
-2.9738831513313153
-120.64587056125806
-378.5739330435218
-259.58895148582207
-277.8196890032017
-258.92178625511514
-1.617467595738171
-121.38328723083434
-246.95933387848498
-132.074976006323
-3.3406690834431165
-125.40327351688465
-253.06805971118072
-251.6493061755694
-1.7852353039128834
-120.56482723100727
-1499.4910422263279
-281.1727017482587
-480.83650182702854
-129.8969079368917
-2.008019266216411
-1112.7793458250467
-1433.0065794903574
-1266.197345370218
-123.1115796897271
-249.09810715621816
-948.4516544836663
-1493.612647793688
-1396.1308340820906
-121.98237248783067
-1496.9793761076314
-946.7205715471409
-120.82317619167686
-123.76967577158499
-953.4238557720961
-832.1972723176341
-912.9559564646305
-1072.7471253094218
-1524.514482329967
-127.63486553020209
-1322.4997622812887
-129.50546938617273
-1512.3315644505603
-1344.640337170814
-1497.6924594792952
-1512.1841657303335
-1491.8380259881476
-1058.1118548826564
-4.124300503891527
-1262.49720365053
-240.65284008944764
-1497.471148372326
-117.69937421956915
-1496.4878260893718
-1384.9603188321737
-1491.8354789604873
-1069.5889972598818
-959.9859945524449
-1458.5596297429922
-260.7964656649723
-5.622174591549836
-124.36555634814742
-392.3234934824368
-130.97351690953712
-1009.4032470539773
-1065.0426312928314
-127.78048746567463
-1495.8102816081387
-119.70398484127274
-123.36820924449458
-1445.6955406174006
-1523.126312036255
-997.8380763406727
-1503.8322820469255
-1486.5865473814401
-127.9052901335479
-1207.7984088993737
-1341.9200374854845
-114.26308243281125
-123.54570867260462
-121.60541707255582
-128.33018563207543
-127.66447306466665
-128.1333471349071
-1497.1495087967276
-3.12852629415053
-836.8244827861363
-1067.2427057934178
-116.26317369562851
-1087.539190029408
-125.43414771581973
-1491.0353026634261
-1494.6161210898226
-1.642089333644579
-1.9517028676922614
-1035.5168491293666
-241.0539140840527
-119.02085768020702
-1057.897838770305
-1492.2660516842927
-1019.4458832398839
-1396.3310374763644
-944.2205053599766
-128.82957625271885
-955.516887806695
-3.0858740154728452
-127.5711538031883
-1180.8424061978687
-855.6171397345939
-127.50368441244984
-956.3789248533457
-1500.117079755602
-721.3841998643283
-2.964865667283156
-4.335068926776381
-129.14870843157294
-1508.7661898509423
-125.64933234164477
-1286.6629485240235
-1169.3519451248224
-1098.1883457308297
-123.67049130546624
-1515.7927383328122
-1503.9951198486815
-1140.8224281344
-1321.7357929257662
-115.28881295061692
-129.99374281825467
-1267.6742116941184
-129.27525895391605
-1057.72644375336
-1420.0770378476611
-1301.4648269824788
-1329.8738934352584
-1.595112257017089
-1387.5249850060313
-1.9783511614907907
-1186.4582495680434
-1498.5474935726863
-1514.2559845615247
-1409.3045185680082
-392.07961429285825
-121.90982451331134
-1434.4252809364066
-1358.8334111764643
-1374.7883399563284
-946.6156162339205
-1405.829776666473
-1068.6564700561141
-1227.2117941115266
-1208.4453538717478
-1497.8393639141088
-1177.5403409549785
-1362.7171319482054
-525.0973816619677
-523.874113715137
-2.0718390291668767
-1.962615854612099
-132.32363142141494
-1502.362051117174
-1014.1711443948445
-126.7736530529674
-1346.5597602124767
-118.78206844723431
-3.731029617909949
-1230.4293062802462
-121.93373328618435
-1418.964958314132
-2.023998109356294
-1405.258465910557
-1321.7520312509441
-128.91899748561326
-1.6869257632874932
-966.4830679528312
-1501.5373914612924
-125.54009051037806
-2.0066385154325266
-941.1563090727044
-119.39450176863672
-1493.6273981813242
-1345.3046207346306
-1383.3928440015898
-783.3371929148507
-723.2590798367947
-1224.5524468146073
-1179.757152658129
-118.06593500646855
-648.9667488796993
-1177.5399680305266
-1476.5736160423949
-1498.3203392950998
-1181.4743544602143
-1506.950701123598
-393.3668339018887
-1144.713763194462
-1499.982209597196
-1403.6374176836823
-121.26061118381355
-2.2980152987275426
-3.2182552222023606
-1340.0250772000845
-1.6986884482702878
-1497.2193656281909
-1382.5876073052436
-1507.112120723506
-1378.7809386626172
-3.82836517262716
-1516.5602546785515
-1156.189392026905
-1096.3946756617763
-130.40136567211462
-1.5457039365087146
-3.6587615792786408
-116.67319100685299
-118.80704106970522
-4.097197715628422
-1341.6275478152643
-1415.0405697203144
-123.14619437982375
-1504.47414840831
-117.97647809836297
-238.55997010740518
-2.162003352515791
-127.43776387138053
-1166.7628457967764
-1494.5609443369715
-128.3693677428921
-1493.7341111036708
-1489.8677166832006
-117.55239433009541
-128.05517601693037
-128.69049334523592
-1492.6195548879955
-239.32601322750722
-1237.5135351326478
-1396.5683158681422
-1386.9787292953667
-725.7157546241117
-1183.2769422558315
-130.4637851607037
-1180.6593775807244
-120.44184347581694
-1148.5306614884494
-1303.4564652017807
-1217.2061797881272
-1505.2610385679427
-1519.3034890194951
-1512.4755245434326
-130.48838554290876
-951.4210856804567
-962.0004200782416
-128.68366446104616
-1494.8427705276779
-1492.637503598002
-1223.3780897412157
-117.81997471529843
-118.3915298122508
-1506.1407258567951
-126.18786944968043
-130.56830650293332
-991.3952536379313
-1153.0296919337827
-1089.567523599809
-1429.7807696819207
-127.07185745735853
-123.21067126515982
-114.95354378786831
-949.2942024928137
-1218.2457760021605
-118.37002732752052
-1495.0095489270875
-2.225818880070143
-1491.2926260906484
-127.23992199245187
-5.385975126797226
-1273.6659716112422
-1223.931788079723
-1499.975959420509
-126.79500184644968
-1504.0104521109085
-130.59134991494642
-1473.3879790728215
-127.2688995098029
-127.46160639029688
-1496.5762336784564
-118.82491462384478
-237.18057788118278
-1497.5640995896315
-1.583293746191412
-1515.7625295382818
-1.7231215417203298
-835.1256299473549
-1320.2496499702336
-1136.6898531838858
-1521.0488119686638
-1336.9190139306647
-1319.5415339228807
-949.0892132637624
-1494.072794754769
-1515.9131814599054
-1104.2779293587694
-1505.8869976660594
-126.93781754711488
-1443.0052226944235
-115.8157419431088
-1477.2311663393873
-125.28071130277871
-3.0964642806834224
-1498.7821181993854
-1397.4800320521852
-1294.7375909293635
-1494.281057717697
-118.25519922323657
-128.9841672034761
-122.66261462682081
-9.594783316771704
-1497.8700915559536
-717.6510448749075
-929.0980349639449
-7.260595275776314
-128.52452490133317
-1182.9321131660513
-1064.7302995479936
-1425.1665260140553
-4.098958475185447
-935.5030333598592
-944.5992307766851
-723.0748065333843
-1499.0867468032845
-1447.0131624262142
-1397.4836363990053
-4.906276202705692
-1347.1390597334507
-1465.0432541039731
-1493.1780131263124
-880.7354026442383
-1494.7210738454755
-1494.0310948555575
-118.91970745212365
-913.1177089599513
-121.40576084097493
-647.6405798975607
-3.201699599583098
-262.42127084685507
-237.6694808001586
-788.5358832137169
-507.15715018154316
-1255.04787372662
-117.57190496900455
-2.713569768981642
-1516.0661634903297
-1353.7690958174703
-129.96367027164305
-130.9635369379033
-1492.990634640835
-1496.3669521984366
-1520.951650576135
-1420.085843367594
-122.84385819811564
-970.2687574497517
-130.0368586980951
-1165.1034868146469
-130.67886037887277
-1106.68922819527
-127.73493976073667
-1513.57046311116
-133.1510293665076
-1383.2392438612012
-1368.7595690536075
-1372.5303371682637
-943.616074654124
-1051.79039159336
-1059.2824163411467
-1326.7771427658365
-1492.8757133276283
-1488.5087856613602
-1272.4390697591061
-920.2890083904127
-2.491080788933362
-1172.1008394198764
-2.7014788082059678
-1187.2705004426844
-743.8427170881512
-1060.371764086649
-960.4036685901887
-1.5900723265745897
-1201.565800080735
-1.656287262661428
-1.6099529428199986
-1494.5129336611865
-937.347546149146
-1020.8950685911149
-121.20226482411395
-391.0156272751855
-1488.0895458858063
-2.7274106784480097
-1488.6008919942049
-119.628683979526
-1480.9783522577677
-119.20351083197872
-129.63160271454308
-123.6955794362437
-121.50821971755786
-1494.7401498142572
-1497.0231048742212
-3.4472216716374007
-1481.6092542945519
-3.985754790275688
-3.6587607274442084
-4.660728701645319
-242.72736412002928
-1044.3509386426874
-1496.3833290313823
-1132.9707559953895
-122.11392505192863
-125.08851322564995
-1399.4898491518477
-132.0783740358888
-1513.3137542387517
-130.42859127710824
-1134.5598972877797
-6.471762362695562
-130.13839976396963
-1222.0647646700406
-5.4268515189200235
-5.444146935763906
-1212.9548699762236
-1322.7365417569863
-1518.63409144507
-1189.2653302028389
-983.4844768308274
-1471.2725628556109
-122.24050898536753
-118.44813200517238
-1505.0315393616715
-6.09480229151217
-934.4295568788363
-1254.9079942292053
-1029.2538101725681
-1040.89706964781
-946.1436936275438
-1519.8965268261788
-135.35278715581012
-1514.9091643588283
-136.23186222815303
-1417.7001807575407
-138.6559089294599
-12.357602464978612
-1495.018040603433
-1304.6531077935583
-13.561967464218537
-14.217025954163201
-1498.6514176714945
-1451.4796656794927
-1198.5141783649112
-129.1316223858324
-12.243034707916175
-12.916997839155535
-1182.355401430799
-129.74323826299928
-1496.2960183331377
-127.76081516420773
-1440.616223439662
-137.47385210492527
-1385.980068743897
-12.177340210701608
-956.753604750983
-136.4949274762081
-1170.8341925427342
-1052.5718927663052
-1263.2690600873723
-139.5130867433267
-1257.5467205059695
-126.92095560624448
-124.44783564028444
-1502.862866652103
-131.2987923046225
-1255.779457838175
-992.3624489278557
-1208.25112603361
-1375.7089878126658
-1088.1740003943946
-1508.025688213791
-6.720396375182236
-132.79478310551926
-1506.3798452510755
-136.531772366729
-244.8154320273632
-1058.5345701300416
-1293.8197065342035
-8.313781164519927
-1152.3435032188456
-1467.4109565718932
-1437.0842892977323
-133.06615584417793
-1484.4493152576356
-721.8295701193748
-1495.3515596748907
-247.1971874086253
-122.58332165330656
-139.6613906442712
-1278.957919091504
-1353.5370599525177
-1502.1418471985266
-721.9026169484749
-1391.540788430555
-7.2320040102442755
-1502.229783976547
-7.8617125198951054
-1506.4777953503683
-7.512854546451523
-1206.3484242764025
-716.9700722009857
-1308.128844124484
-1414.7272080158175
-1205.6413280094655
-1451.2918828616498
-1074.0709099530698
-1504.6100180817434
-1180.4649335212723
-1500.8598609322153
-1261.3681263599653
-1207.8742310578648
-126.26849298784255
-253.55615830585535
-1278.901606309125
-1125.5139527383562
-1495.2767290237102
-134.02616563115663
-130.24799599725412
-139.27513931628775
-1071.156321844182
-1495.5105912764295
-951.8450202545464
-1494.8344649497524
-1494.8177947901434
-1133.7440582893282
-1150.9168900045147
-1046.1046031527499
-1246.8197938694784
-783.0716657745296
-1476.7125753780772
-1041.4572848751695
-1178.836658211139
-1309.0154529048125
-863.3341538777648
-768.0983657140916
-761.950225948244
-1497.9746963719313
-1510.7573422398145
-660.6016428578006
-1083.6952253110992
-1195.1293509244233
-629.0626829169865
-1471.6125555894246
-518.8915455577741
-1150.8132572683865
-518.5483728850472
-1462.5146486908827
-125.75810503276763
-10.537150661554357
-122.9197635356324
-241.28480430571489
-1499.0434855066273
-1061.2976257931978
-1.7253418278453387
-950.3203668433484
-1497.717119335517
-126.31974107478067
-129.2974522791526
-2.662377264997188
-962.6503788938608
-974.473157157037
-131.62996762654714
-1378.8189331506094
-1052.852785534807
-1311.8646334485836
-1298.8834142857766
-1428.0361922779523
-878.4881558422987
-1136.4442671465492
-126.0264305899779
-1184.6250241891942
-134.12013047898924
-10.2401742264997
-132.2760800804694
-7.895577364241752
-1168.6090573676413
-1500.633837268237
-935.5667156944096
-131.52382582272259
-133.13182863177818
-1172.7465075639223
-136.3090987838699
-1327.3409796087758
-722.2429198386222
-128.92679310402434
-244.02546199997363
-1497.2036281921182
-5.936834373237223
-1416.8489244292073
-7.639316964748347
-1458.0750146265423
-1101.0696691617998
-130.73356874855256
-138.34309219349177
-125.07273652144137
-246.22943843010822
-1418.4764003614093
-953.4929671363486
-4.484423570014833
-1396.9836017395755
-1256.7864684718143
-892.0579591138365
-1484.808538319916
-1376.2399957534524
-1504.8796727130386
-1191.3161999182655
-1298.4903502634636
-132.7566123943489
-245.7114586456486
-1062.7453875203705
-8.675038156433397
-123.81753953670173
-1166.809072225322
-1394.7285626432097
-1517.40954229877
-1025.0156732434878
-1261.1688501459976
-835.2974972122614
-934.9265689383368
-971.0807887946933
-127.04125292375109
-1464.6993973777523
-1522.642757070932
-1162.9652425035065
-5.949830959457265
-1176.9612135881764
-1497.9632492696983
-1494.5690559346071
-120.7394974677437
-1337.0132276313627
-1495.649154084385
-129.0156605058047
-128.08686404359958
-1498.317962843987
-2.162678816154063
-1453.4293210152343
-1496.0841690054983
-2.756566783734976
-127.39364737829088
-1.8925622671978766
-129.417598042055
-128.81857947956763
-1495.6329928809391
-118.20473678231531
-1501.9799311384409
-961.1488005964899
-1455.775067819214
-1194.156523904386
-1427.465441458169
-128.48832808581355
-1.9767879314344188
-948.9545997324209
-119.9440726036392
-124.92705051737032
-126.43761761764978
-3.055531012398292
-1.7886802190963658
-127.23403013640366
-123.11511823431096
-1451.9783143253285
-2.7383769201016577
-1356.858908213309
-130.3312429518659
-1174.6342685181503
-3.105029351702158
-1069.7939839353164
-1442.7194041356163
-5.4909804333505035
-1507.3216632994927
-1303.309959647708
-1242.770971644366
-1505.2892292176905
-1479.1920589503604
-130.71274062303488
-2.2734578204697478
-1189.4223484662818
-1495.0987609444871
-3.1661718443453997
-1463.2340193206921
-1092.4991451078401
-1163.3272898706064
-127.86524724313117
-955.8595305144189
-12.812888188357158
-1210.668224339468
-1495.545894915969
-952.5340963977087
-1498.1636340741716
-1325.2072579277992
-1190.2324345004984
-142.95649205727975
-25.966664487642717
-1370.0424831729938
-1282.8408887135452
-127.88553184258306
-1255.5020993111423
-1301.0883641980074
-136.17005455089117
-1228.1912236841417
-1495.2082841638314
-828.1684962676001
-1439.6049278339094
-134.83475099620222
-1499.2358722204383
-1348.118194715524
-1213.6024866024131
-748.7199384187383
-1494.613329484144
-1203.0416782082405
-1400.6679682022736
-1439.0087114764929
-575.2328647934019
-841.6976141436633
-821.5221330760586
-1501.8079622882474
-1520.5746605197166
-833.1833193960741
-708.9092155464091
-1492.273420343917
-833.7221563567244
-1437.5079251373177
-1006.8132960185617
-1455.9008869395257
-1519.911611959211
-1063.929976768101
-1501.463430951151
-1195.5662706070732
-948.0220079897263
-835.1588349866328
-719.2810990696188
-829.6660929543084
-938.6827386223636
-1514.5005857057085
-1152.6657279938436
-1519.6137681552234
-611.9843026965949
-1294.198814697282
-730.2353167310843
-610.8226720658207
-1076.5720407285628
-1173.75854422055
-127.64622079600493
-1433.1398346273963
-7.803169916914202
-1495.7070094849007
-1499.9738855049102
-1394.1806050977705
-1466.196890122141
-2.717148396743278
-1213.1089391962462
-1510.259621750933
-120.45656067183901
-125.63638392776029
-1056.8230106951319
-130.11185939429072
-1378.7816380341194
-1495.9613683211044
-2.489809340242316
-1161.4157821049964
-1515.2842320737152
-1331.5428105464016
-1205.949938531091
-1522.2319625549803
-2.5739199516293794
-1320.0084600379816
-1203.665198846687
-1154.7018306871419
-1448.3948363197362
-1358.863206534213
-1061.8826768496858
-1200.637712586333
-239.54218291787515
-1.9346458116869563
-240.87254782468432
-724.3901666658162
-1063.134652309556
-1182.1615526147305
-1449.8048648181518
-1.7109566703071373
-2.342909887480749
-1.6599392138769469
-1394.3776103948085
-902.2957645788779
-1022.3724322528002
-122.63525528339665
-3.795164318600975
-130.04107486408233
-1244.3786855653275
-1521.1863197458779
-125.46569684750656
-8.970316885425873
-122.09301224902407
-1229.0160026860683
-1495.735169527332
-1061.6665336849965
-119.0080916221243
-122.4668318786147
-1482.4396430174127
-938.4641150579181
-131.354807398802
-1193.6179682293755
-1242.4023260187946
-1493.532455284475
-1321.792351054508
-145.29902884267844
-1493.521521574581
-21.024775263085694
-143.53318295253166
-243.42974963676537
-834.0687138917959
-245.57761201211235
-1494.6442299648154
-127.93490974563333
-1245.2587061188024
-8.841524012034762
-1157.3655654696747
-1332.8327924100286
-120.87282436729187
-126.29599851633802
-831.0250940807953
-144.94806644949207
-23.531933275562324
-1080.6414740654923
-488.0919500109005
-191.53995616743367
-1151.9994721792327
-1207.348619231926
-1095.2115547176375
-1505.2094741960022
-22.89106658796907
-1383.0909087571993
-137.08338808268198
-1211.0702076468447
-133.67292733571986
-1406.3270351424487
-130.97549039661587
-1498.3269942743188
-1198.214095198555
-7.623282557682291
-7.620341425810383
-1457.1168671521045
-1496.4840907160356
-1471.2653587108098
-1517.2834000441942
-1253.500420905632
-8.00580703781255
-7.641509803162044
-938.9729314909767
-1345.8127234652886
-1496.6425281757656
-133.31612031347439
-136.21269727618605
-7.701113350827345
-7.7409477085636365
-1498.6784146573034
-1399.7443418177722
-8.088976930237004
-1177.0129721754377
-8.141922502651942
-1193.7188441612188
-1418.249424198362
-1514.5274386864576
-7.419287659610927
-1510.8356108730857
-1496.304257583364
-946.0916513008897
-1505.4940617247582
-121.57818091891772
-1475.3397321960695
-1409.9250855082628
-1378.4119519505034
-1318.9142984865628
-7.74945760419894
-1082.6020917459714
-8.830525632028783
-7.593172363056893
-1500.4169391733421
-1296.3267972309218
-129.70178834190258
-1516.0475768622675
-1189.0493977815831
-242.019465529668
-1230.0806692687665
-1490.9449998968123
-1097.4282401191997
-127.86654373270406
-1506.2072225210657
-124.207720545072
-5.414112699134656
-1104.7435965618843
-1059.8398865893746
-1211.0632069080332
-1298.8742339273117
-720.2023086649353
-1214.988925141928
-1057.8761886262232
-1103.5467066937526
-1210.1181694976308
-1.94248523563014
-1439.9204528243683
-1209.2345465107203
-3.5511282805374704
-1474.0200082880663
-949.3370129770241
-992.6283132712691
-1063.5437364091745
-1493.3704081298176
-1192.9083141383487
-1381.086561859087
-4.985456886631126
-1183.1294836970524
-1401.1869375987703
-1493.3779527224879
-1179.233064340682
-1181.0386255791693
-1495.409385882541
-1399.9828162644276
-3.8809304381506484
-1266.3594025506145
-1357.7297089919373
-1507.701090070652
-1439.1026406467456
-1368.7189719988078
-1194.8424495424488
-1171.7042790250541
-1.9859907004060342
-1135.28995728498
-1206.7096701459025
-890.6537659800169
-1384.41129668496
-1120.0079973151937
-1496.9915493639817
-1253.491261493237
-1493.5243893355778
-122.77963120999945
-2.4683592335415945
-2.73745870714099
-1498.7143280789044
-972.354796641301
-1326.1879297193937
-990.0934395473568
-1351.6429262709032
-1200.3880181442664
-1487.178328878349
-1198.1065574958188
-1494.4169568020698
-1411.6476426385284
-833.6042363581381
-1291.7873606743244
-1285.9408077956923
-926.1692208802086
-1493.7329359793303
-1231.0092858972102
-1330.9747501464624
-1511.53532745995
-1371.6257891462553
-3.062432550952565
-1348.940190542038
-1492.5828989932086
-1516.6141224828682
-1394.2501156716396
-1298.9832207823779
-1494.84208731372
-1346.0558567023872
-1505.0121436893687
-2.3239766656037046
-1155.973211154116
-1209.0588991937964
-1310.9832294228802
-1383.9148362718124
-1240.8765364268013
-952.1074842212545
-1492.910452495616
-1485.0237606930561
-1387.7037987893398
-1312.3319907578057
-1524.9827740023677
-1143.060457776562
-1335.6744630854243
-1323.3254334235528
-1106.8656084859265
-1491.3010173560745
-1154.9824955958504
-1078.4517913623008
-1492.3273846747825
-1191.2061512495495
-1376.6221691820367
-1352.5635384461634
-1275.0195030193513
-949.8106996937588
-1196.5666653382166
-1172.6735508153115
-1236.9185664009922
-1360.5538893748644
-1234.9803175446834
-1268.4742085229052
-3.1533570754471576
-1269.0462840833197
-1507.9973898378107
-943.5125672028493
-1460.3575295571459
-117.5087736728681
-1157.0949672016216
-4.086307807765723
-1503.47225206191
-120.93699507728128
-967.8331249759871
-122.7966869110239
-386.0804429846561
-1172.6418336777383
-1501.9736010136928
-1492.67293532718
-1503.3974401858254
-1506.9887459585248
-1356.2100645283206
-129.59897668787454
-114.81448016944707
-1415.6192366891607
-1280.7595372688102
-1477.1629303776144
-1467.2128339439566
-1357.6931632420753
-1514.434302929846
-1368.9339626187073
-119.70238960798845
-1496.135591701664
-1493.287153815438
-1363.867429022415
-1511.2085793293681
-1287.8773600041413
-1477.6710384337337
-934.9870422623768
-127.65575762913878
-238.3043894202263
-1328.4860799057778
-1491.7409714321507
-117.55543302649139
-1493.6912241831376
-1416.0508146126147
-948.3951375372486
-115.05795106142885
-1436.3119610866188
-120.0284559413335
-1328.9895711917966
-126.12344624588236
-763.6794131964515
-1217.7689766327123
-263.47964753713575
-266.0603513184105
-516.8258682223772
-1350.4649833168137
-123.60167232288761
-127.70860822823268
-11.390282391177424
-1021.2277141236559
-122.6932904912014
-1199.5466667187961
-129.05967570452364
-968.0113599596444
-6.131345891422146
-1492.0727664926999
-132.1981482453627
-136.65711257385507
-12.615290146989562
-1355.976680466897
-252.9900818364583
-510.8196288717627
-1197.3165772448585
-1496.3486569974107
-616.0425868267251
-1496.3591189981844
-514.4148780687078
-518.9518123821808
-516.9016107963973
-1158.8913193972219
-517.60044008187
-1070.0499915652847
-1148.6184335529365
-777.0251573129041
-1475.0235118741102
-956.9036716230968
-1193.3613825727366
-622.9318338724618
-518.4603416172822
-639.0431055111397
-1242.7894263481369
-634.1551946557045
-587.3899326766641
-1164.4555116525762
-779.1367381642057
-1111.4117593836972
-950.8441437500695
-1333.751976506632
-1028.0114937081053
-912.188648452506
-1377.2046889169424
-840.2723411883454
-776.2041875762877
-1498.1303506213542
-1494.5101367114191
-1221.5537582770662
-146.46105302561028
-1479.8104054957362
-1497.6196995786813
-16.603273114685653
-1143.514862469396
-1040.145104858082
-11.98782324834202
-11.174145053749267
-10.712664025375815
-1462.7520296693965
-1185.6777646192168
-139.47703915581772
-1507.241242737235
-1078.7900900185537
-1397.02814915827
-1186.823835064065
-1497.1205590040383
-1352.5125054149999
-135.70793269247582
-1449.4515808585465
-1508.2689508173403
-11.447358732404263
-1495.2353020641765
-137.8468251995247
-244.44609815637813
-134.35478533478164
-1313.8771361938748
-9.169767615419232
-1463.3586646770152
-1499.297252175245
-1068.9865055110968
-1312.3082978408952
-1496.9561306339535
-1249.7099688437586
-253.3130834322812
-1503.3973219386341
-953.8974193411169
-1303.1825580425013
-123.46582384684595
-1375.2384408854189
-1393.2823687853456
-1497.2795577979832
-1270.3894670241916
-1423.6001660863762
-133.50043869577
-131.01221692916562
-1497.766538830293
-7.844071565505029
-7.2489786431418235
-130.26496024017894
-132.9704783741238
-121.8792931251929
-7.639063098776144
-1166.5509777267957
-242.04613316255325
-1450.7431440845
-1168.1145719551869
-835.3965535060596
-132.92976267653913
-120.87786184199092
-132.19762207025875
-124.89814614588104
-132.73610928660662
-1181.0430931990695
-1492.8935218217791
-1491.9360774954018
-125.24078720615273
-130.10428013601475
-126.92679488640137
-133.29066225197772
-7.099185922541561
-1492.3638728133005
-1503.0302871351948
-1389.165823535469
-1493.941896621199
-1475.4398636186513
-1504.3110294080914
-12.77900303521685
-521.7075534340618
-1493.693983885834
-118.6826019991701
-1164.458106662098
-1068.773121507979
-1148.8932934435138
-130.28771364563073
-1171.3206000578912
-1091.5839177460919
-1514.1733359332625
-6.5034673018443465
-1516.024776651045
-1217.2881188227148
-5.12083605276483
-118.26581802364744
-1290.6530550698658
-725.1053255737788
-129.75516943678852
-948.3143435326461
-1504.9064837392768
-1496.3197272119794
-1515.876120524799
-1324.2231786249017
-1014.8029085812891
-1295.30917603434
-129.51320248693762
-126.041581575149
-117.16953711168796
-121.60027780206067
-128.65205123682438
-1372.0327768467405
-1494.2427018802648
-132.70988547613663
-13.14735476550484
-1228.7771260952688
-13.104071165717691
-135.3260250925723
-1227.7973606627183
-1523.867801584669
-1492.2396382714871
-128.30689951514654
-1421.728771182958
-1319.7797920639173
-964.2838064676132
-950.0793968975024
-137.48994406144618
-1346.4782747677134
-138.6244115259912
-252.28187447028577
-1085.6945810263367
-1177.1298508540663
-778.426518890769
-388.6551297001099
-14.833787048626093
-1498.5035589017568
-8.790551445677732
-756.4443155190626
-1492.4080117093513
-1005.0619009860413
-11.237153497015585
-1493.6562784356045
-1494.259629986428
-1212.5471689471126
-1346.1572495087553
-1169.1537150608337
-1522.0606337082966
-981.0244388949917
-1516.495502119618
-1491.1673681669465
-1187.2225820588756
-1211.1609460530703
-1244.2833747067828
-1205.2350504626759
-1196.4084809266387
-1.7572715124051252
-1147.4426997726362
-1210.4912553350812
-1159.0879097399131
-1160.6852855710993
-1180.3151157970588
-1345.7650536607673
-1498.6015101060668
-1074.849747283642
-119.62020954533507
-125.43041095429083
-130.82379299107444
-125.01064827136157
-1057.6919389928555
-1041.1184766010294
-125.98003276834797
-1071.6743996530754
-1497.6012249128805
-118.6136374001534
-1497.1530197555924
-1014.994822921022
-1175.606636358816
-120.78574681677102
-1177.597763365088
-1492.6585498110474
-1490.8851628222574
-119.91276481481917
-117.53646962382037
-121.85188929135934
-120.53755576002257
-1510.267031302447
-118.79104320094048
-1193.3535423803883
-1416.9614842458625
-126.40669519969249
-1362.0607137123204
-1509.4451207189304
-128.49335375117752
-1493.7543042268348
-1392.0103016757237
-1371.0961603867822
-1185.3353210181233
-2.3877935541116755
-944.1297111946517
-1180.369306335362
-1.845373397092334
-1370.2404017203826
-1498.947186410299
-1350.80578881487
-1511.3864916630066
-117.43135730969973
-120.1740300211871
-1318.7412825961474
-1.6690165235068406
-240.8860930304502
-1292.727681967946
-2.0893452599995643
-115.94440188904808
-3.3356080345522496
-1490.9018669398622
-131.6810069470196
-18.0609906700286
-1416.6991538552945
-140.29743406778198
-133.02561519444868
-1119.8482272510382
-1154.8097255891373
-1063.747887126009
-17.163921783711334
-1508.748996817155
-131.47241152600384
-1451.6351993349485
-1176.1850490617676
-22.95637417062796
-143.24923468224605
-138.30480312056008
-18.696443221650593
-955.1806673675493
-139.90125651556517
-1516.0699955370628
-1473.9826308662455
-256.0541872596877
-128.86999750727003
-1494.6267238151925
-134.54456201103397
-131.8005633196735
-1303.790639319102
-1499.6505232971683
-127.53140479854662
-1524.4499331065003
-133.0282539677965
-132.57928488059866
-1475.071700987921
-128.15590676501722
-1055.2502744178112
-1040.7770792077922
-134.10254959271143
-1487.0394533936053
-129.77552114741
-1397.8556113846482
-1493.0394692360217
-121.3027473486575
-1090.0885803011856
-916.9365963251502
-1515.9547036376766
-1471.308624940195
-120.58735247035438
-1440.6557747466843
-1438.9214834499328
-1514.8962753749786
-122.9039495979058
-1251.4040999903514
-124.34202865614324
-125.71783900962518
-8.129278398063848
-130.3225379242721
-245.10799311889622
-712.2157285326132
-1425.5055510234745
-135.3804216970494
-133.48743240775423
-148.94139661812886
-1492.6269648749094
-386.42902825427393
-946.9971513036758
-401.67545690400846
-1520.7280490711962
-429.79805333156406
-1393.3913426633292
-503.08698227320446
-1051.9485296825444
-261.35965169607806
-1474.7016247953284
-1506.7485811230865
-1372.626125831165
-1236.4496817042423
-1493.0665177262608
-141.95504235178296
-1287.1965361194693
-1499.9700600411184
-136.55502686777444
-143.86433048895594
-831.6895489293504
-1495.5691470913753
-1119.6355398278515
-136.10288355468398
-144.88220673492472
-144.16348403678577
-140.95137367025603
-1493.795905881211
-135.01999696232076
-134.70145939677047
-1495.4954399698486
-20.486699755571383
-144.7131079511117
-945.6892379475709
-1190.8587817798768
-132.36055554828715
-23.08300684273627
-946.4416209970589
-1430.7237513524835
-19.79070418029703
-1356.1063502233144
-19.938740083824538
-1514.9492506303889
-22.144250687348887
-944.7813554426542
-143.38016465298557
-1524.1463483372113
-1452.5041317545417
-132.46270433471793
-1493.1387519549694
-134.32608721029334
-1461.1881508767613
-250.30355912685928
-1501.1977733891638
-141.3012868484905
-1208.2091038003061
-19.251509646081402
-141.02646430213542
-134.18736134621207
-1244.1293693785037
-142.7696238660243
-134.60593167929423
-1513.870451234416
-1183.5295280082344
-1378.6088961508567
-134.39398857320072
-1396.4273317405637
-1513.375013934956
-141.1345731542603
-19.464661520331553
-1400.583805818261
-1510.5025359025526
-133.89592589077247
-1462.460936884434
-1308.3710166734172
-17.646252353166723
-1248.73425262962
-1134.2236352223115
-142.42530140696098
-16.327356198791797
-16.32960122893607
-1515.5463023176221
-1154.0763441385013
-1454.0693390826964
-1347.5326067222577
-1225.9662237755213
-17.796277846621788
-133.27647061788304
-947.8588936739416
-139.17116010597013
-1503.9701281897962
-1205.6372913732305
-1403.435010696177
-1430.071924760692
-140.5130794548638
-19.807633169645094
-951.3916152242833
-1171.6857358356351
-128.97637871499197
-1455.0457295877013
-1507.3850041654284
-10.76706899110454
-128.78134497872435
-1405.348059671617
-1139.3383913429188
-1327.1244673825975
-1457.7396471226994
-1357.739539186387
-1059.2757880479592
-1399.18227704144
-1493.2688293543158
-907.2371373958207
-1245.4515972336103
-126.8644872797803
-128.0726828137145
-1499.2886098662023
-123.35771185786275
-1505.3595327864057
-12.20057464786204
-1430.6799542356348
-11.053523537299503
-937.1814750933797
-958.6569005351023
-10.86646485564817
-1503.7489021074991
-1447.5498444151272
-12.53264622743768
-1236.3550280673915
-10.913122581167624
-1500.6996891270076
-128.3104586243136
-128.18833273855452
-1340.6129997492183
-1486.99688077854
-1487.2308093258061
-138.78495638956127
-1391.0507058266755
-938.6942132258932
-1492.6463768970264
-1512.6570515315757
-931.4270659156124
-945.2647055615864
-1477.6550732472701
-1328.1977902009264
-985.488344374813
-14.137058534270256
-1258.011666732272
-1290.4657002756462
-16.638152252231382
-1193.870718962789
-1431.8587562573275
-141.8328323741073
-140.24289075309687
-1498.763202359985
-1517.017669554601
-1309.2436506500878
-20.097757885198924
-1096.716901887236
-991.645744425531
-138.82134827958234
-136.85489695231016
-1170.177725588839
-1491.3502488704703
-1060.038006267067
-14.234762791415479
-134.41481800381797
-138.2226061544222
-12.245417646197174
-129.9458283606819
-1446.0643204981454
-130.14962514718923
-132.02744495937972
-132.49050760649448
-137.2381456252393
-1341.9812196065932
-1497.2802144347932
-1500.3476490325554
-1429.608661501935
-1320.8466550131177
-125.73215046781077
-1201.626384324806
-129.24864950595764
-1098.8132502155731
-1375.5465183480696
-14.052530749092039
-1226.993382432841
-1500.9826105166471
-1501.387275760779
-1350.3380112248235
-128.97519419482012
-127.43985630494913
-13.064964709989512
-127.58257282468018
-985.0815567586635
-1330.1130401925723
-993.5682781401056
-1172.8847186444877
-825.3286958438025
-1496.372910368724
-1289.72546513316
-1224.4825579436354
-1307.6459632228468
-1205.0181360753713
-1209.3354805308577
-966.9762931360787
-1352.9292195704095
-247.05035415168297
-1503.7847302226996
-131.72503846442444
-129.82779808458218
-12.988672767257654
-136.9415644878822
-1313.3574425366369
-23.87625368830975
-1476.0529294663938
-1466.3449435350863
-133.05551954198268
-138.46361874209947
-20.529492154115797
-1173.0226973949755
-1390.4919742986035
-1177.465054779478
-139.05150625729974
-1423.4987496587041
-1236.5535406551787
-132.7846098565252
-1492.5847070977818
-1204.7118735998013
-1512.1444942227765
-1057.2905298303913
-1339.7310314792874
-1331.7691577333117
-128.80158426926985
-11.857457242683171
-1492.9182736539144
-852.1046394599218
-1184.2493280653878
-127.02951381109865
-1497.0636675198405
-1336.7923473547296
-7.306428018508898
-1474.183619720719
-124.80258199274087
-1088.2397458833493
-1505.1575719748778
-7.331620448223461
-1058.8818919732853
-1491.1106282342348
-1257.9126286938263
-116.9463474969094
-1327.361113745208
-842.1897129044451
-119.68283369132062
-1492.1571505241982
-130.3577309414546
-122.91473681087733
-127.90255562049276
-1385.667222823131
-1505.6994301330026
-1503.8543895833368
-675.8844080622246
-117.80441709416888
-937.7747451983241
-123.5109179022169
-1493.5267001745055
-124.7646083974533
-1238.2287708273316
-3.2724464296994267
-117.12009208118836
-1495.0302160317442
-129.1695505482498
-1495.424404564968
-1494.7012685101233
-245.57321620746467
-1211.3553066973475
-125.02992698743877
-128.76115424481233
-1496.4253402730485
-1435.217753036162
-1124.9759095172224
-4.704845495377041
-1499.1682482488711
-971.6619490010636
-1440.9506830307623
-948.3734244942572
-1389.2006910825012
-1071.7512329801657
-1059.9933809845913
-964.2779196970671
-1190.8509081828122
-1422.3135621242861
-1087.2118061938816
-1496.4648769397854
-1315.641482659743
-1341.3295854522275
-121.71412774079343
-1075.35395890767
-1491.9933528488546
-129.35651779855962
-1454.988506847803
-1133.2546403285241
-119.79178647870813
-1023.642574794931
-1468.4432831019233
-1495.7516689487484
-1179.9495808548334
-116.3735419091328
-3.326322622732537
-117.91161413771422
-1493.0466003093154
-1326.6198685295142
-1465.986077962436
-5.871457860058093
-121.39981376847983
-1494.1068273317248
-4.01579405214375
-3.658599584450549
-1203.6599105429227
-128.13463857694086
-834.1903505037675
-129.282983187386
-1227.549252232395
-1459.9068218431396
-1491.9417659994958
-127.46712707958929
-13.407652734860198
-1061.0226928063046
-1335.5645512039503
-1496.9651195221822
-139.63904407828775
-132.33577967649913
-988.2417121882695
-129.62882158818329
-135.803673587022
-1492.284642091709
-1368.6677803606453
-1498.7377523883672
-12.757830221955613
-13.709859476211351
-1503.0971734434793
-1497.4603752495432
-1494.3552352476697
-1192.9337238937765
-610.7284412859216
-1309.087218988764
-1454.2725836879242
-1497.092643006713
-488.6691639852272
-1501.8654152074278
-610.6052512505881
-720.9769262186863
-1500.4691010527695
-1497.4163920495146
-1080.2261513439382
-1358.27613623147
-1053.06117528987
-488.55406884807104
-1519.7770973447869
-1100.0898882784845
-489.15179675879443
-601.5339158755115
-1322.0196845326016
-721.1398181896731
-1331.054636487596
-1495.4418713571436
-487.8478676841607
-1515.1317477853227
-928.158043782018
-610.6056167573308
-1491.158257706334
-1414.5968301568598
-1361.1053367946192
-508.16613522247667
-615.7952697753464
-1014.0540703003189
-496.1780195360554
-728.9464946228795
-602.158171142408
-824.7926124456127
-1370.8479496544041
-611.0131680729489
-603.4267865450552
-1384.5882741704502
-1213.0276332132346
-1498.0725706729854
-1464.4746180105606
-12.941934469020262
-1513.7600412428849
-140.44997381150256
-1232.048491605871
-1220.4080508949116
-1497.899902062145
-1334.299813872831
-131.08477044058682
-131.7795800048801
-1073.9076636462635
-138.17954440430722
-1519.8261701835204
-1154.214376942405
-127.82517570853751
-15.005221143996073
-134.89353886172785
-944.6290442529901
-13.459712798144611
-1299.8885357485246
-1505.1433524613215
-135.33014620493532
-136.72725332331657
-1498.4321718667925
-125.19886348517237
-1094.0735209188026
-1448.6428261670485
-1402.3555860697927
-1524.128858794469
-1218.2497931918845
-133.55120881954142
-1383.6600061981685
-371.90875412787193
-1495.9200137309422
-1491.8375294128205
-1505.728168676429
-135.40278441928842
-967.7512478103466
-1429.0364935879368
-1414.4166989995415
-133.7155481601135
-1057.5051269886003
-602.9016734812254
-1324.9912112154495
-400.81052724847984
-18.93135334423009
-1059.770708510323
-1517.1891768339408
-949.4070867818303
-132.1754471647285
-251.03140890400238
-1453.0852454444218
-1206.5114326977668
-11.438276448809804
-1519.7535489551974
-1500.8645187343282
-1217.9306115298102
-1054.5603034498472
-126.32991211836134
-1324.6988717572058
-1205.2255437357499
-1182.7565860718219
-1504.298806554297
-1178.5904646571466
-1507.6720207462356
-1393.6585805430072
-1462.5754107119676
-1497.8000361760799
-1459.4862143645287
-1413.9697238251053
-1497.3970456477232
-239.6555458878876
-6.993730085622984
-961.0234782240153
-1348.88250147483
-7.034360819023684
-1355.952542341186
-974.7610204620244
-1233.2609554514252
-1187.2275881800078
-1196.0564314506457
-945.5807825572948
-6.406525992840747
-1494.903465856827
-1499.350648887126
-1076.5548388983277
-1491.321380548015
-7.713857490485482
-1155.991192580364
-1386.226955048615
-1498.0036350627715
-1271.9545828896096
-1400.4430919617785
-1497.5264739480704
-1320.0188444711673
-1509.4825880540116
-121.16181608447255
-1264.8924401008994
-1193.7016906177037
-722.163700744078
-11.274831837318647
-126.87000216387395
-8.366927831551097
-1490.9863862726943
-1493.3870930843364
-1495.5105708119436
-1505.7150946902707
-246.08278522799733
-127.28664336602313
-11.588379666632374
-124.09357852352916
-955.4836712980809
-1355.6296370021805
-124.24582171970195
-1502.8553586734345
-745.251859943474
-10.705586193162414
-130.75651062491733
-1495.3641648311952
-128.8146510468286
-136.1189713886382
-11.34986411088309
-138.47657618610177
-1497.8792909242818
-1173.2116556225214
-125.68468789340507
-1345.348567616073
-1005.5257578502683
-930.3252267163141
-128.47057014025992
-129.6151415131914
-136.21953272567345
-724.2339768599359
-1467.804781144666
-1226.6355818563925
-135.7969876802671
-1423.3335218575282
-1379.733149630968
-125.8099609141981
-128.73598937146315
-262.34491231199274
-955.5241866336522
-128.05886540220015
-11.370034749538842
-135.21886510577306
-9.387415409303875
-395.17070795164625
-1437.0431007752954
-1290.518866143031
-1044.3312509931175
-128.01304918809
-1314.940421616434
-1101.2818766765754
-11.533298483112858
-1495.9442210653451
-845.2739756762977
-12.059079718340293
-130.79607116274988
-1495.2742140460757
-134.08170548396762
-1059.949376615224
-11.681907456176406
-12.496501926588019
-128.98442412668123
-1497.2034723281927
-132.8620291420537
-1499.8075463022576
-128.4480853032664
-136.65716961703265
-139.17248324233486
-1194.7083808432526
-127.2934638693649
-127.30879870922807
-128.513587487458
-132.01111147355766
-1379.061991886952
-128.96356408714786
-1498.1247434041252
-772.2494861697936
-130.37826934031375
-14.144360997769148
-1249.3196519756314
-1233.7503865848935
-1346.7535139028732
-1492.0562839681224
-1369.6980819769287
-140.75692229876913
-754.215374506742
-137.61696217403303
-13.75009400901816
-1325.806932837128
-1339.576755153866
-127.3881190576127
-1327.9665752588028
-129.30622074541185
-1213.585405378751
-137.98444867234858
-1494.6440679793895
-1408.553563945161
-1446.8922652862109
-1496.8301330380461
-1497.6109851882952
-137.87688371293598
-1184.741466131313
-1209.2681017613138
-135.72272665152403
-1088.5295417171153
-1350.281392730463
-134.11757776979408
-1360.8739272617647
-1211.7738945021388
-1497.885517325863
-1500.4503046122052
-1412.5151704377063
-15.415208393856672
-1349.08948601953
-1279.7344131091224
-1151.5367685805736
-1379.360693453672
-1404.0426436723471
-138.78032703663936
-247.67970281974593
-724.5356501735941
-1291.224920681987
-136.54714897670965
-131.94274915998957
-14.575433899968385
-1504.4755027907208
-15.312556217525515
-962.5831418515546
-1498.992186464197
-130.7762940253529
-1039.6314914843667
-138.43800135665143
-131.79177559391894
-139.21050725520135
-137.72440620907201
-127.7280363087662
-140.03772741413601
-1514.706385633696
-16.332071189169305
-132.72631941316862
-1406.1425260687274
-1491.109501315628
-1492.464555511945
-132.30433094037434
-1524.6582457402294
-1500.9060847902535
-829.6090549136944
-129.71131880576024
-798.8968039944189
-1493.4981053713618
-1195.0613258888727
-1140.9812069642187
-139.94129748453884
-130.21998119650678
-140.2465426753573
-1491.203475840282
-1493.1519914026383
-1394.0118578282875
-16.002579233230442
-1181.4357813562708
-19.631649645081783
-1153.9244538647008
-1178.5223931697967
-1099.5920442543534
-1219.0736873052213
-1211.9826913108693
-1512.8069077023742
-1389.3357080962185
-1317.0857793544685
-1191.065788867806
-1133.2711336094862
-1090.5438774635688
-1380.094961494146
-1434.717473164768
-1182.9081243729267
-1491.5118340513661
-1182.7792409223835
-1167.1240803595776
-1158.2497958083968
-1181.4049837222842
-1163.6084083999074
-1194.10608497014
-1139.8884680703159
-1515.3334031086022
-1054.7707716797224
-1023.1608181288965
-1079.484247168677
-966.3534586250086
-953.4914742280131
-1065.483226570764
-1230.4771531674687
-1068.7224349581882
-1050.239482829836
-1146.2896080452715
-1494.35151985299
-1003.5527121744732
-942.9458902072527
-1366.9313790970846
-1500.335529202045
-1202.7699485649528
-832.9994447074197
-851.066879751592
-1495.579622325093
-863.9850154881547
-839.4920185473101
-836.9964596907689
-1008.2051049169283
-846.000228142696
-832.8351865978814
-1185.092335355119
-801.9517734923097
-721.4315783391644
-1315.0419587421268
-1341.798796373393
-1435.6799609981904
-1469.500287538647
-1387.8988152670981
-1497.640892679211
-1494.597309307886
-1408.8800683270117
-378.0378402979736
-973.7973644638499
-1252.9008131880598
-729.5572816900471
-1184.1452960601698
-743.0337192295732
-830.8712767151976
-834.0701747805551
-1180.7966433369536
-833.9110627446576
-835.717643426727
-1382.4050674017524
-1183.6357680206297
-1523.6125611931257
-835.7235497702409
-1126.422369943961
-369.724223961152
-134.42423325974138
-1417.389319930984
-246.1367521121141
-9.064984082750662
-126.3521570768595
-1349.901775561748
-714.6523734230825
-1185.1960543201626
-7.778150745241298
-1487.7877879377518
-125.70684945459399
-968.0388527929963
-1165.1380238253503
-935.0363810375259
-249.44581157021702
-134.1504675681786
-1493.8265212634744
-1212.6170092737966
-5.952985516846344
-949.3316114440603
-1348.4440389265403
-1466.9427119796198
-138.0863036365506
-1287.4901128009817
-1417.6155638878304
-1494.5331698225236
-795.4460147542062
-1085.2718932192636
-1476.4458995298587
-1492.824255492305
-1186.5591500333092
-1214.9912504675606
-1337.15893605772
-3.11072982623436
-916.8457223991401
-1503.3272529268336
-119.4969044315366
-1506.5869401422754
-1442.351453629364
-1508.149834188515
-1142.504428700024
-1235.6562153714522
-119.54249878682678
-4.232958652994972
-1295.2611310532418
-133.20069913093943
-980.0873356783709
-3.140985517351552
-5.3511750379242695
-2.141601282201935
-1383.0090279841763
-1249.5596390676387
-1492.2573462472078
-935.1266705414287
-652.4227214182625
-120.46122875060964
-2.56127010786805
-1289.9172672309403
-1193.9876964629673
-907.4774258572861
-1090.5782637909492
-123.38120142736265
-1338.7006997910028
-1385.6613056377644
-4.5638073280625555
-1315.4911249657484
-1499.94083683904
-978.1560054686755
-1088.2370826950357
-1494.1291705698393
-923.6638058107801
-949.4922249187795
-1493.6668461909446
-1518.4499921180268
-1317.7663419012813
-1188.593396189491
-1169.0022485492518
-1459.1431339956787
-1435.2564576385282
-1359.0599394149206
-3.921797392853753
-1488.895383176668
-1257.230164768887
-1397.388042210552
-714.5211532201165
-4.2312156712536115
-951.3161386355933
-1340.9777145690791
-1061.2384136818796
-1514.0756874068552
-1498.8036376461746
-1489.9893557574956
-948.8139330471262
-1497.296428059478
-1551.797665083494
-1010.5658207849754
-7.8382010315734325
-7.802484842002742
-1025.6065815365853
-1521.2159836475043
-1537.0938962232958
-1521.5359183435228
-993.0556634261792
-1116.056295684797
-6.120887575434774
-1053.4367639748186
-6.224536203960213
-243.30165771763754
-1356.5174069430923
-1221.9196842115462
-1059.0122291490816
-725.210907879388
-1492.0825956914628
-1184.9568970184848
-1388.805714033397
-1396.3763250790507
-3.0279450356344553
-1486.0367314288892
-1525.238074298706
-1284.501057201378
-1535.1664844540658
-1491.3458446431232
-946.9297550002722
-1519.1855042090035
-5.144831500607782
-1468.8092763999252
-839.601514971852
-1497.4033710055232
-3.0821232566901617
-1282.7833076295021
-1319.5560060326197
-1175.7579002182654
-6.189798728273583
-1069.554946389765
-2.2564967370598157
-1069.6978508287596
-7.182939268746334
-1189.6459683454375
-1520.483080396847
-1473.3114028904533
-1413.1786872860685
-1472.3579776937781
-1495.8194639539697
-1508.2939864046648
-952.1446762009481
-1491.8020500262976
-1290.7990987319474
-1397.270485712915
-1468.2928493562845
-964.4647012346009
-947.0391809706997
-1266.3170888081686
-1540.3839919775414
-1505.9615539800063
-1393.8930385267224
-1540.3432674884075
-3.625769095611883
-1397.0494364851018
-1492.1872709136508
-1478.6241340678018
-1412.1769387321667
-1501.252812487601
-1226.107933236401
-238.41449155769175
-1411.977461645187
-2.2639096602501265
-1179.481256292458
-2.37368049648928
-1494.1339007348763
-239.44625937793722
-1379.4721853740255
-1518.1017229312363
-1256.4101990725912
-3.1179255468081033
-120.69374464218541
-1428.0749670325943
-1.8607568906711862
-1192.9469229409399
-1411.512071882402
-1098.127895421454
-1492.6364352798255
-4.060544433108127
-1303.9872905383013
-1358.4605971638487
-1492.518376684363
-1066.8747657465149
-1490.1810291925412
-1407.0777789840097
-1514.9937606223505
-1415.6941157536253
-1427.3540007209913
-1482.9064412643827
-1432.8083905680642
-865.2661125867897
-944.3483178062735
-1166.4021431673896
-1426.8813146138157
-1517.5655261288277
-1211.0846239185666
-1504.4444706926256
-1242.5168281276358
-1443.6859902385725
-1193.8521812024494
-1301.8251949001226
-1513.4736197676445
-1508.7500852471062
-946.1336432299383
-1365.6862646374161
-1061.9123167867738
-1416.7536411068108
-1062.685870262936
-1496.3824482440775
-1382.566642851554
-1271.3417005532692
-1424.507550299214
-144.22128086624926
-422.0149483041573
-260.9259981949063
-954.4856382743434
-1205.6823409514689
-1523.359412659294
-273.2654049425872
-258.67045944895983
-775.0313292402832
-268.357710395956
-1055.95920588766
-1348.7565250833834
-1400.1379813861959
-903.9919971235079
-961.6941626872101
-1513.3421228311004
-777.9606465258119
-1471.3753719548665
-872.8445548755558
-1078.4378414361079
-1524.6077773421725
-1129.987188817664
-1094.4785372500512
-1181.821587023511
-1169.422859442909
-1111.3721925597802
-1512.8159659612613
-1065.3625566358103
-1096.5034191600828
-900.1210730818323
-863.029040637739
-955.3038514027344
-7.795146201179783
-887.2689460042033
-9.266318488385986
-505.05382523477573
-489.60458835067425
-140.34491230597666
-413.61385126292254
-138.7948844883471
-387.4927302931228
-369.51163267768436
-13.191176285886844
-268.0442811360432
-145.12119260344596
-271.7215455815165
-376.7416785779074
-257.07200815507764
-129.8712086241635
-271.288744810701
-272.5196751979027
-499.3810008607717
-261.630461596897
-146.57556013332209
-245.0471766017497
-266.2052308519456
-270.5328537979257
-914.2845291533982
-142.85463739091563
-310.5183607260997
-380.72194694373576
-772.3588046574965
-395.22649000301203
-269.109303469704
-145.0402946420909
-141.75717490111106
-12.022254840529929
-138.06872076307525
-135.90888701628162
-128.28217941211796
-139.94916894923165
-130.3807782368357
-273.05232839547006
-374.39935685287577
-654.5396115237029
-655.6662800578623
-734.1036990562467
-797.125973755178
-781.8788283321577
-793.5449859914892
-835.979940627168
-658.0935048103212
-645.711007570011
-657.9195988703009
-751.1115271484452
-678.1725110740192
-667.7698877471921
-779.911400875216
-980.965739261627
-1501.3944658327619
-1491.441631284939
-1060.8019659085126
-946.9384993523736
-1062.9014085019994
-993.1767168322252
-1347.8306073309657
-1082.7410605505665
-1076.9680441679766
-1204.4630862335741
-1411.7266392602528
-1117.5071569228307
-630.8635116887848
-1318.9258696393174
-1499.4120398559678
-1492.0888851422192
-1091.879312579042
-1382.8855006695203
-1293.1652573588776
-1264.5168443226264
-1501.1553911635704
-1498.0967855422743
-1200.5216696801974
-17.01178779046636
-1313.2338315193401
-1494.942057444381
-1272.2323517595742
-1135.7147904667777
-1348.2028412350942
-1373.4174451777794
-1398.7888700076376
-17.38014839862246
-789.3488595477511
-142.04537575951454
-407.41956135850137
-4.237498938935752
-257.61626708023033
-121.96610411562358
-1430.8820087454062
-1372.5686995267097
-1408.1920744460785
-1340.8451598858903
-140.97786340572355
-138.45222936143355
-859.5019505814395
-781.6070037072541
-124.7116986414658
-656.6961176301598
-1279.766863395409
-1136.3374476892025
-373.73255340674154
-247.16180315831036
-1384.7982743873865
-519.1019699986656
-129.80458306331232
-8.744213004484205
-9.584730413755269
-916.2182856447056
-1245.1871454708828
-120.80761327765497
-1191.2324973629027
-395.82699949979275
-138.4947586598772
-120.6714436981039
-133.0911187023702
-391.08622652874334
-133.62106820121812
-136.68653464871355
-7.475412149694776
-392.85306910491363
-126.09319634119962
-1093.6557468803035
-1156.5278759179168
-1095.5765928913836
-245.15229577292516
-641.4727842657785
-1186.7105605071229
-256.9001573707259
-12.252627792556186
-13.084313597047032
-129.760100938808
-923.8467980810975
-936.2490685614101
-133.1959286561417
-125.20438218167234
-908.0557909755623
-1026.3768405069256
-121.61937770886288
-131.5653302405767
-133.06125020533278
-6.419855209066935
-4.328323694236223
-268.0251495478175
-1189.7846334700837
-1055.9339317087993
-119.92915499510099
-130.83807442885987
-1072.6466807056522
-1060.6365465541605
-122.75213611926871
-122.27602501228758
-1048.9790116909544
-1009.8998695510069
-1104.1271402679222
-3.1294745874308454
-118.10053045833246
-126.72408410171758
-116.98614605627486
-230.22724536288462
-242.90544009833954
-134.86410031746453
-117.99906587680206
-224.2946189167793
-245.0363166803281
-119.93731102696698
-124.07478010631874
-128.8759210436484
-252.358606494032
-123.66660286437867
-2.970579735183094
-247.2818052047444
-3.2704022321035526
-246.17932152794822
-129.87904806470175
-118.05392446096121
-480.97854515435813
-233.80451301481418
-123.51945495876049
-132.03144103889997
-261.94934145386753
-800.3078450951175
-125.45720135471068
-251.51581591281146
-123.03757165748816
-134.29509125656833
-250.14548678565674
-127.64934684231622
-132.72098777298612
-350.85136405076526
-351.9478561751225
-7.806296080684562
-253.56269899059012
-137.72418677837555
-123.6888093070551
-131.51145781357724
-138.79761421621004
-17.589506034974384
-255.46638303986478
-136.2192666885616
-134.18484640197977
-5.9343820206141125
-239.70014740909176
-6.432855141739875
-119.613681971659
-122.48867594053674
-255.06922257044548
-3.8208541513336978
-120.73287288411532
-235.5490552194068
-125.22797565531366
-124.9384670634239
-250.1738578714609
-129.95349093677743
-377.97128173884613
-390.3852309383627
-124.95593804182685
-141.16171158215903
-431.02499650165925
-144.7251183043932
-265.97296065178955
-870.225001518209
-893.5407930479887
-386.3640162167114
-254.5093578883519
-373.65502243051907
-505.11094433491917
-259.1695720128651
-2.933180604712616
-121.86423040213315
-244.4486966481005
-127.29004101455583
-343.41450085855877
-244.6212455137862
-244.08575208828483
-2.507316030729078
-2.192702643151168
-2.247674808907382
-127.4021588875715
-133.56830501871778
-125.38019231014876
-128.4508433578106
-127.55841024416506
-123.19374508911557
-117.06484783313849
-3.234083006781629
-246.73244615165228
-263.81899851503954
-524.5015994547135
-403.9990969627675
-240.86871545924814
-138.68500432955966
-305.43043953337866
-16.947771336656402
-146.62421812396389
-144.64468228039573
-129.1000057621115
-527.921367357454
-250.4451515207808
-143.58400460678456
-146.04732722940886
-147.96144118554398
-135.59166910941113
-9.33358444974049
-1056.51074210412
-135.60489428372816
-138.4591532672369
-136.55487253265767
-134.05056266963365
-138.68496712397314
-134.7524056401843
-143.22264134098614
-280.4179437179131
-141.7411601781397
-139.6096520205809
-137.6538658587138
-139.2297394585519
-131.2109300853964
-139.56069534024468
-134.90710999787538
-269.93174351156085
-12.596823689321305
-259.309007497045
-139.80524681366643
-265.2478318028336
-133.01343797516085
-137.94985886007086
-12.629708141556383
-137.74253337940522
-253.8989282939235
-947.3867267826481
-815.2495606851121
-253.68695282726662
-333.76817759738196
-9.060525574631654
-362.7466841692844
-919.7050363121723
-257.07037162122157
-143.63502687141036
-16.774161701750053
-259.5981845312127
-236.03322375657146
-1087.47620503269
-242.98301739836356
-135.19524734317793
-1164.1646329075027
-1172.8257625146443
-1151.4912771858465
-1137.455408235824
-1019.8173978559555
-120.53414815678263
-126.34075884485014
-254.04873817220133
-5.2593218200994665
-4.099692673465941
-2.255419730064028
-129.94459538496852
-254.11790830052396
-3.22244655733523
-132.54402273528217
-118.96304590914625
-377.54353046554183
-1205.2807778359072
-1144.6471685225395
-233.56180943955331
-2.611831116670499
-4.062106539935791
-133.55268717367787
-132.8003670942221
-123.10968905226983
-120.01602043657215
-116.78555996928677
-124.31316224947389
-1205.0801889377713
-250.03321041759168
-116.4046864150712
-121.12304617551742
-120.89553036618382
-245.4875723257222
-132.8025821603783
-245.04731390002343
-132.41241988207497
-253.8570334217362
-119.13544878082223
-1170.2079259305378
-236.0947547546269
-2.592881630538893
-116.24238390976673
-249.1465285973533
-319.3092100119001
-357.15068435436
-1169.8164651870363
-129.66367231653686
-1205.7854617221737
-1256.8789904069044
-135.45274282655805
-125.96061747814286
-1098.1527422563859
-1089.9860949323627
-1063.3906147248224
-1064.1746841366094
-224.93364511231098
-2.1294468708565355
-241.4176291164058
-116.29800814391314
-130.86854344047205
-376.2140331509111
-125.15174586068706
-134.19443396639406
-380.11636293812217
-133.82808318303952
-126.36000478779725
-390.11578597053676
-521.0204752912946
-517.0394186734266
-503.9576202398508
-274.74472625041204
-648.4266169262794
-510.12612757072225
-532.744184099555
-636.5500318836379
-515.6039090524565
-642.9535889527443
-528.2259352600004
-834.3801491742369
-642.721769653599
-772.7631607122054
-538.3737143104416
-524.5316734746962
-635.5624625375057
-661.6691055252949
-463.97118756328496
-522.6383036887155
-633.5699241420903
-401.7804471627239
-525.6211959467062
-407.16011229088787
-643.684232973624
-279.98819696321664
-159.5798862597476
-152.23368611834206
-376.0149090079963
-381.9455140577652
-544.0810404495522
-320.51299454589576
-509.0911780968712
-400.0796575488923
-401.1576866580964
-388.67903336992015
-396.82660783879936
-141.13086544234739
-264.5573639291775
-385.54051072101277
-267.87881090114627
-255.66477833700017
-18.750551381545304
-252.45158054924477
-21.177799528535676
-128.7079067665374
-138.59016521439818
-14.208408600995549
-14.54182869906131
-138.1843639427706
-461.236771368159
-265.6538862265279
-21.450253702592313
-19.550780031379475
-132.6103051003139
-264.03848171327195
-490.1938098666887
-680.0620357844506
-393.847154915583
-394.4632853186648
-517.0214068573943
-367.11445518748275
-266.45473364555767
-138.23751792210714
-139.92546407057628
-128.35112201554705
-137.70799726031245
-138.5486259307194
-129.07545931033758
-141.43695491985392
-139.26033372543148
-140.53317915718412
-386.6561668216967
-255.72480093634533
-361.8055661767397
-136.53992625413952
-140.2195502692266
-354.9833023568855
-13.339346287681561
-788.0558929398466
-131.64976634941894
-922.3163090666256
-133.24670307836183
-954.3347417922697
-240.94881940325675
-256.07066044481263
-268.70122410393594
-248.6005225447198
-15.950643610318984
-617.2395186375754
-503.2917282888859
-932.3814916304107
-1019.1370483792676
-126.12524590382101
-1086.8861147751638
-140.03387345606978
-1159.2550869360964
-1218.3411234386313
-147.73499267342672
-256.04179727587587
-22.93525743921892
-1195.7918235035352
-147.98692526822137
-261.088608471638
-1318.7882763459222
-1300.2752822233392
-1300.5322794990868
-1170.752291167395
-127.16853802001124
-255.27115109489097
-1220.360732065898
-252.39079842389506
-1204.9155497394377
-1191.1172055299044
-1203.2022798631015
-136.6777723336525
-250.0322024183041
-138.54994222048853
-899.1111864708497
-140.7749280647977
-248.79996404658667
-1103.7741426295722
-18.50214094480388
-1208.6823384616828
-1037.3308645904979
-15.720314589411515
-1258.2192389539312
-1389.405069037531
-1403.061045826236
-742.2628301383008
-139.39956852289907
-1124.9354528642634
-1386.2272371047563
-1135.0899855451903
-21.99834973724208
-253.06310609777245
-17.49153596654776
-15.607833666152231
-1392.7425139662002
-1410.4068234996962
-1186.0547218534427
-15.598601594435296
-138.58860821574424
-1043.8572753858687
-1053.9083982849513
-1414.023712030344
-1078.7005938743175
-1324.9785459777268
-127.89586014690876
-132.75521021687598
-13.237259732279641
-948.8228205627952
-134.7715041285309
-925.7272324768846
-922.6404706544886
-1236.608882384019
-235.47407130153573
-8.067764750696895
-1215.0896926753205
-132.30371361769255
-1203.2347938932699
-776.2772585521197
-246.17843742802773
-120.16259214571
-1205.838044732946
-355.30940716061866
-1159.1971560900652
-7.97777968825709
-1234.5692206905771
-1260.5524814852663
-128.52832321992517
-1021.105617310343
-1071.480258026848
-916.2464178683084
-342.8812802812624
-247.42886694664014
-266.3445173969259
-1037.982851252229
-123.0289959012163
-333.2534966943045
-255.80312040493567
-131.11179556155437
-132.55459799307872
-244.08715459806672
-133.83978695017876
-122.50728007261927
-126.1997796720577
-7.718252549403357
-134.90610693930677
-1044.363543750065
-132.86156859310222
-145.5459050925879
-1150.8423163667312
-1193.0567651585045
-143.79607918159013
-139.48618375447626
-133.4482835698552
-239.8233347909568
-136.51310258413224
-256.80024394954484
-11.144512216056357
-1072.1269030129577
-254.12835826448926
-134.81957100477862
-238.46898000273666
-257.1131563344218
-124.40252409795083
-343.19392707309873
-135.58681083298495
-134.71472405731225
