-1474.9218951942244
-1727.657736930977
-1606.3752244024663
-1618.7181030003508
-1610.8014464160124
-1591.2803460755597
-1628.2207270685692
-1614.256151272377
-1679.7255409445977
-1602.2364020694688
-1533.8893061111519
-1441.8748257592188
-1567.6408506496796
-1564.1267867729089
-1584.2652705988091
-1608.7706954390487
-1600.8820866029569
-1655.7094032539349
-1636.540496610019
-1625.9023299264709
-1566.5786569952118
-1538.8197721768204
-1380.2131077996044
-1582.4534604079201
-1557.1636247330391
-1599.5479302234098
-1464.912453152205
-1446.2508619054327
-1253.032436246157
-1571.128444052234
-1514.7188928545202
-1557.3206550446228
-1542.415801879105
-1653.2697040674566
-1321.784459163136
-1426.058364336413
-1373.4527692992708
-1264.2261015419108
-1422.4089509756889
-1058.7215940507408
-1135.5159517591837
-1192.795410494015
-1136.7804198180015
-1223.7546345226306
-1377.2212945141916
-1353.7075342307874
-1230.6713045558904
-1149.7975193260174
-1089.1676523398278
-1366.2860838021536
-1492.198002098247
-1325.5464651597626
-1335.9108442149104
-1328.383620991578
-1412.576540006317
-1496.4451108920298
-1299.154783865403
-1229.1092114411997
-1492.9545095175583
-1500.8947887026873
-1155.142955513106
-1330.0503333241468
-1274.6686290024675
-1497.2559473106683
-1122.5927544798508
-1147.456154323061
-1286.8863391119942
-1309.8859820962377
-1255.254285482376
-1306.9965763875557
-1144.564360614766
-1225.0480607508946
-1306.9467426769434
-1092.3875202997176
-1267.3288447406708
-1054.9897039243021
-1504.364417528315
-1498.172776771974
-286.1517758301257
-1494.9689312768849
-1153.3794367626924
-1168.8212790554353
-989.6031917377703
-1280.5043633496573
-1228.1526830584269
-1492.9358489195297
-1088.5450385398558
-704.5430393850052
-1202.517012968828
-1122.060221895281
-717.479215358336
-1100.4912004408448
-1500.1448640872186
-1047.310149463827
-674.087011807098
-1006.2752315207299
-534.8931525953656
-1494.0512509274647
-133.94569879890975
-939.3537716976516
-816.1117429348587
-1056.4288306093924
-1497.5795265321672
-920.310878375734
-1125.0084394252008
-3.28188336380397
-962.3443694009417
-672.9846012392383
-667.2321620553666
-133.0710130950705
-270.1950717059866
-16.020120188137906
-290.95217534764055
-812.0398560401733
-1494.6806346087292
-408.845505205744
-933.0153847368884
-949.7605412544393
-821.1923968749657
-420.8759291987196
-971.5651273238517
-987.4528610869639
-565.9792983382779
-540.2937860882017
-1183.1795673623276
-942.1484771757684
-567.3738395765132
-531.8488805566536
-814.6673447643996
-1019.2224262887253
-710.5970465010809
-713.4922195665154
-546.2908074344218
-709.0424428386933
-416.42829475750705
-1060.5970156929066
-808.4566956907125
-529.2216724212587
-1502.3873497556544
-815.4108735441436
-915.6207168911602
-765.5287118917561
-799.9351089592457
-672.8295844834345
-789.5571702661624
-1153.9746535300828
-1232.8629312825253
-923.858460144353
-789.1162003301248
-54.41565383196081
-287.9277503643438
-412.6995828449115
-1158.396786170834
-144.28091063141167
-125.50489753106352
-934.6466159311703
-1128.8479520993703
-1112.6211978648053
-126.68357282835613
-392.01696989400375
-260.2348363274424
-258.6544518603999
-271.6930770609547
-270.47683028745325
-260.2715364704872
-685.6508039871591
-594.6898216538892
-16.68958884441605
-125.7288587842489
-540.263274232077
-250.07257177493216
-125.939622270109
-766.0621366058429
-781.1054882111587
-269.8475717644812
-265.9218175387052
-408.9926803307433
-407.4711898816675
-138.05856605992392
-132.43251482671104
-140.46923159489393
-169.44998446296384
-268.65139353314595
-138.12009529845798
-385.70669869450865
-279.77764425982053
-417.8563913109165
-146.6135679380755
-383.33240633754616
-129.32772691840185
-134.3966518155019
-278.6453411785493
-2.419299864178799
-136.34587058562917
-0.17737978685601977
-136.47718752601637
-133.95767423153555
-6.567486846151868
-132.06241147248966
-232.0797031232091
-2.1472616492630556
-129.28760991114123
-366.62086628302035
-120.79884136562056
-385.4124938167905
-307.3274985425267
-134.34404092610947
-2.764591307017632
-365.6019792815252
-368.4787052622099
-247.4958681938259
-123.42240776926712
-261.6351092122858
-6.875954906137
-4.20089961551521
-117.30352853641527
-1491.6905912165519
-703.3426636696252
-886.1050601370522
-249.61911073317665
-235.78683330536492
-4.05919925293582
-128.37567730187996
-127.0083594797121
-253.12016026652967
-260.4686803599946
-249.46131352672154
-251.3094757758941
-288.39075909307047
-118.78920952237111
-129.71726568049138
-237.28894743688863
-2.292322027763746
-128.41865334539924
-123.29226451026547
-0.9872347902692812
-132.65125144515258
-127.56363179637847
-132.71901670443137
-118.514749145912
-4.360766874662082
-120.03072465528876
-129.8980030506701
-358.60976410024165
-124.61193990428109
-240.46022979684275
-113.92856448724714
-235.66323003171348
-135.14422061655745
-247.8159736448352
-128.70201935515567
-262.9316680312988
-133.8738856189472
-242.09800516504518
-118.35208492492768
-1.466600743342027
-141.03903339539647
-3.440955999772099
-239.37247417444104
-382.22102988992896
-414.1086235075238
-414.4700578874852
-273.71283076717924
-289.8115753496219
-244.85998854306328
-127.83934102182296
-1.5649181815515105
-124.28929794231077
-125.50242986119056
-272.49247858515037
-125.20183533843925
-254.96798288667802
-125.4705627674758
-130.35693136672808
-126.48660212849248
-240.90047049299227
-124.1919395569196
-118.89746483603805
-506.4445952251235
-0.6352123260729724
-230.42383748947668
-124.60616715370672
-656.806142150463
-283.33527396057406
-537.6821920718021
-121.01622298423455
-1227.8551941497476
-402.83281168572796
-119.99569577992497
-137.3172985332632
-393.18524679256785
-129.65726959021387
-139.70620997819975
-234.2857793134024
-122.6699287899533
-122.55887958799826
-1.9067124787470178
-1.6027994770752643
-126.00485187604768
-117.79754615845268
-239.58253328619875
-2.6175847217811907
-238.77716647009268
-141.73131916879012
-133.6081964187117
-257.1336017111142
-128.26497950272346
-130.51867931275615
-0.8458490332006164
-259.1910934324155
-137.2282465694238
-132.5966926891272
-391.7923923501195
-7.801625080196472
-136.8715011283759
-243.53811781159547
-138.67031748848552
-518.2461062045427
-136.32795417375692
-127.9039012661783
-132.66999840119524
-238.10147283045637
-139.67039802213432
-7.553813987270746
-126.08685787407101
-360.6376411440475
-242.33203750517671
-129.66887607279924
-123.18852685102482
-126.46753092210292
-238.2029376122408
-123.29154186785563
-127.88066331198847
-15.74754176995104
-247.9495677325461
-14.51316352434765
-260.36574180925766
-238.32766811729988
-258.37408976819955
-125.8754870735477
-248.89755822190546
-1.7549684225918767
-134.38795436440012
-318.21379602068606
-504.1791068437714
-2.4207249100701134
-2.8129664276876882
-1.7228332556996013
-5.16679595930339
-119.2564764372362
-237.7559843163277
-318.8032358457021
-126.80344101404543
-265.52130737188634
-1051.39707016103
-129.60491679030383
-129.736491456137
-130.89810277760427
-265.8004223981388
-134.95892514198167
-127.320662163434
-9.905348391727783
-135.9644410082547
-134.52767669074905
-276.9210592324685
-133.23708892907118
-248.20093751353207
-124.40238740430233
-118.57739284975128
-134.01763592146298
-242.87209567177118
-358.4323994852598
-10.203349399935338
-10.44694598043768
-3.208987536079075
-128.97088655226423
-260.8269769873287
-251.56648151001838
-132.802495942514
-133.93858275479678
-129.6932241209102
-130.79383709383598
-138.96007015933768
-133.8320857314253
-143.02360550579013
-787.9213105469903
-137.4674894650251
-356.46784735643143
-138.10165129771067
-136.34967261841763
-250.6020189292959
-269.75638608239984
-267.4009047314552
-136.3305708315933
-122.78424906987715
-265.9102858882046
-269.76628616139834
-124.1613352149321
-248.1431566533508
-256.51483639428045
-116.62692559424092
-296.1303140115131
-129.55007010855317
-130.10676777506956
-0.620775311845004
-1.4884477372938367
-1.492559404080858
-1491.1314360984275
-129.2840329502805
-245.21415779958625
-129.90361446877887
-280.54298776078895
-135.89510279447614
-121.08566500731031
-475.951984023913
-132.7158849239636
-236.54750927716742
-340.28317887256645
-131.0075921913439
-2.019686969507455
-5.576958301061857
-129.12591209267728
-123.78741600416278
-131.42118534639673
-1.589197547275151
-264.91310966182544
-124.75966474492296
-266.38749853347844
-143.58835122245625
-137.4048404612202
-120.63256244074172
-260.69306995320164
-267.71340767170636
-381.5054322221461
-140.09276247808035
-129.08593774123193
-5.618994253092384
-126.99871095992337
-7.216699004405536
-134.80380171441126
-5.212533132305645
-133.2639577696009
-1495.6971357646673
-397.59825575923344
-121.44593916450063
-2.3967837249238615
-979.84000732605
-128.8304632795412
-128.3991480701728
-129.30736606512613
-135.20847448212905
-247.06139290261265
-136.35353526996235
-261.37291999530635
-12.795733781691398
-123.49848167232544
-641.0369748761583
-255.9966754799533
-335.0708228983978
-144.66675909508484
-1493.593400429296
-12.575298779229644
-270.23593282497274
-140.60411727772845
-268.66839322198507
-137.91077096989164
-261.58270507903
-278.71422753095817
-11.69501641448594
-135.35295258066753
-138.42331583111087
-268.6193761311758
-136.1845885506231
-227.82776527664421
-307.7343227661532
-1491.4139450701155
-137.98885638305518
-142.66003753045663
-272.2633291930397
-247.55990624703895
-272.04199286698326
-240.38375974144185
-123.41443423520009
-437.2533786983048
-121.9480733142646
-245.73843300291924
-136.95104867089256
-399.7695284920248
-129.16214482012077
-135.97444059342416
-399.0605986361976
-131.90334007459214
-118.11871374851624
-263.93257497196885
-134.47095615493262
-134.18196208541576
-9.795520239770378
-128.04020656328112
-129.57372600617995
-140.72500172156674
-140.61841193961465
-139.82582338349542
-125.04585361892964
-136.64540243557303
-385.2325396376647
-128.30715716526672
-256.62994784187515
-9.040642553953305
-136.60490046019626
-251.0880729149772
-249.81971568494308
-123.56736554676198
-393.2313664167293
-122.81804443426684
-125.80875581932808
-119.98210817435188
-340.01462096326395
-142.94506811025582
-992.5995272533808
-535.529215797339
-139.59549363140323
-135.62259701295417
-264.2812693494998
-381.8647473285809
-131.63630413209782
-310.8524209609951
-262.37635779915655
-127.82253618494903
-128.03169429421658
-4.267363637753963
-244.7788151924094
-415.14802601456006
-1.4155066517848667
-129.3667935798366
-130.72358994869876
-369.1677653111782
-114.87586326142079
-136.76614067768506
-334.61472876696604
-133.6816918915615
-131.34081135234786
-262.50051663815384
-0.49139748085099816
-123.14152589394439
-0.4011349688040566
-118.18651197334707
-122.16492085503016
-130.61301857580264
-238.07314781010408
-135.5610500886867
-114.43266140799668
-245.96984803995792
-113.34786334700155
-131.07547172294704
-132.2302326799563
-128.88356798185447
-126.50162681389018
-121.79165383163819
-124.93922937517029
-251.67699515060642
-258.2721093061921
-122.3157709810139
-126.75311076102166
-0.9505817852363997
-127.08417282430877
-133.3469922935767
-346.9983618536643
-117.40731581340428
-127.62592781316587
-126.67095597085626
-119.88915565395821
-130.78967116748552
-1.6555402501788714
-134.21878436415403
-293.6400820544764
-134.97550392221135
-252.25083260845142
-129.27553493305044
-3.9345206029308817
-335.43608764152765
-1.9384672204915547
-233.98119611783798
-225.42152883573763
-128.0935492123764
-116.38089486484417
-239.80535653170296
-131.04411426628513
-117.28103411601549
-235.43185131405528
-133.89533946198617
-241.19699200538295
-357.14336651156674
-130.93692997558827
-116.87855549483086
-137.59302219894636
-233.00078945787982
-247.88801236387238
-272.4650953044398
-117.04247888443537
-2.0885624552519735
-248.09056911395334
-334.1618535532375
-135.0177242982303
-348.2364976526484
-120.73855162148692
-125.99778594855837
-136.1070925361016
-277.64275699085664
-2.8208398973734723
-127.48145438102478
-127.34771214419892
-131.08458918063891
-356.0955511541579
-126.80862269688645
-128.27507542165435
-366.598478396315
-257.6490393590144
-125.42752330767695
-124.30824318911141
-248.86374728674605
-251.5974352079042
-11.00696652966041
-14.417901828076712
-15.894868789683724
-139.87051035391343
-146.42110144284754
-148.0601764780077
-131.89234128161056
-250.27119366812008
-10.045430113289191
-247.23146515445066
-257.275412909613
-142.53615951287946
-248.25564092193616
-246.53023531046128
-133.23640335110983
-129.70919798714237
-130.560325127526
-140.30682926468552
-133.82744570353816
-134.72258742697625
-266.3844947982188
-250.07800334738133
-114.91184837389743
-228.74362704253656
-1.0827630549526879
-135.02895159667273
-233.5087728547968
-115.78076326569493
-264.23246516266283
-122.23196184286809
-1.0524648624708424
-260.863218112672
-135.27156506155598
-0.4502585770068808
-133.22880983933757
-129.0293848868581
-236.94525005060603
-132.28280239372125
-129.1202151013523
-1.1471567836524832
-229.17968300814525
-248.81222648268525
-285.747714741962
-231.2459432367742
-122.41723386005692
-370.01075116421623
-241.61244140081453
-260.05127597777266
-132.15401140710551
-327.1404370952315
-23.8455712791
-121.9748508476297
-117.41076095198092
-1.1272178843230782
-129.89364546232963
-120.74638046067952
-129.14929474178845
-117.20364826072489
-122.12904119010457
-253.36810173065433
-0.7374733970738628
-344.1890519123307
-246.90639925316128
-240.33754664339273
-267.27399035538997
-131.77773014082143
-117.15891935471866
-300.19343541065587
-128.2836549104394
-3.568120424681802
-128.86615785849148
-131.77002624239307
-1.0499413614448818
-130.3789139961721
-129.6582674613275
-127.8500606896201
-233.99410950081162
-239.65933456235322
-1.4791785573110063
-243.60435988525708
-126.12284331172617
-119.60204054376928
-241.96129528525285
-123.81283491774431
-232.29015980019028
-129.19549619469478
-262.9659353637809
-142.24607535580702
-135.52465410090716
-8.145292388847247
-343.4351467084686
-240.80208387990507
-118.76042050873352
-343.15514900334625
-122.75103184117812
-368.96769700181125
-120.41708343856968
-118.42724014352525
-125.85329889520123
-240.8047528689588
-128.60376443997694
-1575.0168008263956
-122.24752946784609
-130.68807454781756
-118.923580110846
-125.81682439074078
-237.7050668321947
-117.59874484551105
-2.7179689528128885
-1205.0877602112294
-259.44114876724166
-129.82665996876497
-128.34155848393223
-232.06697500469227
-120.50366708189078
-1.319055222742099
-124.22957266019837
-116.52178440589154
-131.3636167115899
-113.16738316735375
-1.5717652862616418
-239.07325390864202
-2.506622612752383
-127.88808074512151
-120.28214024189344
-133.99295629983584
-127.03214814271531
-122.85718024954393
-382.2873933676786
-303.5629349004048
-127.33589121246573
-274.52128869697344
-121.23330755610701
-2.548485130516209
-2.58049807743505
-248.671555547046
-325.1317668130412
-123.88441995184569
-134.52588493078756
-249.95574459422235
-127.7518188599242
-248.64223759464605
-117.08162389799227
-246.32487251393457
-251.9359383864979
-121.79519683136901
-306.5184016189115
-135.68642085778296
-129.7614028072859
-247.24409475781295
-128.60110871210279
-7.626064413977864
-128.77861780799674
-119.71303909776817
-134.20138697467593
-5.420178473460509
-135.26049156808372
-251.62077780677586
-125.23224889250787
-130.21353119169336
-234.4717714793906
-125.4474823264479
-135.743388319117
-9.658207169757993
-119.49009828236751
-135.01811439996766
-8.967017212287717
-245.30493177071614
-10.48904927482897
-138.7628058440478
-135.1172843371742
-137.7089074953813
-138.8905798369763
-263.5771992673145
-138.4232063907421
-134.45640888466795
-16.22240934208279
-138.60518664074425
-345.68736012187463
-392.6253052277157
-266.94696042424323
-137.67114523251297
-130.59193292207533
-129.08414078716154
-135.22674146516954
-134.3446013841302
-380.7105386948937
-122.32552777223209
-2.4900506880076994
-389.6626531219039
-262.13058661684653
-259.0919363765413
-120.61530483206117
-127.9127585123741
-130.71587579852908
-121.86038632312777
-117.53784799710506
-252.35834346591855
-378.77673669253227
-117.80389594787957
-391.59703062493884
-332.50300612999115
-4.038346561569637
-133.45766756854874
-135.97892294052158
-136.4238990827527
-243.98944241244072
-151.97393585653387
-17.822118688310645
-132.17375347791932
-134.95429383919333
-136.93228885413131
-247.05688711458595
-254.52952755421236
-135.15082357026694
-248.33666126297567
-247.21761243121307
-128.36510884753707
-129.89180775015444
-116.79211221118464
-0.6218882671436367
-129.98458964653773
-129.9533805624516
-116.7204316296198
-128.5904505054181
-238.44949934051206
-274.0638785287023
-531.5189685310052
-246.13214471802132
-134.36591234509544
-132.10700050418367
-135.17477809531528
-124.28231561047832
-0.6863550975859373
-242.22490209341527
-121.75807475516676
-131.33061954015423
-258.7280390982988
-346.9049276541259
-334.4994995676702
-264.5053729082854
-130.8986111664661
-135.39499977366535
-248.83874644284677
-126.33317585570155
-243.54577941641693
-127.32199803287425
-129.55019358353874
-1492.2081258967924
-124.59850458640729
-133.68379858128594
-266.3351114997173
-145.78925274741388
-129.31510440119868
-334.1843027278836
-128.79696948978983
-246.05619286930997
-1497.6235731278
-0.3337450659103529
-134.09061687475207
-142.4559509470552
-422.3073265195859
-248.79159338788403
-373.0827640360929
-138.04743461243316
-126.43194968092494
-258.24882039946516
-381.67029570813736
-0.8196224483627935
-133.876289221108
-135.18072046888093
-247.49622193950717
-141.20831575109284
-126.83482955925895
-133.1097580362353
-0.9792649434506591
-135.9540093136384
-126.4442303084992
-126.70495064033945
-266.44624130947216
-2.531878477329719
-135.30186083643036
-114.91625258013626
-126.2007287450418
-120.1079944184822
-131.60231973477113
-134.18274844569345
-115.8086795764502
-254.36459633871493
-135.55970115576326
-131.7256018739994
-251.93248942586786
-130.280508805202
-0.7654873335036231
-132.22358793637883
-21.087571783280602
-146.7639605022514
-276.08123390309026
-128.77861480736146
-151.33817356423498
-134.51925120077595
-271.2571841213618
-135.2348164140572
-131.24743647122875
-134.68632019774054
-922.1219991978771
-392.17405985972505
-139.42809379330407
-19.49783778472058
-145.50802619702648
-265.8790493636587
-1362.7875834653628
-139.82210966731287
-3.458337279635542
-120.51358829924658
-131.70292513235322
-296.40885959251847
-133.3051812353476
-242.81172655276958
-245.49600174276873
-249.2321839368587
-130.4675145602396
-127.11582776995384
-123.09400832223419
-124.2925229241406
-1.4463655543680862
-350.3329169556751
-0.726356114370864
-129.74966274220168
-1.1599256931253448
-121.1965073859508
-0.7369912572622594
-127.72510513759893
-119.18892972273187
-2.1025890913401506
-0.8338511862338329
-245.7531334776547
-137.51329780845293
-124.32545127374337
-238.46079425203607
-269.3723820224988
-239.54708615391775
-231.2589109634758
-244.9277474477072
-0.5165537706679404
-267.85173113299186
-125.79389147962604
-234.545939411896
-229.85817483934815
-125.6241837283085
-120.85939210879074
-124.08483244350788
-127.27875595365323
-120.31669740531099
-323.0955559816462
-118.72831922971245
-118.56755457790263
-238.4960364745567
-126.8273092912049
-1.009474664183614
-238.0859021471674
-489.40027832506513
-121.34356525898102
-128.1927054377064
-119.11915003140923
-345.43041976030054
-122.79471956315126
-4.551099712820922
-359.73504892717
-252.77088290919795
-261.93791067922996
-2.204151238193582
-117.74938850007946
-253.6323204728258
-130.62222728145687
-130.5385548796885
-129.4625110583864
-0.958693977465001
-252.43874025172263
-120.65327849557399
-221.78113242365217
-117.57703505403488
-117.52281070769914
-1.344760329058838
-357.71372010307425
-114.8401659602092
-129.5289746664685
-0.5742463871126502
-241.3861797646043
-381.05798147338726
-237.28134447929665
-0.6016577609422391
-244.8092922148859
-133.84321571031268
-113.97919323585045
-232.80205086128817
-0.43842091577506354
-123.3068621134234
-0.9469681263112893
-243.20682345142248
-306.16315146793823
-1.6657439025480385
-130.00970644308802
-2.514995716138492
-2.2205221351816395
-128.83277941709932
-0.5387415644871385
-114.76258478308091
-118.46408842711901
-128.70786647680993
-119.89063125047794
-129.76758371282054
-132.7916871931981
-113.45340590647356
-0.8124352335048813
-127.4340282749658
-242.6984291104787
-117.34100080680531
-129.38852918316783
-128.80239270435018
-0.37483955198541824
-355.356619747004
-237.38079458664285
-117.9665313104709
-246.82593491458948
-370.09432773011935
-130.4864503369773
-1.9030497396384005
-118.82552901794223
-657.2809164574927
-128.53903104823334
-1.5453198110170763
-118.45707805750914
-505.3088834011069
-124.5100326199301
-258.52514764518037
-2.333264169138133
-623.3054483020162
-5.369788393921248
-118.13604744192467
-248.24786454188265
-2.8586280424484505
-120.88756469586613
-116.4600131481662
-120.35877067125617
-126.3975653717811
-0.6235487086855614
-123.02729285519906
-118.1169265369563
-251.99795398160748
-246.65501037044905
-124.07714119067909
-252.6734059752871
-311.2711031712518
-267.9752017464129
-1.9012084695896811
-1.4095579758803198
-228.1930288927663
-339.37508428795024
-130.5903697622865
-124.78436975713899
-1.7523190716649486
-126.02394917117694
-129.01857314457354
-308.82462876330953
-233.17241441483267
-118.67742344902501
-123.23487106963991
-241.72521070525966
-236.5300194420954
-121.94896026427317
-128.1465277253013
-122.92463691334761
-254.0575359564572
-127.08707217094761
-123.030024751218
-243.4374808889178
-258.90070344010434
-4.821279804280156
-132.01476020545343
-116.2454147229236
-239.07537875233157
-333.7676802106715
-7.094853452818609
-9.010777735594242
-2.0159340058343993
-301.72347288795606
-127.25263768503785
-124.10768401854315
-249.2596637531469
-132.3869227938058
-130.25188534803658
-293.5163006144402
-242.42312101098656
-2.409629637672681
-128.29547012943885
-135.6081040512712
-255.7529423002744
-117.21451410792062
-6.350159639306781
-259.40273144447605
-242.71018152846952
-115.57833091276692
-116.28732021577973
-125.80859927814302
-404.9886637044054
-245.14522303984097
-268.5571185474755
-126.6010406131737
-113.84763591157497
-352.7538161993033
-273.1568672526668
-118.51618077320093
-361.54053345749867
-125.4840677162372
-123.13346744442191
-360.1949793289231
-268.10721505234505
-116.03436144851679
-252.36565095158974
-116.63155791851612
-125.4483360803857
-356.71799936880126
-0.8728161415976277
-311.1566969136
-125.3777490176544
-0.3557454620962966
-0.42440737231111286
-239.57569610238315
-128.70388241319526
-354.85233614206504
-131.67215867020067
-291.4268846207605
-114.67762824152189
-233.55691848622888
-0.9928811813833535
-2.177060742818178
-374.75763715713737
-1.584631054763579
-121.97599235281825
-0.5332100169906624
-114.77586860177779
-242.29687542448767
-119.60892904270385
-254.2922020549043
-307.2024869673978
-243.11446225367897
-367.9990455908833
-126.48002130428974
-141.52877178841558
-241.02745953560876
-238.9104991553422
-1.9589434617321995
-371.4455864715438
-143.11419031324652
-123.87770782355827
-123.77124345789723
-371.2951195874244
-116.7888976076719
-128.02432498886597
-3.1687504496016725
-3.179806748421123
-3.8422755285112684
-236.05185362192123
-132.76351768334405
-127.96434731809637
-243.08573254424365
-232.54115955405445
-124.75443860881288
-3.067318943985585
-126.93931801899184
-131.9958256264903
-240.74308567655163
-124.53961233821224
-4.991267314483904
-128.00782930031912
-3.1723173635985233
-282.5825606035319
-130.3540070753566
-325.40683871715805
-137.1177869158378
-130.39469237354118
-4.16107743013567
-131.040048836021
-133.36649160654002
-3.069265709260877
-258.57247829099975
-130.97798743175125
-125.97468260102518
-2.8645676048735558
-127.326170652453
-135.42561749472134
-129.1191710027253
-289.3645992617909
-119.03050051923644
-137.05048249906352
-126.62413410582415
-4.5381601657055475
-127.9960986860253
-119.29493429743742
-116.27845800503056
-368.83658093439516
-240.13189505544815
-263.5004635506187
-358.97523581498706
-0.9481957699562815
-295.987314665421
-4.621526186217789
-2.7522753041260257
-132.74891222533302
-125.96128521148725
-510.9444573248661
-248.11773103717343
-365.8945583696734
-117.64929691299058
-122.0947865048839
-255.41053680990183
-248.52802726761243
-125.60159315600521
-128.17348597901199
-226.00331344944593
-373.5300561655833
-258.75403522159667
-135.4210374748257
-124.53009954072003
-243.31858130233817
-123.2521935067305
-266.28627098362955
-135.02470483661384
-347.9612117269817
-121.96043859723878
-128.6413613028129
-796.1569511841442
-122.30909863382406
-267.1374033773991
-244.80651155476374
-249.04154386565526
-118.52339996324989
-124.87030989755308
-116.28328834436135
-1.1812295351873021
-132.85880318322373
-126.6934672049761
-122.72501769966307
-122.96717871377595
-123.45697610871125
-249.26536357203975
-0.8497841470497435
-115.79597201303693
-128.72676364279374
-129.22047301843455
-123.74308729972194
-4.068162735873797
-378.6338596547769
-1.7947888667321437
-254.62658918652133
-128.84496695171532
-123.15782135838488
-136.63334768256192
-135.7249239459401
-11.296659790447281
-135.4963481349405
-129.14047783078323
-129.40334456409485
-125.15081931740913
-417.43712853177396
-127.16378725963699
-240.5985656494916
-240.63346229903988
-130.90582286131092
-126.43638685148538
-125.80238393232813
-255.16668372315863
-125.67320629120275
-127.56552285176669
-123.97295621252728
-2.159097660099236
-240.9681151367268
-2.0899800240865507
-1.7570003570677477
-262.5077599081201
-135.84672578965268
-341.8109559561975
-249.66009799339437
-132.31326804285138
-0.6957202787005875
-131.28354246140367
-131.6450118222553
-354.32966795947897
-132.83933281205776
-336.34544930673826
-137.05130347882326
-126.75015700257462
-3.8194434399978876
-137.78343863215912
-268.4342771755323
-277.47286484483794
-240.02995582342487
-241.48703064313267
-137.60400881399624
-243.03767980464204
-279.4564090771241
-133.14401991002148
-128.10605083934928
-131.47889787078685
-243.40150674156072
-238.8700227131752
-126.30684115757934
-2.5216786012418058
-120.44257360254252
-140.51817711660595
-9.760850410204702
-7.445436686691145
-232.3080471788247
-254.3599734739912
-134.78799086901876
-391.83164633394495
-267.38999344200545
-253.31251858707162
-133.2931322517593
-251.46082611598342
-232.31377410502682
-254.46738705706764
-133.92038371285275
-132.76157328291467
-134.10637293569582
-376.215320416687
-264.5479344618161
-137.85239301774425
-136.15228873362796
-130.76301157777112
-0.6520276385021441
-237.75315764813473
-123.04863455088231
-229.599355186353
-241.29333114294266
-114.85010842843556
-134.99351054110159
-243.93312517841315
-366.25732581712697
-118.89567908144207
-0.49989016030968303
-260.51922237400845
-125.12817708983297
-366.57184479255756
-268.2420668991665
-235.36769044543118
-2.103108995056552
-133.12500257918063
-131.41934831511642
-259.9060141102501
-238.51544373959658
-118.38181529485506
-2.251939565115635
-383.599353652604
-133.49587309643044
-119.74697148550797
-291.49758687385605
-237.3237968167769
-221.21329707967408
-135.1962796988703
-125.45675215145116
-128.72423265755884
-128.05247296275456
-133.56405416286333
-129.29228701849416
-244.32980291058672
-295.2250437038977
-121.1804525964659
-115.3254737192721
-141.39574902268114
-4.4660450856970515
-0.5591405402879287
-248.00379398850632
-131.779395447718
-137.06255455719779
-131.74357131722405
-123.64804697913509
-130.96480203105276
-126.63607039996823
-0.8772928325215189
-241.65701062506648
-130.25856066690386
-3.4878824041736984
-125.81855788606785
-136.85133929785658
-129.09682123217866
-133.1633821989284
-263.27210425559497
-130.30927231655545
-262.25154397232546
-137.78332386112243
-129.1654718556768
-381.00121571171087
-0.45804031856040095
-252.4229469187367
-135.65052781887638
-261.10501417397415
-243.78292208587402
-2.858909082801269
-248.24310404645075
-135.17819619267232
-254.48418958531272
-129.94719308401295
-244.45293184400427
-120.710994581904
-124.41149158003783
-124.15926908407133
-258.8007103442746
-1.7671934695253642
-136.4237280117157
-146.7195985922106
-259.0312846400856
-344.3081914680311
-247.87174464871043
-939.0385620422796
-260.05575255691565
-1223.442731002256
-119.16211093864636
-122.58050836818731
-136.22088067062757
-139.7608717551191
-1543.060563248403
-1138.5904755089573
-1195.7775188307141
-333.75093818846204
-505.50226413879307
-253.24085663940767
-1214.9736301523249
-120.95330642228097
-1300.8306736113593
-0.6469812564416011
-128.54564299098308
-126.43752444048378
-130.92850269799112
-122.94187420126508
-135.81424326622016
-133.47147718199946
-249.94648860659922
-130.6049355540095
-0.5606687964428878
-127.53930934742772
-1.11469526605585
-241.77726562472165
-120.28840947102485
-240.54709890782087
-134.38828695023193
-252.34071762145558
-130.53729511157192
-129.15519001308968
-120.809643563602
-379.7211981365676
-133.47709278658988
-369.3394668734087
-124.0105375240811
-347.1156912295457
-245.46043473795535
-122.41072294882088
-242.94179601842234
-0.7378205648295705
-1.1524380880648764
-1.6571463142178295
-2.2392793563280704
-129.47612943482218
-131.7622495295088
-135.1484778477951
-135.42336564766987
-240.1820091549269
-117.00658162343247
-343.2737790252198
-3.207388317811529
-117.6982827954518
-117.95421044782529
-0.4179750765313227
-131.80311774134185
-136.26243942225943
-20.481778190410274
-133.522318947463
-123.04188631055827
-121.8614082562566
-121.26582347329737
-118.28851816444752
-123.58151669747714
-117.83660363051534
-1.4683889017751177
-135.78676068117778
-137.2901098414226
-344.2065475626501
-227.41401695845056
-2.185135445469281
-333.57520919825066
-244.17464835334133
-120.77474443404913
-126.12831056414392
-122.95205427589676
-254.72425893488142
-134.0627688117932
-133.45086141823955
-146.24956620966609
-136.69591249460507
-236.61295535710008
-131.83366991837963
-130.185006979349
-134.19352741999316
-129.04617720389805
-133.37914063230312
-117.65687556415571
-239.96005024339743
-280.5962917514657
-1.039245052480402
-2.8716771650941157
-398.8529715288604
-265.0871690341125
-17.08293631373054
-264.65617547475574
-20.996992795859917
-22.488581836692145
-149.41956880899218
-323.8440666349357
-150.59914474296113
-130.27695541736864
-385.62456909986366
-129.11330628815674
-257.21710496413493
-0.23158901258143383
-0.38182519523138675
-133.59770967574522
-233.71919598411208
-384.6607365558865
-146.8413547151986
-147.03649474452448
-146.3382202119995
-117.17914245489304
-118.63184383794332
-116.68905346480913
-1.559459745595723
-238.81922438497145
-127.89964843687632
-128.6517714371919
-254.03847750036596
-116.49856635084683
-138.1224842121193
-259.5976288207478
-2.704912979644012
-266.1563432045841
-247.78174543556673
-126.68161240741246
-239.37280590805577
-128.69263011506436
-255.89003429341443
-271.903003902102
-131.48693111207274
-267.080521155743
-126.68869401959078
-128.80210702912686
-119.32719276800954
-129.12086893794574
-257.3735027226105
-2.5179219931268064
-132.59339703497938
-2.3736532729835718
-129.12843685290878
-114.26335141816922
-129.15131019434574
-119.98209301039658
-5.954771773323014
-125.80255348097255
-120.53910140884307
-249.521820194064
-6.492120510038865
-119.28790569689218
-240.87358177258
-1.9682838171456052
-118.20053982894856
-246.70441696490772
-250.27166816502353
-390.9299712031023
-127.00849359549058
-331.9835462219768
-616.3544216286043
-1345.8631765166333
-256.308422852731
-117.1367739627654
-1082.8448855420017
-2.4091865757178774
-991.1689021642321
-124.4057856335108
-123.4419320791972
-1066.0123463612215
-131.9167900372858
-6.820611518768221
-1194.1755404587225
-128.25202674247697
-117.27242026172384
-139.96393838058216
-2.119854857355476
-115.30827619202076
-225.1555094323935
-259.61245096669506
-129.68789060013438
-358.886041779979
-374.3891864816027
-1.7298107358930277
-119.65905546556034
-9.223689066627507
-128.87518826700034
-133.87130708850933
-327.2623391566357
-128.05685361025826
-342.4725708215029
-293.22678664786326
-122.18921819019208
-240.53798815580294
-123.63739994952003
-126.37251617880734
-127.18707185464062
-328.78605397384274
-239.17057438057532
-132.89307269094786
-127.42855235126602
-121.5509306726798
-248.5087695367675
-239.96729921859875
-1.0536397501666972
-252.07938200209446
-123.80286451070619
-128.81986665095877
-130.84384430045208
-243.6241051595732
-120.81407023263796
-126.03216590029018
-125.73079707275885
-133.34227903574674
-121.06302556766553
-130.67290524095253
-127.08147424292866
-240.8536549145779
-126.55428723959149
-252.89846768053198
-371.2912745861406
-120.66124129180706
-255.74757702937112
-117.54901187829383
-1.3606092350135237
-251.64176275425942
-135.56520134375262
-135.69780438242958
-233.31297734171974
-129.1755018621305
-127.09893376509719
-127.5809669231198
-248.47371080735874
-245.82787848682148
-128.42158392851837
-9.121983346246921
-0.8518742497457021
-333.5154235925266
-259.8961383973166
-6.09589994169617
-3.4724021176557307
-120.21019195318101
-268.6599534920815
-356.5593557095101
-256.16937640030164
-124.5890638902037
-117.83833452492806
-133.07473882722806
-3.451855388917712
-134.50784725748164
-136.3509335270228
-131.08181242994485
-9.638083452933278
-134.82961653738013
-272.9741951088368
-125.31960969308814
-119.92415192179149
-2.63155716197517
-128.71838157015327
-126.8428619020789
-130.05696924407758
-238.90503678291844
-237.09138371128623
-7.543133000552289
-131.72968782730862
-134.24836124232363
-136.61912629299852
-350.82933852522984
-7.177753671146946
-379.76339938940976
-261.09368363010736
-129.8599203460704
-121.8804772510998
-125.50718907421127
-1.8755530766187418
-4.490130428760975
-258.44205782015024
-407.31076267756407
-262.4157725973831
-254.0116068320269
-131.64837580093777
-121.94337783766527
-128.20824524700868
-243.70543654198048
-306.27910968289603
-221.52934753942174
-306.5476680387757
-129.33380049193985
-225.53699662252106
-261.25814517022525
-251.68067855000166
-126.17393740615097
-124.03569243297068
-8.808221653736865
-128.8503715512373
-236.3870868748912
-128.8666476747981
-140.27930520347772
-127.93837665863472
-273.300834110599
-117.5217609867049
-127.73141692316656
-425.85544732468566
-125.48359141342792
-254.6594323086388
-290.55615484269225
-247.1210824737723
-259.3155837445066
-358.3518837504377
-135.45979008546598
-254.5730044612284
-126.57626561591927
-113.82550716436197
-118.84501943490051
-0.9069595369363463
-5.596515562697918
-250.04940385850352
-122.72011067050472
-124.42087703695965
-136.83140089568502
-137.5977034725298
-141.48469044188252
-14.107884961027528
-137.89457905588304
-134.22614197139015
-266.5856358394504
-253.77730970638797
-238.82486482142374
-128.04092785337406
-331.5375436877098
-115.45554146306333
-127.23962642548254
-368.97537158904044
-115.45482362650827
-131.2477731594005
-134.55089081739897
-235.4115035656839
-0.2714438976191211
-264.2499234969693
-268.39093616252177
-136.28967185684016
-248.0124214553128
-8.52516216452522
-1062.2307179552781
-918.8510842363584
-389.95817414952734
-139.62559770636364
-252.63683356597545
-5.215670232177592
-115.92664450337986
-135.241258213792
-267.65925534037933
-131.42876011588768
-132.79584818868003
-116.27571887827139
-131.13084897583676
-284.7707313905354
-128.91925837030254
-250.7137110270775
-124.95628119470999
-128.29187358729465
-136.45380269020745
-133.4581911800687
-117.09331048836218
-132.1590301974891
-0.34486870901213
-115.5366967647791
-133.88685887392958
-134.6945804153067
-117.02772080042409
-131.7047342410463
-246.45839191259017
-127.7021677945597
-250.98747830191778
-123.71628322293574
-126.97819946347654
-125.53809948497633
-127.31086706976927
-126.38689573879509
-128.24510356402047
-241.5271196413077
-118.86630870555241
-124.00713164440931
-127.44767220970313
-235.84260396482637
-4.9476278948578996
-130.93555089328808
-127.13002374134217
-239.36886439402957
-241.7786505143638
-272.49979665517805
-1.4724301574051177
-1.3605039277829165
-123.33064270645046
-1.9646254929023481
-264.0539842201662
-128.2325968353832
-115.88810704855439
-128.66959047100053
-3.292056548900683
-119.60559876534901
-129.57957586507865
-233.19967513740178
-229.01241935988534
-262.72874231213444
-127.72329563434404
-0.6115668962464388
-133.17090951398987
-1.0426803502028505
-236.06544837528241
-242.3993596526834
-116.15770134960674
-246.43289075932503
-231.03434080761718
-1.0164018388084652
-124.45237229619262
-127.10573049448368
-117.24359703999136
-1.2720001630786548
-345.0776761098453
-126.27928610081801
-126.69243271120722
-132.05079354592252
-0.7327838564840683
-244.6884598958104
-242.35903890354217
-121.01221007911418
-126.62191524157569
-261.6441525503832
-124.30465414279226
-235.7932943465763
-131.10749308570217
-133.1558957165545
-253.540012949245
-130.10940380762023
-124.17781872443871
-241.9154782953756
-127.92970347147033
-257.83744510555863
-16.82229754436789
-138.8492865412789
-134.49478192626978
-135.33975713810634
-143.1322057875361
-137.0472772899263
-129.4317329696398
-135.5197054042595
-137.2425660054317
-253.97423346325647
-12.282424211567566
-12.52156724418198
-348.10828859275836
-244.13901799804395
-474.5018887232889
-127.12998986079035
-114.7543673006313
-135.22846467745936
-133.95257153012017
-19.768500714901872
-144.20356522850653
-135.35946912460426
-146.65093904422227
-243.058515738081
-21.858559142737615
-152.1524060894437
-21.192814185624016
-146.10331562567498
-151.31860970402286
-286.03462979200685
-341.644582938683
-138.53091727350989
-255.39633536898603
-254.56025445437785
-139.78278636813417
-128.03018700249734
-127.90146474425933
-6.290331392185016
-135.38497566743635
-123.59190275889941
-144.68906682043507
-342.75939619601337
-128.59187821175908
-19.728670624750002
-139.53222738652983
-254.03220997740002
-149.40690419754486
-126.72570176280466
-127.72686302179078
-252.63598638953928
-133.13369092622992
-240.78756008139624
-134.15176745504596
-236.24422452489645
-130.6058430317976
-142.68095955018833
-141.7987351064377
-130.39591007172373
-135.51289711379422
-252.62704740938912
-244.0971907109766
-276.42859375730353
-244.26703100234556
-131.77924054471117
-137.5589402405288
-126.02603350667334
-129.47912452801248
-126.91410005378786
-1.5061381981325892
-141.46435736807112
-137.41812141226941
-130.54706439157894
-2.511450172346274
-315.5597675213187
-384.56176205020705
-4.45924351613698
-122.97064431596162
-2.166156479874039
-346.9829183788201
-246.77893946489607
-1.5527508277720863
-1.887970202843769
-127.32582244101522
-126.97746133297215
-1.2942644436134711
-420.04982105104216
-2.6661696045526564
-133.43611145858776
-128.9415519273525
-129.13606174196894
-0.9508609324063494
-133.26758272012484
-135.5424496161786
-133.07451372587758
-128.30087336999955
-242.80295985332222
-132.52640686513328
-132.77358491008047
-0.4982340386241777
-135.07669542387728
-265.85498966949774
-398.9642537008815
-244.4803994400939
-130.23767590458206
-238.34124967989615
-134.42799724820898
-0.10081368923866474
-238.24524826086426
-422.58037931915334
-135.02712395246317
-239.19601965126944
-1297.8220955662384
-0.6250920685953197
-0.582833252042999
-127.19301913201284
-418.5556854318052
-398.67697657781093
-129.1354976202787
-131.99974607940877
-118.16951069490376
-132.81192309035154
-131.27090217082758
-131.3199616064847
-271.6354397201141
-118.32717383740547
-0.5616385977894629
-243.25218156350496
-119.09874417009347
-130.48774691746138
-131.00196733366775
-237.16241279248197
-266.0894682549605
-128.8926142159136
-3.2247451979128674
-128.2804440904362
-129.47736302946865
-344.8286862027732
-115.64741592806851
-129.60742393638807
-240.57060971427828
-126.3476341107314
-2.590728568065453
-244.85927180080662
-117.53761612228536
-374.4357482842362
-258.2082789138703
-125.16369109319898
-0.6726777734646784
-130.77033956887084
-133.65906778151918
-360.87635922708597
-129.1315334141892
-247.06185244745296
-916.0059069676192
-129.88539832807948
-126.3314336463984
-250.6469475720206
-132.2857032869891
-127.67281848626233
-126.11150428861852
-248.11099602860824
-262.09306131295654
-265.02983378180113
-132.89344471673093
-245.36491955634864
-131.08831343230253
-133.018126503561
-132.93550243306296
-5.098740079130569
-121.13541943453933
-130.3339704532648
-332.84199051267154
-138.41388787417804
-9.931612611056016
-272.8028450703423
-267.65705134011614
-416.8219091799027
-136.2036653483653
-257.6943530111935
-127.95605600830426
-242.44836969581607
-258.8549071747844
-4.537954220398192
-128.53654250560638
-361.2903446348716
-130.56530313371073
-135.64046353579485
-125.27194155891189
-365.60339630063834
-264.6513356791736
-6.418616599748425
-259.29562544102566
-251.95682115511676
-257.12380574327517
-136.09663054508144
-12.055134546821193
-141.5650108022691
-257.47783895096757
-143.8232248273932
-136.69687224227488
-331.61271517145417
-4.41986326853771
-4.780466431190007
-136.75018980564937
-247.1930699681625
-134.4221507237526
-249.85336134944632
-241.1271438433464
-274.51241844921486
-124.26954367181898
-246.47247816794587
-137.80619013346634
-246.56757887238422
-256.66993416775307
-134.88401873163608
-315.3177079327001
-126.23561567655219
-132.30865788579595
-133.75920602549465
-120.2936650626279
-133.0254864402616
-270.47538097872723
-263.3831274572177
-261.0328919085903
-249.5436911801348
-269.50254975065104
-236.57692290386615
-128.33784413471153
-136.99992274577272
-134.32081764849167
-3.8389748298094375
-115.61021699091982
-127.2969112516753
-134.87959363255825
-125.96898843666428
-133.63729164424257
-2.4818958028250555
-115.16996276662805
-257.20817093586396
-134.85028863141122
-0.5601271958006601
-241.32159119265378
-229.34214784156438
-230.32277265958515
-242.81318423916514
-2.9738230081588224
-126.96424606101934
-122.77643039819318
-251.24134702750592
-255.2857929981846
-257.5061683707749
-138.76637570290063
-261.46532843345705
-2.0167458405507785
-246.03853089467748
-121.04231213419025
-136.91900136239212
-310.80887939018567
-255.4712142227592
-259.67879108489973
-119.34056543168943
-124.21036608545816
-133.07004091226648
-121.79356516606916
-0.4861451351390175
-129.37558796639348
-238.94757474296637
-134.39849110659682
-120.07578095546289
-3.3966021750743582
-127.33268970817281
-0.6853629697903587
-125.32512175071008
-1.4703857171314443
-242.40986270452345
-138.166860591522
-354.6040442081097
-248.39328689392693
-373.7408669611242
-131.06043666245532
-3.9617659224513924
-117.53207895588817
-133.12402099143338
-136.640286965711
-129.81114887757752
-304.80415812238846
-121.74541679741304
-257.7501182283539
-1.8831342303796526
-139.56007124575063
-232.21907615875168
-248.0104339469483
-128.30660293044184
-113.78552263796476
-238.78602169139378
-135.13468269345847
-4.2089549193187334
-135.18816914796594
-141.2984976360507
-127.27858643783225
-227.99212861968766
-334.9211045378942
-261.20910775480525
-5.890290123816422
-127.57725179966805
-118.69315061916538
-2.922427678369493
-248.4381427672314
-134.0372707504776
-1.91548152449193
-132.52105327192712
-254.83268560898387
-124.5471737756357
-132.0928162379478
-268.95628718071356
-4.522065197241334
-133.36153826842562
-128.94808741269227
-269.7871338710016
-116.71806196518777
-126.36599171238724
-120.83495897108394
-135.3221086512667
-134.95315121696578
-138.7564689285018
-265.84986095827855
-247.36983616700445
-334.3645983293357
-238.267471229598
-126.22739327650858
-137.06676003938563
-138.16885434090207
-248.14782752167497
-237.8720965037038
-128.44710042706456
-141.28789438737707
-126.01164140229477
-132.89084598206307
-129.52386051024754
-144.10117228548
-8.241738930467351
-245.6488192941032
-238.05589096053652
-242.14268425570535
-268.52315606743014
-119.38771981628692
-134.43848412352278
-134.20143373884852
-923.9613922184093
-898.1322642569261
-0.6092329688537843
-133.38111350230335
-125.17834110473838
-0.37134672065924085
-126.12367427520984
-122.82370656163639
-131.26483915681948
-270.0856745818038
-391.0088255384475
-122.32393206293875
-130.34315823714385
-125.61293973223782
-353.80373898511516
-126.17159992555746
-132.4883113788306
-137.13877760360583
-244.85867266653887
-379.093987908145
-136.2172454735462
-136.69987953045737
-269.17198561113
-2.028422083375492
-554.3209891677055
-129.12910004695695
-265.8738874510361
-251.90491445657742
-265.93298516118676
-136.10401630959407
-243.90898329061727
-281.4868828310547
-118.5942313454629
-239.38103666451252
-137.63380743684684
-3.0511252239164945
-2.234503058512921
-139.3381999732596
-129.7384938820832
-122.17529103506726
-123.30055238842192
-250.60978991465797
-377.7826571644251
-128.7349968476287
-365.1501338179757
-129.5188063291474
-129.80016827343778
-376.4630678055431
-6.093546324879037
-135.42445714921033
-140.17363740605595
-139.21846242234182
-131.3515252279677
-265.55561006447965
-479.9561845678002
-377.93151447309634
-354.934292108552
-123.63289824584493
-139.22937812030716
-393.2099610728943
-139.17169745484742
-3.0754068970586004
-139.96414152145576
-298.10184816890705
-139.43037421696621
-143.71323034406907
-357.57096792959015
-123.02413792247026
-117.92870029164764
-6.646229685773768
-375.1026864310739
-10.562035218281435
-260.8111908046154
-257.3717676991612
-145.0607539939962
-386.17772632088827
-129.15753333775785
-144.63371349214927
-266.16588659842023
-142.9075027134748
-258.4496123500475
-374.74899137467185
-151.61256275012232
-143.16409315464455
-269.21733168079857
-388.6144120116348
-256.54259918253626
-382.1688006433838
-249.70473229230552
-351.4630281536801
-132.6667376076314
-1.9616164629243593
-1.632514849637584
-238.20787355497674
-7.775101778717969
-134.20275667385843
-119.17021241307106
-243.5354855555078
-250.7382157198367
-254.50056755886553
-387.945947456862
-3.2682070374303698
-1045.1969359777668
-735.4253783633093
-1076.5059033893233
-240.1100696434358
-119.49294244429683
-139.07608717486778
-143.1768213849478
-117.09107622154632
-124.96346544479759
-238.08819365605723
-19.043285490238226
-139.08802500074654
-117.2747001913367
-370.36619532222346
-249.77524931073762
-235.52449382436214
-125.24575555152273
-0.5198435524089483
-117.39019723116061
-380.24744579197693
-121.4446472382875
-1.4794412803477395
-115.12867242391212
-125.75010802387862
-128.3140028048105
-127.84464736026283
-129.05153762428935
-133.14572465277703
-136.04299989717535
-116.63414908078818
-241.630168784665
-244.3296220720275
-130.09469358961374
-248.1100819444533
-130.4898828105363
-126.54866729648397
-125.0065737153772
-130.47622558461129
-258.9110122426228
-124.12635288991211
-3.1280591635458657
-347.4492185496987
-232.6842954951202
-129.5232498453167
-234.16377423743708
-125.68582852281904
-129.95615147357557
-254.27729727687142
-0.44312909916564436
-2.859259641749352
-129.81400593354238
-261.1873954712813
-121.21405358971421
-2.2194765440178097
-367.86237211777706
-234.84273055928804
-259.3272657197819
-241.39828115766468
-117.22270816721102
-0.7600018227834899
-236.45857713113352
-260.9668560059989
-294.40093623472154
-132.98179017797898
-254.61724090631031
-128.0985323592453
-115.95078322833258
-132.00433123348355
-131.78525011247976
-127.7744145452222
-265.1793358092916
-377.0356671548036
-121.71426611419626
-121.43977741048361
-1.5533655764271115
-114.7890886573829
-126.57914203549211
-2.898549338245781
-270.82344548185284
-249.46493404861252
-123.16202291429767
-125.11525661273403
-404.9258287125463
-376.7515062204766
-261.21495439911774
-129.97087964870823
-117.52805074139756
-238.27698510165075
-128.90960887397108
-243.79310299694
-2.5559600661282578
-259.50587219444884
-233.77919647239452
-118.31426141471078
-120.63935296924713
-127.23650904557567
-240.72579431539737
-1.6113578504603332
-115.98905660461678
-130.58550821053922
-137.00282861304484
-10.874308882539196
-120.54410409686196
-242.9210711114892
-234.6134904171914
-131.59314649090132
-126.12990721867321
-129.88007631194898
-115.57140533558912
-4.531421256390196
-135.82112303395442
-121.52251613008407
-240.47437061917034
-238.9300813210773
-134.21413128380323
-321.7663709870919
-129.1172207585081
-339.1284611757743
-248.339366091329
-136.84662169622453
-134.00608270629294
-359.90544843826143
-7.570116759978049
-116.96176982232416
-1.8670910799435645
-130.64409740713734
-131.9237530596133
-243.63175645677978
-2.067293351999242
-234.56049098670357
-131.5934891600282
-132.09703863892844
-123.79569310118967
-5.5702638375551174
-243.12355737997174
-247.42571851951953
-119.24774863266558
-134.29456840533672
-271.0207655136646
-4.659369950772964
-126.37195887134924
-118.94497644476697
-420.03330647532715
-237.69778257184672
-117.36558015088227
-384.01497407360245
-329.1181195783965
-3.3140233601884503
-132.34146254565036
-131.68406541371496
-392.8593248015956
-125.10766478094777
-125.68673738937723
-129.5793274333618
-131.42544264251393
-344.8902314621163
-127.64861101038069
-131.17563091679162
-131.32763095588575
-134.82011928279448
-1492.1468133883056
-130.17972128034407
-121.22150607133432
-253.6788780433923
-118.0653575057607
-124.49035929126256
-118.54360939310027
-237.81114631126962
-127.19104292957401
-379.73919489425174
-122.05363120785884
-126.5297085134197
-129.2604082282412
-361.04508776014137
-125.86293238588287
-133.29361878025117
-120.40367869134421
-4.884417840704312
-132.11067072980387
-131.07861293282255
-122.69281592178044
-129.03772421713504
-129.70059867772792
-4.371130356599845
-250.68595245802985
-240.04063479699622
-232.01456693046686
-129.7141720057131
-5.0380404515882224
-123.40636239120042
-2.7089277449712945
-126.56948712536648
-129.35147116852937
-329.8600022380834
-247.8192114374801
-117.15271678561024
-7.440417289958711
-134.63466572199735
-126.04984024700661
-134.28383237399973
-121.83778529735879
-118.32529323674068
-130.33206151200457
-117.86194431990138
-259.8863376557775
-5.442148602588665
-240.21787328689365
-233.4428589965288
-123.50373200582871
-126.1038472298893
-123.15807788682206
-247.0224539704258
-258.29562883177505
-383.34837538765964
-126.69354608339232
-133.57300694825554
-1.4174154484874968
-124.29684234535902
-130.91029569096827
-131.07001995329077
-234.44431899840748
-252.82226087607458
-279.45150791449737
-129.3999040641667
-319.2421217366826
-126.21861605226215
-120.45582891394488
-124.5940222654931
-131.2120260439411
-132.22661902757122
-126.93183583897962
-122.43309899845954
-0.5911614123103626
-130.8027228418658
-125.68567691900928
-0.9855704571069559
-573.2110201050466
-1587.194305315188
-1247.876999742785
-132.18326428515655
-124.49542671398866
-241.14564333764469
-329.5482262606142
-129.5406218780419
-265.7675788352605
-270.96356422249715
-288.654295139701
-251.08953030175272
-239.7955572531915
-2.9986734921948246
-134.6000988206644
-125.82195174813347
-253.13916355948524
-231.7863781936515
-117.40256025850636
-129.4422473210567
-0.9607641275642719
-235.65541637032416
-128.6824015816789
-132.40250421785163
-127.27116648869365
-375.6471466111072
-121.76275498951465
-232.25488409785098
-1.7322913188158933
-128.01506003283782
-134.9542384702733
-247.3898940366936
-1.3132542563547742
-0.5369680811218657
-2.1781821092670404
-126.62173078011187
-130.32745466642945
-127.93022121116202
-132.3665351827182
-241.2992789496215
-122.1991517031772
-238.45182195970585
-127.88955226060163
-269.0173540488529
-132.94626778689093
-402.4259272262444
-1.7052003757883576
-255.55926165796384
-122.70684820076852
-277.59053185637214
-260.7470325918987
-274.88026895592515
-367.83338966868655
-238.70007137854924
-241.77714179995553
-118.3257721674236
-0.8897504579395783
-231.87690213839338
-306.150431727221
-126.00916881396023
-133.01340281832762
-127.96122862164141
-366.0214457575488
-130.65266519591654
-116.37464383029331
-281.3400566855967
-129.72376375395135
-246.59489411902297
-264.15409366493475
-128.70899744066824
-242.5998415034853
-252.40141530106771
-135.28571228840235
-275.72322991603255
-131.19061569937946
-134.89582665852504
-370.8305780744605
-5.066585298985658
-265.76438762076765
-124.62830625736638
-508.0458700236106
-4.6521147742802365
-278.6786992912075
-2.6984617025675215
-129.22527719785964
-133.93439731944738
-129.87216042444402
-2.540303451399181
-346.91733006066966
-128.6860791858192
-133.20936137629698
-3.985409316303855
-3.1126674558005987
-130.6312692772671
-127.04791649192406
-317.56378351863964
-864.4186775823687
-794.3300833389852
-633.3567645203725
-128.8876721451611
-122.85668838806387
-276.41574278071187
-131.728073768035
-132.95122679899583
-124.5497819258784
-250.5072239181354
-1.7764535162800474
-379.19133474761554
-127.37597168460474
-125.24331116881238
-123.95048194500835
-123.68268383317088
-4.676210760393892
-2.970536583520315
-132.20902420096564
-8.757020109697697
-131.95277651942817
-127.34803733904081
-252.70972359890465
-115.78517426964396
-130.72722694334743
-133.3745663869318
-1232.81046273748
-426.4015412013994
-132.21771005645732
-242.80947031593308
-131.43187965501963
-259.23168478904
-134.51868557201902
-133.25678001090063
-132.89531833350085
-304.30792326057923
-135.7275625470614
-256.53641004388055
-131.61521903586524
-126.95305073340134
-247.6004807331078
-240.1031112498828
-136.8618714536352
-124.07360421041675
-236.9445204537863
-140.723897982079
-138.5569314834197
-374.9813838729553
-133.77790708515005
-129.07265138388036
-128.98094983188423
-248.1120396187762
-132.09726881647742
-244.0310669735236
-135.34736102249505
-120.04232203624227
-3.400714836120093
-128.4541659917987
-129.5948250122366
-130.0273872485551
-401.2200973954558
-370.5730299451918
-13.603289941659767
-263.7445077461558
-129.555496396973
-3.2881838265722476
-124.74416790101087
-1.2743884113293125
-138.15723765756573
-277.6350553740255
-128.44010413229105
-429.4941666040069
-121.04029001457535
-0.5158594472853905
-4.682029726722862
-129.91220159859694
-115.15246955772433
-250.18106259565369
-3.5116811381771744
-121.0760514600607
-119.44633499397749
-124.9526655096033
-134.21981150176236
-129.54360705718315
-134.71358097990864
-131.5068152404124
-131.20760145550543
-128.5692335246374
-124.28559414523305
-124.69430711454432
-122.65396575857946
-262.04198801617576
-381.6360096631468
-124.6801865859284
-413.85844542406556
-124.32188075055139
-0.46244242348253184
-128.3248302196614
-129.83115485974116
-361.4244155584074
-1.3067759540933235
-256.43627925035213
-125.70930271788214
-127.293300957427
-2.6280095320287273
-125.01271020583702
-127.57411199779123
-238.47541261739497
-124.32480575595686
-260.2532253878542
-129.01602615202842
-129.08933542977726
-123.56152974528956
-252.85272320009676
-128.87484270893748
-5.501057504961856
-3.230761497864153
-125.85417775082563
-119.38669272185055
-126.47535764126745
-134.47521918048048
-249.7285899357732
-2.196111792612111
-248.6951609828752
-133.7704488947795
-125.29778006899492
-120.60498434144597
-129.9719795686886
-132.23119011424401
-133.14954975260403
-333.20180317119565
-126.58470977945699
-259.13894450358015
-241.42564941898553
-236.94285774777464
-128.832350510769
-3.5643917372251406
-129.21964943858433
-123.67741951278697
-128.46416337171937
-229.49455515957996
-1.9029004785678396
-136.474668350374
-350.0683723268395
-2.399793540127422
-127.96389082675051
-129.88500863112858
-125.71197236189276
-6.2515874622039025
-126.1956016960905
-256.5963422863101
-247.27509804759654
-133.40365395195363
-245.20803320794974
-248.25592025219078
-252.23002940354414
-133.63209747504723
-2.391897257547788
-136.3721197824274
-262.7405839319156
-342.0202958404209
-137.15684633362966
-250.13489353559075
-253.68423175928254
-126.8741624861987
-251.7478159668822
-133.30474231454426
-233.32580330946442
-134.8983294566557
-267.0849459660178
-135.79802040809372
-136.51434929479902
-258.4379190715413
-258.47139654099203
-380.45748355225106
-10.302540479096136
-142.96900943912385
-134.8579454852486
-262.56107044417126
-127.06719041841505
-132.87618879260242
-267.5800992158729
-117.71244757690214
-239.3460268916585
-131.65574094092906
-260.2185808345063
-1068.2210790622566
-131.97266219449565
-127.9454491547376
-258.10311856404365
-138.52388870562058
-123.042880389081
-418.92085115601395
-130.1887407114872
-921.6135791392429
-261.84377298460254
-12.942646183273121
-137.92699979945732
-11.53669419782505
-132.95102013600405
-250.30329360890104
-253.6325522403522
-123.43048118079659
-368.9418152119042
-125.90415059545586
-129.4997951319725
-245.3065345576226
-133.436993341621
-117.9701833225764
-138.05521304445097
-390.2623213885139
-133.13926013307776
-240.33308076947324
-132.03957092184217
-246.4450219497166
-129.27727223036547
-137.7234377680912
-138.6071350912851
-134.56783299764444
-137.07956433935527
-128.49407795032997
-131.839588132889
-124.3556464143845
-376.6762589493586
-131.11557259151556
-134.32256483162675
-263.1971238602105
-22.437913411704578
-269.7384578153133
-141.36653257650312
-143.5809839346054
-251.6768783435076
-143.52866924876557
-246.8653997002365
-352.8599114467777
-244.46498689572397
-125.20759379745512
-130.337168301533
-133.547043359406
-7.237126440510114
-352.7809651524038
-2.9421261745709386
-129.63731559169594
-127.63338983872055
-273.93911185654514
-130.84889162362492
-3.3200721260671053
-244.7191951107667
-131.72957100817595
-257.7781125909646
-131.09644999295378
-240.4412217493505
-131.22303410474737
-129.1848681546144
-400.21777872140916
-134.87055763811415
-121.77416240768723
-389.90835032319166
-131.4591670928117
-1061.2918591789046
-915.7493031787308
-128.74318314703442
-139.55699407990483
-339.76676454487273
-1.4876988455419142
-247.74262610289594
-1.5145934800169136
-123.93620741618096
-239.86114265058558
-246.62698519742236
-130.01565935625325
-127.95827560801081
-129.27081544416123
-131.06551503291945
-128.33235856351916
-128.50163244503523
-132.28590376566638
-136.35244421328468
-130.11123163313957
-130.39755386652686
-132.94165135085265
-128.32263498180112
-131.49088248459515
-130.02347787860347
-117.5286551847703
-251.5118871207266
-130.25981530732287
-136.0060647688007
-266.24678219044756
-247.34671437530204
-242.1923099696783
-118.7726994664298
-238.9881929069275
-129.59067512341827
-120.99111268722382
-328.952575471712
-1.4459691216357486
-0.760614769525301
-123.34205621581417
-324.39950454896297
-124.46789618986269
-127.02506644634262
-124.66619246778303
-255.70467934616886
-120.85028740088778
-135.65347555018718
-133.82015227503751
-5.6540828307105935
-137.4432193364625
-5.5909222115567365
-349.01756885854616
-243.58558973868543
-130.49266003638527
-266.16850944218515
-134.46223934905686
-252.34411235955668
-132.23089093249354
-127.05434704321158
-6.276481957578776
-138.35611531818486
-124.05980673498577
-413.194175477128
-137.57706624744227
-134.1208246483713
-422.2757747753895
-140.91428629033257
-122.31743897259304
-133.87095507166092
-129.47913042813204
-355.5934876015645
-5.6479184439198455
-5.321266644034701
-293.5498463128567
-130.0693869381321
-128.20727135405676
-5.592126756353998
-129.24324940893436
-248.1480939774416
-129.9389301181348
-402.7481777907845
-355.663939189321
-129.70604919296105
-131.63029243242988
-120.51429464259346
-131.3474194503558
-132.43008646422024
-1.9768127090708614
-126.1236138288232
-2.9307765088753386
-132.95407162943422
-371.6201276205248
-134.9881352777326
-131.64805146189153
-243.35338435972398
-267.89037113492094
-122.57943583990864
-123.37476284327192
-359.9729497823089
-136.6799443233359
-131.23101864981317
-129.79406475023237
-126.58710316028412
-133.5795032882263
-243.6954975828172
-3.321002424907345
-128.97703102477612
-126.8390451699513
-122.95162556087254
-254.98662177797257
-132.3444958325309
-131.62510534265522
-251.76518576120563
-241.30870680691163
-131.087579549709
-337.64594146039065
-127.64130756752083
-131.2085165394951
-259.66621252268584
-3.9788511988619946
-130.48378618659595
-241.21248317810264
-129.97018909147624
-132.81980609829978
-315.0221962067408
-241.9269973490908
-130.9954027415491
-233.41184990110207
-4.381098356496007
-130.1640493458756
-118.82400912809038
-132.44082583449043
-130.48404033326403
-7.519150870339001
-121.73476732437841
-9.705170589885142
-253.248003079012
-242.39727925198787
-375.69527962270485
-129.60906823345448
-134.30463038287735
-127.8737432080133
-265.0739367370149
-135.89113273876245
-240.8634552634247
-250.58376110635376
-123.69799552273253
-134.61607262142715
-251.3311103443475
-254.4062144312942
-11.641647897069774
-141.1916348350265
-248.31372675372614
-241.32953041499948
-121.2176870072853
-132.1744731074969
-7.443992789358481
-131.42992920808592
-131.31475060830752
-133.18458772973858
-349.7401943813029
-119.89300568650322
-6.870757001590684
-134.4380575659848
-120.20419217260094
-132.7481541314374
-134.8213158310399
-128.54873807643872
-132.15192873162826
-243.5311115712593
-7.068718007798109
-6.334561744616704
-134.47278884345064
-252.22888728447955
-14.537414881248843
-254.32832194483427
-9.914726356759756
-132.62893223679646
-126.66870296807309
-121.97521393063599
-131.2561825732696
-130.49981171726256
-119.08844904864765
-119.12148382739788
-252.5004609555282
-265.4778884678084
-128.84689719531895
-122.56230799821228
-124.13126641654462
-125.9319580947637
-279.68745432683204
-128.54137405698606
-237.8589343340048
-1.7497399993418046
-129.95367576801883
-125.19306317322099
-129.43651188246417
-2.620217849614224
-269.52909597393125
-1.5801091379417955
-130.48738458838977
-255.18791839039295
-129.31598470942694
-5.129998978996083
-247.8095578801161
-2.2818042594995087
-253.24899507949098
-288.07490099773054
-260.0204490296262
-136.29735036981376
-139.0848236441071
-11.467322970855674
-134.37988475141637
-4.000866835980854
-137.06773665810078
-245.41004661648617
-137.6153208484271
-127.1101804982446
-138.72592007841243
-125.62303974809703
-136.49312349419617
-130.00324444878427
-143.70921321607662
-249.90834877610655
-268.47849380093373
-132.779872185805
-147.99869361143845
-17.04850471904058
-128.17715397887744
-5.700336102846624
-120.7565131593316
-135.82381640251788
-276.3128667131788
-8.045438622650815
-128.5159371004997
-150.4682993756139
-132.81272881443618
-145.5964851365027
-345.4922641340356
-128.52898025288385
-132.25856407758081
-120.0058476520086
-518.7869883315198
-268.0186190731249
-140.20499358662624
-132.64396487870994
-2.835300136901906
-122.74321358772863
-135.8340982330243
-3.5260613064035904
-138.70805401052115
-136.8498381746877
-310.23034164642786
-1.4740585993409847
-369.96372274827394
-133.9952948352506
-138.28273487140748
-247.80152817155667
-8.51327234472569
-136.00284682438132
-132.74949928701665
-363.3390219434285
-270.8883615459805
-136.57680691576985
-132.64145000282994
-509.6752746796982
-264.53465631041473
-255.4617366418789
-785.3230638451645
-130.50693438287
-254.25489184620287
-8.575067805341043
-366.3338748361766
-122.21581266262558
-236.6418095984988
-133.2016060563117
-135.06729063207402
-134.63951808623005
-129.564747254709
-130.06560305637805
-125.98814473203913
-267.7280716284087
-4.486326177282105
-130.58682854803868
-123.13024282921884
-12.295598611200997
-249.7730475513341
-133.50313684535558
-133.75740735776043
-12.026361839288107
-272.13384482055335
-128.08600656995114
-135.96212758068702
-137.50996627618258
-138.45806120098334
-140.68821878801552
-10.68329986650024
-131.87049730392656
-254.99121844516506
-134.75463621165616
-134.64504982106337
-135.31094858615933
-138.95484576778142
-254.33475002591007
-132.92927442751903
-366.8522314655296
-7.20522161643137
-351.87392219990136
-121.20317311244557
-130.2922657282904
-125.6070080401929
-136.39935503515383
-137.75030208464767
-136.76697575108014
-238.51551018136232
-258.79258942356296
-120.07291083189803
-255.39919901808426
-7.619823810216559
-133.82144394271623
-6.236924049807552
-375.94492273367416
-132.3424754390723
-240.1585630098058
-124.09328306107426
-133.41186016123999
-125.63991488198798
-127.82840192801953
-125.1589833346935
-237.71361524586573
-129.9737549851814
-127.43257657508421
-130.57126077839092
-133.30988241928102
-120.97084331845589
-133.1474932435147
-1.7480691802139576
-352.69950236002313
-132.11547446111575
-125.85166244672736
-125.85805491848986
-118.2549519931639
-387.4944899709709
-2.4699268811550583
-244.19629342507218
-125.73157756872746
-251.49447992511742
-125.54182057378016
-130.56415209538227
-122.3359260627231
-267.06596543145906
-128.85711943834897
-129.52351378200197
-265.0287851815955
-132.25127871762086
-128.2183772669947
-130.40369618125348
-131.19755495230783
-132.0911724130837
-2.4011884853222547
-233.2225662875755
-244.87275850956328
-126.09259543586626
-2.175417030905474
-234.27104338349974
-133.47216386000332
-132.06499510947458
-256.6267049009117
-285.13891030519045
-121.00265763848108
-133.6833893032958
-3.313608979967825
-129.51276117818153
-126.41495731947462
-132.7174067687056
-234.0573807290341
-125.73122451919299
-4.34873204511094
-131.89302136775711
-129.13173397896
-3.243717118450156
-2.8386033710058665
-116.12233813651632
-131.21373697381514
-132.64373103947844
-125.53399671749658
-247.58681487974889
-4.5671965817342
-131.81156619233556
-138.03500634381447
-254.56051464144383
-2.6329924270395813
-260.0883063957058
-126.87464791349949
-352.9823591052677
-2.3814006481253305
-253.34195575228233
-133.51769650614884
-130.70166645538367
-134.33466498403075
-379.2061457542227
-133.0490069680729
-2.4263378716852446
-135.89574384995242
-128.684569740575
-116.87121737629484
-129.44968707548907
-246.63367236677578
-128.35144216758775
-134.0995976028159
-130.42258778343802
-127.39434137389459
-133.0516348983524
-134.22488582311323
-2.7930186739365674
-132.45116542482856
-120.6151010602965
-135.28065928659436
-256.1245852230375
-123.41280414159272
-280.01335165944676
-131.97239552062746
-243.69431718656494
-123.67689027756415
-252.72871929983427
-255.56264316200534
-3.549948772084965
-117.61894222471085
-132.3797733348873
-130.6994611206923
-135.73157518800562
-3.3023897213063043
-249.7511468213177
-138.53654403671936
-130.8048694751361
-244.69432093431317
-124.73217671680413
-138.0285268502498
-134.36731838477056
-252.5879314729288
-237.06314154245743
-254.055165940927
-1.4671775203462807
-120.98491955846671
-244.49841835167655
-137.4188357362916
-125.6423121388921
-133.9795223016517
-129.87635586770003
-242.352187724118
-130.6664181867047
-242.48216900293784
-130.14949600448165
-4.598364138990522
-129.55274360251875
-131.71027009637413
-1.3240447273853648
-354.18500241732477
-130.72887789005833
-135.8273475444135
-127.8948255840634
-125.18817096445403
-124.53887984616874
-240.87214963248377
-331.1541034307724
-120.61785067554439
-7.420404878343869
-5.283312481102835
-130.64198944898556
-2.206950317962434
-268.6971475482377
-265.13233311333283
-126.27428702908966
-267.09390785717096
-140.60753240064315
-124.85122055018722
-5.126324919367511
-132.2583305164063
-120.59520568419524
-386.38852533718097
-141.33510304832518
-131.25425670305216
-235.24098765832753
-139.5387317006342
-140.08677342945802
-270.65801586840433
-243.01357417005596
-130.5313799007159
-141.11635985090206
-138.14487941469227
-261.6015633970252
-251.92014816558918
-255.53110074684528
-132.89103524492384
-8.694792006739018
-126.02760202488022
-251.87500359048678
-121.81447298902808
-131.49333983329856
-251.1076462030142
-383.45580110164224
-249.88643726124909
-251.73717011442702
-244.20415170034968
-373.5598160976435
-130.02858068245126
-370.251203179964
-251.25519981912868
-118.77332130847299
-260.7965678759205
-128.84027167014446
-139.92243991341692
-125.77201875858792
-326.92872103057323
-125.08805602878783
-246.8243858084566
-142.58232878262356
-133.2303221407751
-124.00563528461545
-124.42008621712878
-328.08372502398385
-132.9119311934029
-137.11863547951793
-124.52274954124536
-132.98977867743022
-243.06435114410334
-123.68911786463156
-122.32895165225791
-254.6503427338417
-1.5039511327446362
-257.5252196497647
-135.402011645151
-119.57677578474812
-130.33122421854867
-0.6687974338030244
-130.18889870603968
-131.35666762863352
-127.42730916882762
-256.36182847834004
-271.98843164709956
-349.6324924853897
-117.00422470704828
-132.8132839345248
-248.97722565282348
-127.55623357244215
-121.99653142330172
-128.52405271665975
-134.22302429654403
-116.22837028465653
-133.44950179411953
-246.2253519884501
-0.591994804936648
-132.3577391486411
-124.19256397277093
-354.75702496349703
-254.1614514846737
-116.92007142002929
-1.4154032886691292
-236.62544029453832
-129.66817568778615
-116.82701185750676
-264.70273553732505
-327.8157549622598
-133.1963055670261
-239.04574606004826
-128.67843516401413
-250.83334322289528
-120.49792255590653
-133.02919240946702
-128.22946505828534
-236.1497574243291
-135.29766436131558
-130.7117207958984
-276.96461530901166
-3.6794510605236446
-258.92992592687
-362.8425078702602
-628.234423481022
-137.62444788015947
-260.13801207747355
-342.16484675647825
-251.91471775879273
-8.249795314386729
-267.52586432945577
-117.89451483586568
-131.1493617409387
-125.57336205208702
-3.37169236226157
-124.67877434805757
-128.31122536719937
-347.6051384264878
-255.46033858896683
-135.26628988750215
-3.4071135347862094
-245.14896923108472
-998.2826339246504
-244.77980649019835
-139.24156184853513
-136.49119590041246
-132.1181294921033
-253.38968187345523
-771.815189286863
-134.43047343684583
-136.44007783447555
-128.48276673870717
-245.66301248308548
-248.57199360900225
-246.47204227211367
-128.70135828361714
-127.62741960906995
-138.64378365287004
-6.037083847564637
-135.37802410830167
-132.6885084896338
-248.5675693444424
-138.58809396677873
-139.85561859507015
-135.30172124333137
-131.9214146633472
-257.8473749557399
-121.35919600880902
-129.4018268812457
-135.35648058103217
-123.83705345557257
-119.84524614013863
-258.3019801741915
-128.47195336707713
-333.1965840677641
-250.96295881864927
-250.02511340264275
-126.75023043315932
-1.5217140612574769
-237.79728900877757
-121.49788241863887
-3.227830069861457
-1.790821992403045
-131.82487167711673
-137.91868652726754
-135.3944193053108
-3.490800384811877
-133.54321355538977
-127.10106131580673
-250.98598991993208
-133.2720191547068
-134.43033508076832
-130.80304505813737
-134.46263968078785
-120.38962489206287
-119.16765671833538
-240.3466386038835
-126.89484943529196
-4.772105504933148
-267.1196059209129
-124.80758771606332
-248.9610500684002
-133.87396115967863
-127.91507943118525
-248.7383218606444
-1.2464474846198483
-125.543691581875
-129.31289625925615
-253.9893616997251
-0.8142163067068773
-3.0941765945608406
-331.85377661956545
-266.10474885570613
-6.519118636830686
-126.55063192661775
-249.34694134349482
-137.77591054230993
-284.2849082510638
-128.5974256695878
-129.44722801747085
-280.9295560960023
-4.88447491219195
-137.92702309958827
-363.90648478064196
-239.57705939625293
-131.276166794803
-120.23159674811974
-370.9271705642009
-353.0817194989017
-131.7069828919959
-242.26850795216743
-1082.186334815456
-255.38034213871182
-136.35866505767189
-266.0220341196435
-128.21432406962455
-245.3545863818578
-255.61273841201134
-351.78497944398197
-1.5015834323246031
-137.14014718221634
-1.1121750422887338
-254.47463159148188
-127.12252879904325
-131.12663844542456
-127.35169560228407
-255.96049414704345
-3.659960067745195
-130.18454646971227
-2.3448902493340618
-126.60601656707237
-2.715505873262775
-255.56837260653654
-119.37284255279351
-383.27943088818824
-132.41595795251573
-250.92301698112007
-1.7816390983935535
-140.22126150884435
-136.04970556446264
-2.611266740645539
-126.83673009719128
-244.8212893351644
-3.120606117024577
-269.6674607546938
-120.20973766625639
-127.92028908164906
-127.91614169045114
-250.0703718959385
-135.77230334805336
-129.04088000116312
-126.58507580595003
-126.47104249623877
-243.3314814900101
-134.1915890153799
-283.33803589336236
-132.75288308246394
-4.157345900112708
-3.1049992504291573
-132.1132862597736
-129.08775376607986
-293.1554991845884
-133.18164325646492
-130.5697242925557
-114.04810977709565
-123.20214455167513
-134.77976347123916
-133.3727027119595
-128.25500744100765
-122.73103743612037
-2.0807592287642693
-134.01701460685396
-251.7701416789651
-0.8687448693082541
-307.56795901553636
-253.9211865179064
-1.9656247172283954
-119.17359388479909
-134.07381084610802
-128.76818414197012
-236.1312229970225
-249.95768171133412
-133.18471127126753
-127.5556961521075
-7.604919802382854
-8.160506251993555
-269.529046057503
-269.7991182042649
-392.6757474010068
-3.285641289102281
-133.4878386157281
-261.12311962396706
-133.81088318139166
-267.05614002540443
-254.60434277641545
-116.98752453433433
-136.5992706381493
-134.91872511328936
-263.7528359487647
-250.48258412112958
-242.7680720770325
-298.37680963972076
-269.3857915190381
-262.05434864689306
-120.48130375451616
-5.5551040224730555
-261.05044878411775
-121.28562237548205
-124.18994837658458
-121.83022875543959
-128.00928720204664
-129.64448933240018
-347.54835115818116
-124.35110985743452
-365.7779608504396
-386.336132207529
-132.52681089758752
-6.580906348269374
-259.01357540774234
-262.2666542474566
-411.7722146227541
-338.22027486655395
-253.05744165628172
-299.5304062919414
-131.42099195166855
-127.04645072081848
-8.031481113199591
-133.86201383288372
-252.02928077916863
-271.9252194080955
-2.686143252922429
-249.32330008553103
-0.8616050667680205
-130.0889165986931
-117.91529710423843
-129.8821611060655
-1.45657220230461
-134.9111843343088
-134.18676780654428
-132.23001444965197
-6.282768569576138
-369.28580336345277
-4.625615825498434
-255.45011431957084
-392.99885176993666
-128.89253259081207
-138.14092450313808
-142.33759087852542
-143.91773449828915
-127.34881983234273
-140.61449966423194
-260.9822635583293
-147.26414185172948
-410.71727133110517
-744.1945563186968
-774.8052632090054
-260.785041271702
-473.0167082579286
-275.8991525600547
-136.1357176061268
-14.607298524890226
-254.01179839513418
-128.71572515581798
-138.71668071196848
-266.5476986592208
-117.81552888745773
-135.82114749073702
-248.90974407482636
-240.64624403852585
-134.8095791728625
-130.9855184091679
-265.74913371597796
-373.874163870106
-135.50293293494667
-134.58960008096798
-267.6932696856999
-241.15514323714976
-255.89428253241687
-132.36856253903787
-125.19201806912554
-130.1289235050593
-123.72955117987617
-136.21386448228094
-125.50436664188723
-139.15636430208642
-8.147891459135879
-129.36864251322993
-138.7766580276394
-364.2312003743763
-2.862780926777144
-126.97623265502273
-350.94577578214194
-134.8787424667066
-124.9540707837762
-386.65104952552537
-136.9265667219665
-128.45836446644554
-300.6501635081497
-125.77307489247022
-131.2166910745385
-391.8188771355965
-250.53296314411125
-262.7418842276459
-125.43866053043519
-126.36947691061943
-249.79276367786125
-0.9272616004389612
-128.3525682571407
-247.21205094727185
-133.85070988336304
-123.71140057655373
-136.10267751743402
-4.698126077091902
-1.6679285430435493
-129.36229829584164
-255.06794873414003
-1.5672430175202114
-126.09493897591085
-131.9911594382324
-268.0715683512294
-240.2578289429512
-403.37541060920125
-139.17909299295727
-1.4312184000714956
-127.38649174360606
-123.78961689302488
-128.58148447534356
-130.93196115972896
-137.53984392343557
-139.3156198353008
-17.68781147365372
-371.28912508805064
-149.70621938972
-267.25769790669324
-521.3696718933389
-131.52782123623615
-343.2491584541307
-134.2237241939248
-297.54208048385374
-126.49457940821007
-119.51325403816024
-272.52619913704
-137.40069837528767
-136.5154738082386
-246.01402798027308
-128.72265522724265
-249.7574129134721
-144.6538920252646
-488.28975982972173
-390.07000231496477
-19.818835416132732
-144.6183727917051
-336.549382916978
-125.50033772956057
-249.93448374189373
-228.7795565842224
-144.10712169346647
-517.9815399673981
-257.1804995851991
-268.83141289522064
-266.29288612809216
-121.70735975216506
-357.11596722733344
-259.3568052621079
-134.02341195220924
-131.758775781273
-2.219120200754002
-1.4597626373883708
-248.06540464859876
-122.49998939756463
-2.091899193988423
-133.84883399856696
-123.61060464930725
-132.6331264060284
-253.46193779821695
-253.62654328643856
-5.951827309199315
-138.46868035920053
-121.63700692623705
-123.80206394810952
-131.39741518318198
-4.415132413506503
-138.93752511632408
-134.20296575708196
-261.1582819067749
-5.357046473910767
-137.8498736291003
-246.31034792101366
-132.38501848018078
-127.33815671376998
-350.82198345957516
-121.10077958527053
-306.22254453527154
-126.00631967466131
-2.5775676739579994
-2.63428614930681
-130.54615826561783
-251.20872029267983
-119.45999800621425
-1.9924048041272435
-232.72160607702463
-130.05527543635523
-132.0820769103421
-254.59332968044507
-131.8950290020721
-248.51802083288953
-2.001091739385294
-251.31543757745897
-126.928208560356
-258.23058941546975
-132.402044382027
-133.10883048727175
-264.04182420372683
-248.74590007881142
-248.3095181760376
-132.7262131630399
-232.61975236332748
-129.19185843765453
-235.20000383539232
-139.8855720944705
-126.82145630938143
-239.53857489059112
-3.2172017011017866
-125.53040419525306
-136.71305674084374
-119.32415359215506
-129.2560477791972
-251.47717107029584
-254.56200757660565
-131.7681972740008
-2.138117640645423
-2.5794015792942795
-231.64695314036123
-235.54870345655777
-268.30347295862316
-126.411986285577
-241.8089638275485
-2.610765613729266
-1.9003213168400392
-344.96560867438694
-135.75128104285167
-245.81550791806438
-128.8200729436345
-238.99599756959833
-125.84040773976918
-128.92209409422634
-256.7206924326736
-239.0878937517711
-127.6424484283519
-302.8713800501129
-324.05965755932095
-141.57317418880658
-124.31249233186593
-235.0708393490072
-117.16110108613132
-133.04587371302406
-119.8767459641926
-265.6423871333527
-142.150989626993
-134.11366230866497
-130.8031137343066
-142.6076955827781
-257.3296373618259
-257.5533548633356
-13.367892255244836
-272.5223583619753
-6.082043213151251
-139.3513419277828
-144.24768578781084
-264.3844751073392
-376.19722053739326
-137.18718448248788
-135.94394946386421
-129.90087206593273
-130.18614135536072
-123.82490698507875
-2.004131051394859
-0.7686501258816354
-806.0624498395122
-914.7373987132244
-117.8947439801675
-120.64186388920477
-363.15095718518813
-248.26147979466097
-3.69834414241878
-130.06330092325243
-129.53568630808627
-9.35821877509765
-130.8295351461469
-137.69112236341513
-124.89113529608991
-8.55177161156503
-352.1342949201217
-3.636887517116102
-366.7479712715268
-118.30875927026896
-255.1200739087841
-5.0869975140013395
-129.34790800847898
-231.63213893376528
-128.9959282401572
-260.4996671704353
-125.47982394453344
-134.91739384094336
-253.68405529537264
-7.14504255570102
-135.16909994229835
-3.4863876192445096
-130.41797382648738
-135.84803462269923
-131.7421795316577
-138.35578613695355
-337.4667670711895
-125.80678921209864
-254.7368450524182
-135.68063557493198
-430.637088093441
-145.39194396460002
-137.75724494263582
-281.933071941281
-285.46070235144913
-278.2398486660222
-247.81368550857647
-6.069006485467935
-385.1855812267027
-3.320457021215434
-128.39576665654215
-134.8050224374636
-124.96929343160164
-346.0492014070451
-126.86322175986409
-379.67387981588763
-132.42867884820558
-330.3841321857128
-245.0326788549882
-128.2041262862511
-131.82981626198813
-361.11209811875665
-116.96255629156175
-244.0391404725034
-120.87391699909634
-133.0194883912669
-132.78605224383003
-246.63856189704606
-2.560385188381126
-373.5584763936224
-1.8914192436643222
-235.7743529282185
-127.42805044202495
-125.93990192154612
-132.27873997560022
-129.47037706979765
-127.75220464521556
-248.31867416097631
-293.87808893187764
-135.81806181306683
-128.0650553434995
-128.98559089705302
-2.987223324334732
-242.59990181071947
-119.01881441537171
-134.83199936417057
-129.22064422645417
-132.84105877575118
-270.8859026403326
-235.8287823600541
-245.89825633628044
-135.69744443194676
-129.9782881450398
-131.20470013286246
-128.6727216491609
-126.08833350696543
-360.2045059346973
-127.47662815082386
-131.7127821213022
-347.42979823859747
-1491.7711767854846
-1.790157802329013
-135.17603016538843
-234.34499362993427
-133.48408373361795
-127.10160491421968
-0.8969449764039602
-130.01874851778743
-270.9387726057477
-124.51793223576702
-132.57687186299148
-252.2141363959672
-1492.7563272692075
-257.5334950269192
-136.69088918686856
-124.90179395818035
-262.9207895949223
-245.61224439468282
-128.16324775153848
-251.33828459871287
-269.9192374584257
-270.24020842267663
-136.26109839990164
-127.14643064975107
-291.472178504146
-1491.9719103728748
-118.3759246178929
-140.9182580619195
-124.71744388606865
-0.8708181509530456
-137.47220706178317
-383.954250319775
-123.87050967177109
-130.6956834835625
-6.704355851091012
-233.2803446687822
-135.34712121296232
-138.14868423177927
-140.05441904141716
-247.74197342502322
-134.44838197451784
-125.35530856841926
-128.30708944731222
-121.13559450937014
-246.81160109900458
-284.6952433972533
-5.492238571643799
-126.35819990311211
-385.5669879684513
-128.59379603846705
-376.2381044540367
-129.89448934897896
-133.53092249624916
-0.284437316623706
-136.8894915653037
-133.0659268836791
-139.89491545727245
-261.95615947007695
-244.52778396510098
-258.4942643576793
-0.6832233201944872
-121.29357019556998
-134.40856384669348
-244.2476700437674
-137.63903954549463
-265.75140572084825
-129.7963795922248
-128.4742760410823
-129.7436641675272
-131.5016166177347
-132.95045685923333
-253.2576436090599
-296.1118544425189
-126.24692128651324
-240.90775973128066
-121.81629529619482
-133.0646613763442
-128.58295383863273
-3.4270389949908653
-136.03540386860513
-116.85431331583013
-136.00683625487673
-4.317270181542342
-129.5654678949421
-378.4752606717182
-134.69217227221156
-361.3479879813903
-139.60351761682017
-243.07624222188892
-241.46603534171535
-135.81602016233273
-323.73520425808186
-123.34374684133682
-239.45302728532428
-362.18601087802085
-138.180675191605
-301.72160828760997
-128.24765443796952
-135.04908941796944
-140.76548956108365
-258.9076670421739
-119.65344048851703
-240.22136725239702
-245.8157206094161
-129.596020244007
-133.1260608347565
-124.5055594361549
-137.35128695925087
-260.49941008128485
-237.25889433390995
-327.9949663243577
-256.982577029238
-132.2523676301516
-143.38859029570338
-1.8820781827994275
-245.33463262987044
-136.586948954534
-3.2898477573404774
-122.61963206984814
-260.6282425863539
-131.69648922930156
-350.0113917856224
-134.6541471533711
-318.1711755332941
-131.38314894037404
-127.97316849669478
-219.25224219633975
-4.356494072713595
-121.31536709501097
-256.6128263201006
-121.34578430838458
-255.13090608063106
-249.64565036415775
-239.35446480617236
-4.615499774916331
-120.01978540282296
-240.5673765475996
-135.20943562330726
-132.1492168462034
-123.94910085254914
-249.36805756701227
-134.98653674917838
-135.23267465030585
-252.63837820127253
-118.80753232762848
-1.8924396881876941
-132.60907398271453
-123.58746363914143
-0.4909513794951242
-0.8239765464036134
-129.30585438224273
-134.3986831199948
-250.71140750373874
-117.91386275805563
-248.1588628930868
-236.67083724809538
-1.690826824597443
-801.161610940175
-373.5641955224253
-139.54331367128938
-384.0105744153451
-130.5781217324701
-786.894394243945
-130.66055466640006
-247.5884383265362
-131.22665633042004
-136.63429323206455
-141.37581805169754
-132.4875937449494
-135.65222779555077
-130.33333532689636
-134.57114534400327
-262.404559560853
-356.84612513350214
-135.71373668156522
-2.5222607240573143
-1.3451059845238558
-392.5770617706824
-131.07635258030936
-132.84749632758272
-121.65924062371965
-131.92976655051652
-134.14956830300184
-240.99996119067862
-1.8794144106815662
-284.12557182785605
-131.65191051230494
-1.8918128876655522
-249.06752036230088
-138.6460728410379
-133.86287204963116
-120.57967090082897
-127.78888318114986
-257.5421645094149
-7.777195351399161
-133.38714296780097
-7.383927424770554
-10.471937722745578
-263.3062898913747
-8.239404657513024
-129.19803307456695
-247.90761999794233
-243.96590109569547
-121.8831149657224
-255.4528589806034
-234.09416036095118
-1.9203012835181261
-130.3003450318826
-246.0754835185346
-245.01232368704532
-122.93560492034531
-4.652140184780077
-391.1393057309535
-2.336508626081208
-426.16383882160574
-250.21519309555134
-132.25060945510603
-134.5990110973636
-249.3559880047944
-135.11608023915696
-243.95499929117852
-136.86597095672235
-252.10044535026842
-2.4443745854811687
-3.4708515879780046
-135.46255920842432
-253.1921739986702
-130.61335380184184
-122.19890102583915
-136.7757393509783
-130.22337942766762
-243.91168568322408
-244.6491658921465
-381.1893643009667
-136.89133528559657
-128.09749008719035
-120.28451409119089
-126.76989393561296
-248.4062061196902
-4.408501399157627
-305.48231504848303
-130.07083945703593
-4.91059158263274
-7.01940077214867
-807.4265508422272
-350.7212393974487
-118.73058474311708
-355.88161906844965
-116.96954071594777
-5.8882154421121795
-921.3463833711942
-131.2736369994176
-235.48678734411794
-1039.203997418682
-252.90159549702042
-245.24708645191356
-1131.639492256788
-1102.3448834776837
-969.3818328877941
-1491.1519984890442
-130.99529638030165
-1.5430694157863707
-129.80007893475687
-240.03429890146157
-2.568506772293087
-2.951956766912755
-134.53268278719725
-129.86311588277928
-373.01063587233585
-3.3791369077603512
-260.0788761983983
-1.965784207489522
-2.201367775090354
-125.8358434125581
-251.25611984514492
-119.24397627067135
-119.44578578514755
-135.01453573678648
-1.8430817445390144
-445.96683512512953
-121.50529427117236
-118.13218706037216
-268.03103236892383
-3.558709676696516
-133.57604855176285
-115.76721376023772
-133.62152086001183
-6.389639098231752
-340.1746200119922
-1231.4446204476706
-1076.5782655764997
-865.1755522873472
-885.2060071630802
-971.934353238404
-930.3216037401388
-241.82301500643726
-135.73876675226063
-135.21004635102906
-267.101312163446
-262.75333755958167
-239.84995990150568
-261.1608080997792
-409.8647008019277
-135.8232002441528
-125.1464612479665
-2.967787603006909
-131.76534685848318
-4.964400086705223
-401.9508825287043
-129.79372434912648
-355.9698343779344
-268.1710681441093
-132.49877078727872
-128.2003258787712
-133.50351297285374
-265.0719775846102
-133.47579650300707
-131.47739922998042
-4.107013658862777
-368.10913117180536
-254.53022653153795
-128.92308933199058
-125.99608598171046
-5.166281920831053
-1.9078095406331046
-255.80083153259798
-245.94481160458375
-132.4836815412145
-4.158379434930657
-235.70229695587
-119.84595151667524
-2.344511456919858
-253.27160376432028
-137.8454188757186
-122.12596583130352
-245.54777300148316
-132.16361531033252
-262.58439263037025
-133.62444154853242
-354.5619271382195
-129.1081360514067
-238.28176257738508
-129.25852336372972
-4.1038077588918265
-264.3947191779928
-245.8502402671433
-366.17082447531095
-139.77441556665173
-5.970870527329518
-261.7610494037357
-135.0694571029757
-3.4485734968688346
-262.75516232391186
-378.7258559882536
-487.6115592243235
-127.45926198082086
-358.05801893934256
-131.95587713631718
-116.33610640078932
-234.4220919836177
-359.8657993030637
-395.8468777311604
-132.4708931233524
-1.872149431102361
-122.94523385052314
-228.32385864978045
-258.5445628104904
-132.86568767967535
-128.66722601174862
-1.7222548150206887
-4.210226175932805
-244.48792047425593
-130.10193368129373
-245.4094236163862
-1.7086877648825962
-238.8396044281941
-127.51115469653301
-256.33605601424455
-132.5202460670489
-246.2380517320776
-127.90006159718895
-128.83244075872236
-123.52242091912348
-296.32635932858693
-130.6295095872583
-129.06534709566716
-262.41981345565694
-284.33036733928856
-243.52508028446493
-393.10600773297034
-239.82544333227315
-128.20192709016
-122.6568216925181
-124.27075187490502
-128.8447797397803
-125.4396466051942
-127.49382295808664
-130.87301478232126
-128.91020419037963
-133.51805130373418
-123.67007552244186
-130.45289977358647
-129.01424663823738
-134.7302890286097
-128.10259240695927
-4.6171441599219225
-130.43958135084094
-133.20895657839145
-267.89667101079465
-264.0113191572967
-115.56146220593101
-244.7077545060387
-130.4343689094726
-127.36965426804642
-238.88336582701638
-126.35728481544986
-131.4240028701275
-119.1183658565973
-124.05396718406789
-3.591825020279267
-1319.0870514197334
-132.3797957782454
-1277.833374041627
-2.0297728109042694
-128.44267281818117
-294.506900314351
-121.73589005342237
-1140.6499300914274
-130.30277185881656
-115.2118663491052
-1070.8827489592995
-833.0736894230826
-115.74946908432281
-246.2875166613643
-928.9042743043104
-126.4798146369193
-127.01517199361014
-132.31171466710245
-916.8561400975868
-15.190267692029165
-127.33384752000948
-641.5675179823683
-127.32511049162079
-128.19011296146556
-127.40734203371275
-128.31628528520446
-114.45781967612479
-242.18059949979946
-129.7856904766215
-259.2433318054573
-386.0756439343166
-137.1194814304662
-134.8093430161395
-127.91329373475331
-277.8345237041858
-134.02069955142383
-264.87585229287663
-241.04625555907086
-136.12025621145744
-262.4206535792724
-135.99084162749705
-121.80242890992241
-348.32998406582783
-134.4325799214046
-260.72585931064054
-244.00666166151072
-123.78112130156761
-123.24011302310497
-8.914943554720294
-134.6715995071884
-256.01964794506813
-6.686351764646008
-4.448965466319424
-121.90950761351482
-237.62775729989443
-122.9717446460878
-127.49548202232394
-131.89158030336753
-374.36915975287445
-127.3107143291019
-377.0062837193765
-129.19545036623762
-126.36406832939853
-3.7210894397431686
-122.71730073735412
-335.661329232918
-135.7184377074625
-6.724278773963323
-235.06589313160848
-239.0908108703259
-127.45830908206626
-125.04236103607035
-243.42945659247175
-126.75913735920747
-116.66243346250144
-130.10115966818395
-121.1702990199906
-131.42027119561305
-133.15854829301537
-226.4589275180641
-269.36271868822877
-129.94701823964294
-259.51572086381924
-268.95142891622106
-9.588082100660412
-139.35546384722937
-137.1468730786236
-134.03164290161467
-134.68728386236484
-136.5462371886519
-343.83042164849286
-135.44608383939854
-122.05578398699531
-137.69868850428986
-138.65087703478113
-284.5868279427227
-7.5037444594373905
-243.75150828747505
-137.59448983001678
-274.72839727639865
-251.77127871344894
-314.4588137586306
-135.14671235977903
-132.19738378633016
-244.18537252226707
-129.4555051640254
-132.27239710885095
-135.83629234040106
-121.02936920628207
-136.0435951680131
-353.17179685013696
-251.93140491841675
-335.73799427775543
-5.400896160175105
-249.40023971836678
-131.1908433953949
-118.40185696751014
-338.3879296110814
-375.40864066235497
-132.14229404537153
-133.96273542203787
-126.01852675283254
-131.0140158596365
-135.4018178401929
-126.63883609400638
-135.28968821143465
-136.4734525582883
-127.47227274621656
-134.66460869277654
-135.36625057682852
-231.9973730471783
-127.3974874975058
-2.569957642793725
-135.37976200697173
-121.4372436060785
-3.68619819259749
-134.57148738556208
-126.50059726555784
-2.141548874546555
-242.77824323255297
-241.21604080714775
-238.18441598971756
-265.4005953392495
-130.4117665772608
-128.96384475194245
-125.88664923862814
-256.3547075929681
-136.01250523009818
-128.8739867345587
-2.262776401246772
-262.3202538285134
-241.9995629447239
-134.00214722516358
-127.91612030971919
-3.1836385247405685
-2.966108865295512
-238.92266170294272
-246.90724162474956
-129.96714386481315
-123.86904919177438
-374.79801567654795
-125.1539415635539
-248.5912136943221
-130.6240520219451
-1005.635778815614
-1062.057475167466
-127.13737720349111
-130.04347785349253
-1045.7325749993345
-1.7195484737994573
-1.4856814450523932
-127.65042837216602
-132.44528309705558
-234.74401505973438
-124.47111461436545
-1.595174363122844
-389.8573234598546
-124.84306932923353
-116.5930494629309
-243.9112467878642
-116.36396965008761
-129.204098237563
-120.61292648112095
-128.28963777909033
-262.50438930158913
-1.9938277587434836
-128.2253325871127
-251.96416446387573
-239.3210628992356
-248.06889747728798
-241.08152946127984
-246.92183036648916
-250.53115725441003
-120.16846006174585
-129.70436431770247
-124.56647366661413
-242.47672833936457
-129.5907399294177
-125.00817874663785
-123.86218793061676
-3.5524088747315865
-130.35656746085363
-121.30109810799226
-119.8813947092109
-229.63299532817675
-2.7333270156876335
-3.0313950364684072
-130.6218852974706
-126.63493640758135
-121.84712252932265
-128.13570142981496
-127.56442083636892
-362.3365363395885
-233.37776729710512
-2.5250531877813223
-356.13689590107305
-125.14615026244307
-248.3475980246793
-126.64022997198927
-256.1141382601537
-116.72677203317686
-1493.569941515159
-132.06141669295357
-130.35681088352192
-264.5472224774759
-372.50541612197185
-122.80066224884567
-4.274283410156991
-120.82171235646679
-121.98241572469324
-2.302870992389683
-274.61154733158617
-118.0637717047035
-244.33557647967734
-116.48429991607206
-2.285024603604431
-117.77561166751192
-290.6205079508764
-4.441864409429927
-3.5940924434685333
-129.43320777514992
-127.45978748794535
-252.2260668826509
-278.3362598997641
-136.6445494957666
-133.55136723366547
-123.93291891873255
-1494.3782389405799
-249.3180283585462
-329.9497532120289
-11.86271512505617
-134.62058946430705
-133.44077437981193
-134.88660165859844
-347.00978148024143
-137.73460368489836
-143.20969048368522
-371.5514123015793
-134.80792245157988
-142.8993009144657
-260.76204792308056
-1491.9209774726023
-263.19042439790707
-141.89832174722656
-127.5147810153665
-270.06278919753174
-271.85953171017104
-141.63581186091312
-139.83687256222277
-133.36469905958322
-253.52042130192672
-347.6024461695465
-8.795947547385163
-141.44754445970491
-247.3480208594252
-259.4535749161623
-375.05452850747935
-126.00455415041529
-247.89472244257345
-125.47005071310862
-357.64927256242345
-380.0346549547321
-140.46220426070082
-134.41520272276304
-133.77571990822798
-132.1091195023234
-262.52305384071354
-4.888609899329239
-137.2990604128188
-136.46161200779207
-261.0710380018547
-780.6464297488427
-135.22610730333426
-265.15835273280004
-136.10998348051265
-7.86850890220684
-468.45406967645545
-265.42005445168246
-260.29997546895424
-133.5662043462641
-7.538529489425838
-10.239055326706035
-139.8416450174463
-13.560419291413309
-11.28231743614443
-129.72578587493308
-124.53176212639355
-116.65551127262248
-119.03410050179956
-122.61951293730768
-133.67881477261034
-351.68344091892277
-127.76825180552603
-122.15423261059065
-124.82348497151386
-257.1236088791482
-251.1604183449639
-120.56370502463898
-115.38673753777908
-128.01028803048447
-130.65106392747742
-241.33397041956903
-245.17895933169044
-1490.9609806808025
-130.14380559024795
-257.5178015066524
-129.03790797766993
-263.95069758024175
-359.9453283895045
-251.28283734198527
-257.7477326985899
-123.93557318113471
-225.73193628709194
-129.19861588607444
-347.17021814694687
-363.11728455567516
-128.3330539018042
-245.85446081994195
-128.0379551764817
-129.45695945711302
-2.2670142686521384
-385.52133972896416
-118.71620032494845
-126.42281092158657
-2.1065198699139827
-121.45915152547357
-368.63048680136706
-129.9692204790625
-128.99981701227816
-128.03581660939193
-122.42691065761312
-260.87419087666837
-327.2704030580871
-132.22187182196865
-127.68501155127161
-128.61288305407234
-122.58508854372214
-1.5258171976850388
-241.47655661610196
-238.8923121842869
-1.8965852151991869
-118.23069224660193
-126.36176706991895
-124.29635408972153
-129.4639012431868
-129.58450810062186
-132.88523620736788
-118.2662646300796
-128.59157992745398
-124.58918634753338
-260.9675164215327
-371.2698155488703
-241.78768786694116
-348.6883082425618
-123.56274719395192
-127.9496787734655
-123.42025937174205
-283.0330163652562
-123.83133050641116
-3.582586073429112
-134.2610223511614
-132.4654215551392
-258.4050931112752
-123.5628882202193
-240.16438771276444
-114.51828807572124
-127.07576073238273
-276.5305980538081
-4.57540982031673
-268.93231636979715
-245.70681689821703
-397.3784266435747
-130.1904556337972
-133.1624456680653
-4.355458780851892
-4.671052442274153
-119.78678205320641
-129.72674236846746
-303.9160568220514
-127.51239825943844
-126.2424778464823
-131.48229038188617
-127.63420546623685
-119.49462152133101
-130.79652427031104
-3.1343849523321143
-128.28027214750733
-3.185886551055383
-129.9131650026268
-242.99943499782879
-2.478664315171181
-127.40278411867597
-131.6177977156037
-131.09675701405615
-2.20129361728213
-359.28102367897117
-128.86845512762636
-2.3446227154454946
-128.02141934532767
-233.12815103080376
-361.31903282055936
-2.1847836566752474
-1491.0553604083257
-133.44703191045807
-4.33731735557227
-363.3291574029505
-130.36118183401243
-128.78962372660996
-131.0031577961388
-258.79864566065976
-10.696382852712013
-1491.112324234129
-130.8521264020298
-122.51063487203605
-356.22457698780903
-128.5122525593796
-240.88024718579462
-5.6068436251869
-125.69401436871112
-306.98020249169775
-134.87508080732334
-129.87592407169234
-258.03544296537615
-4.954136062526607
-130.6875401602028
-252.23561377365627
-789.4860341726668
-118.03716823466199
-114.84158530462237
-130.1284769994375
-376.3792419222476
-126.53176258141437
-127.34818522773752
-467.7247716196193
-122.8550882549577
-125.51292658293175
-132.6939602540054
-128.23944235081902
-119.62291031028133
-124.00293979022534
-257.79138816849877
-245.62646185271188
-128.46143452119327
-1.8059447830059385
-2.1954458915918247
-119.30626387944604
-346.8547145945807
-126.5998287338487
-129.4203953472097
-117.81799881880869
-128.08959512518487
-131.12401100646042
-123.2514684308527
-128.0916657108439
-127.78096690753277
-249.0745107493143
-1.5789454744065143
-119.54479548948595
-122.91783977498868
-125.09839615982533
-127.12365855911808
-249.87111315443104
-232.9192138303031
-2.332158292223696
-241.4500187650199
-131.58438130171038
-128.21093497359377
-247.18276954084706
-244.60535397094748
-117.79238272801615
-337.60898465419007
-242.78308108366653
-9.350370839926693
-129.5046507397952
-234.50849729173888
-373.6314901548819
-128.22969590962848
-129.2051713199487
-250.6354544306068
-245.0147164046988
-124.43450902867286
-125.20118985713414
-249.62866275100612
-4.346024237235377
-241.14388240735641
-371.3256465442403
-2.1519743436341137
-129.52565788981582
-257.8492225601553
-379.2945721079055
-1491.4972682357393
